,ds,trend,yhat_lower,yhat_upper,trend_lower,trend_upper,additive_terms,additive_terms_lower,additive_terms_upper,weekly,weekly_lower,weekly_upper,yearly,yearly_lower,yearly_upper,multiplicative_terms,multiplicative_terms_lower,multiplicative_terms_upper,yhat,SMA,Signal
0,2014-11-28,0.640764632,-5.52847563588304,8.191296611040322,0.640764632,0.640764632,0.3324695116164821,0.3324695116164821,0.3324695116164821,0.003928796736587048,0.003928796736587048,0.003928796736587048,0.32854071487989506,0.32854071487989506,0.32854071487989506,0.0,0.0,0.0,0.9732341436164821,,0
1,2014-12-01,0.6410112195958378,-6.175204188131662,6.740509887136268,0.6410112195958378,0.6410112195958378,-0.04913557627836643,-0.04913557627836643,-0.04913557627836643,0.06302283964515035,0.06302283964515035,0.06302283964515035,-0.11215841592351677,-0.11215841592351677,-0.11215841592351677,0.0,0.0,0.0,0.5918756433174714,,0
2,2014-12-02,0.6410934154611172,-6.740901727192115,7.171302915276323,0.6410934154611172,0.6410934154611172,-0.2071305250695704,-0.2071305250695704,-0.2071305250695704,0.04431353265983539,0.04431353265983539,0.04431353265983539,-0.2514440577294058,-0.2514440577294058,-0.2514440577294058,0.0,0.0,0.0,0.4339628903915468,,0
3,2014-12-03,0.6411756113263966,-6.165903376937598,6.709967490555492,0.6411756113263966,0.6411756113263966,-0.41833218165971886,-0.41833218165971886,-0.41833218165971886,-0.033337252191284486,-0.033337252191284486,-0.033337252191284486,-0.3849949294684344,-0.3849949294684344,-0.3849949294684344,0.0,0.0,0.0,0.2228434296666777,,0
4,2014-12-04,0.6412578071916759,-6.6454587968055145,6.769653994045727,0.6412578071916759,0.6412578071916759,-0.473248065017815,-0.473248065017815,-0.473248065017815,0.0386482653920068,0.0386482653920068,0.0386482653920068,-0.5118963304098217,-0.5118963304098217,-0.5118963304098217,0.0,0.0,0.0,0.1680097421738609,,0
5,2014-12-05,0.641340003056955,-6.680887884759936,6.8574136635244995,0.641340003056955,0.641340003056955,-0.6274770242456091,-0.6274770242456091,-0.6274770242456091,0.003928796736684616,0.003928796736684616,0.003928796736684616,-0.6314058209822937,-0.6314058209822937,-0.6314058209822937,0.0,0.0,0.0,0.013862978811345905,,0
6,2014-12-08,0.6415865906527931,-7.434272182587319,6.703518059022789,0.6415865906527931,0.6415865906527931,-0.8777426946666906,-0.8777426946666906,-0.8777426946666906,0.06302283964516849,0.06302283964516849,0.06302283964516849,-0.9407655343118589,-0.9407655343118589,-0.9407655343118589,0.0,0.0,0.0,-0.23615610401389753,,0
7,2014-12-09,0.6416687865180722,-7.312405177974152,5.772624152918383,0.6416687865180722,0.6416687865180722,-0.9824187407682884,-0.9824187407682884,-0.9824187407682884,0.044313532660087654,0.044313532660087654,0.044313532660087654,-1.0267322734283761,-1.0267322734283761,-1.0267322734283761,0.0,0.0,0.0,-0.34074995425021615,,0
8,2014-12-10,0.6417509823833516,-7.60529095582954,6.178322134379394,0.6417509823833516,0.6417509823833516,-1.1374702584456307,-1.1374702584456307,-1.1374702584456307,-0.033337252191207034,-0.033337252191207034,-0.033337252191207034,-1.1041330062544237,-1.1041330062544237,-1.1041330062544237,0.0,0.0,0.0,-0.49571927606227906,,0
9,2014-12-11,0.641833178248631,-7.022579684544337,6.449159492413286,0.641833178248631,0.641833178248631,-1.1345362738332934,-1.1345362738332934,-1.1345362738332934,0.038648265391987235,0.038648265391987235,0.038648265391987235,-1.1731845392252807,-1.1731845392252807,-1.1731845392252807,0.0,0.0,0.0,-0.4927030955846624,0.08384603980663297,-1
10,2014-12-12,0.6419153741139103,-7.126520068349659,6.619064363964645,0.6419153741139103,0.6419153741139103,-1.230294500392027,-1.230294500392027,-1.230294500392027,0.003928796736632184,0.003928796736632184,0.003928796736632184,-1.2342232971286593,-1.2342232971286593,-1.2342232971286593,0.0,0.0,0.0,-0.5883791262781166,-0.0723152871828269,-1
11,2014-12-15,0.6421619617097482,-6.960301117417262,6.073777395837609,0.6421619617097482,0.6421619617097482,-1.3110392148666874,-1.3110392148666874,-1.3110392148666874,0.063022839645309,0.063022839645309,0.063022839645309,-1.3740620545119964,-1.3740620545119964,-1.3740620545119964,0.0,0.0,0.0,-0.6688772531569392,-0.19839057683026798,-1
12,2014-12-16,0.6422441575750275,-7.768700708541248,6.261020655604668,0.6422441575750275,0.6422441575750275,-1.3638878832979828,-1.3638878832979828,-1.3638878832979828,0.04431353266010318,0.04431353266010318,0.04431353266010318,-1.4082014159580858,-1.4082014159580858,-1.4082014159580858,0.0,0.0,0.0,-0.7216437257229553,-0.3139512384417182,-1
13,2014-12-17,0.6423263534403066,-7.396479193341274,5.7156519155448455,0.6423263534403066,0.6423263534403066,-1.4705305983264105,-1.4705305983264105,-1.4705305983264105,-0.03333725219123185,-0.03333725219123185,-0.03333725219123185,-1.4371933461351785,-1.4371933461351785,-1.4371933461351785,0.0,0.0,0.0,-0.8282042448861039,-0.4190560058969964,-1
14,2014-12-18,0.642408549305586,-7.393301230599499,5.98418398433655,0.642408549305586,0.642408549305586,-1.4230746251687527,-1.4230746251687527,-1.4230746251687527,0.0386482653919951,0.0386482653919951,0.0386482653919951,-1.4617228905607478,-1.4617228905607478,-1.4617228905607478,0.0,0.0,0.0,-0.7806660758631667,-0.5139235877006991,-1
15,2014-12-19,0.6424907451708654,-7.375407028798558,5.71907910822579,0.6424907451708654,0.6424907451708654,-1.478544690144951,-1.478544690144951,-1.478544690144951,0.00392879673673872,0.00392879673673872,0.00392879673673872,-1.4824734868816898,-1.4824734868816898,-1.4824734868816898,0.0,0.0,0.0,-0.8360539449740857,-0.5989152800792422,-1
16,2014-12-22,0.6427373327667032,-7.223380384954628,6.889235156532453,0.6427373327667032,0.6427373327667032,-1.4655484954904048,-1.4655484954904048,-1.4655484954904048,0.06302283964507811,0.06302283964507811,0.06302283964507811,-1.528571335135483,-1.528571335135483,-1.528571335135483,0.0,0.0,0.0,-0.8228111627237016,-0.6575807859502227,-1
17,2014-12-23,0.6428195286319826,-7.848608197585915,5.515176094517624,0.6428195286319826,0.6428195286319826,-1.496226129490637,-1.496226129490637,-1.496226129490637,0.044313532660187505,0.044313532660187505,0.044313532660187505,-1.5405396621508245,-1.5405396621508245,-1.5405396621508245,0.0,0.0,0.0,-0.8534066008586544,-0.7088464506110664,-1
18,2014-12-24,0.6429017244972619,-8.018016896022251,6.103816209389796,0.6429017244972619,0.6429017244972619,-1.5850144677993174,-1.5850144677993174,-1.5850144677993174,-0.03333725219125666,-0.03333725219125666,-0.03333725219125666,-1.5516772156080605,-1.5516772156080605,-1.5516772156080605,0.0,0.0,0.0,-0.9421127433020555,-0.7534857973350442,-1
19,2014-12-26,0.6430661162278204,-7.670907106830331,6.20499442884378,0.6430661162278204,0.6430661162278204,-1.5691899877706208,-1.5691899877706208,-1.5691899877706208,0.00392879673682731,0.00392879673682731,0.00392879673682731,-1.5731187845074481,-1.5731187845074481,-1.5731187845074481,0.0,0.0,0.0,-0.9261238715428004,-0.7968278749308579,-1
20,2014-12-29,0.6433127038236582,-7.543827883968227,6.2451223725823946,0.6433127038236582,0.6433127038236582,-1.5446246501537857,-1.5446246501537857,-1.5446246501537857,0.06302283964521861,0.06302283964521861,0.06302283964521861,-1.6076474897990043,-1.6076474897990043,-1.6076474897990043,0.0,0.0,0.0,-0.9013119463301275,-0.8281211569360589,-1
21,2014-12-30,0.6433948996889376,-7.572406409446546,6.0236999389917,0.6433948996889376,0.6433948996889376,-1.5761822550663693,-1.5761822550663693,-1.5761822550663693,0.0443135326600351,0.0443135326600351,0.0443135326600351,-1.6204957877264046,-1.6204957877264046,-1.6204957877264046,0.0,0.0,0.0,-0.9327873553774317,-0.8545121671581082,-1
22,2014-12-31,0.643477095554217,-8.41417080267059,6.346748971427848,0.643477095554217,0.643477095554217,-1.6674518535755207,-1.6674518535755207,-1.6674518535755207,-0.03333725219128148,-0.03333725219128148,-0.03333725219128148,-1.6341146013842394,-1.6341146013842394,-1.6341146013842394,0.0,0.0,0.0,-1.0239747580213039,-0.884745270387943,-1
23,2015-01-02,0.6436414872847754,-8.172458150791678,5.630422807371205,0.6436414872847754,0.6436414872847754,-1.6595492904641809,-1.6595492904641809,-1.6595492904641809,0.003928796736774886,0.003928796736774886,0.003928796736774886,-1.6634780872009558,-1.6634780872009558,-1.6634780872009558,0.0,0.0,0.0,-1.0159078031794055,-0.9035156262172732,-1
24,2015-01-05,0.6438880748806134,-7.65470926246888,5.947736128933891,0.6438880748806134,0.6438880748806134,-1.6477353124602985,-1.6477353124602985,-1.6477353124602985,0.06302283964498774,0.06302283964498774,0.06302283964498774,-1.7107581521052861,-1.7107581521052861,-1.7107581521052861,0.0,0.0,0.0,-1.0038472375796852,-0.9258337423889251,-1
25,2015-01-06,0.6439702707458926,-8.554765421078027,5.526501143245167,0.6439702707458926,0.6439702707458926,-1.6821998542283085,-1.6821998542283085,-1.6821998542283085,0.044313532660050635,0.044313532660050635,0.044313532660050635,-1.7265133868883593,-1.7265133868883593,-1.7265133868883593,0.0,0.0,0.0,-1.038229583482416,-0.9460513062397581,-1
26,2015-01-07,0.644052466611172,-8.168063739143802,5.643894526546732,0.644052466611172,0.644052466611172,-1.7751367264841713,-1.7751367264841713,-1.7751367264841713,-0.03333725219120403,-0.03333725219120403,-0.03333725219120403,-1.7417994742929672,-1.7417994742929672,-1.7417994742929672,0.0,0.0,0.0,-1.1310842598729993,-0.976878615954688,-1
27,2015-01-08,0.6441346624764513,-8.330220849440563,5.449677787073931,0.6441346624764513,0.6441346624764513,-1.7176472390243345,-1.7176472390243345,-1.7176472390243345,0.03864826539199127,0.03864826539199127,0.03864826539199127,-1.7562955044163258,-1.7562955044163258,-1.7562955044163258,0.0,0.0,0.0,-1.0735125765478832,-0.9988892135236108,-1
28,2015-01-09,0.6442168583417306,-7.506207954974746,6.228125094968463,0.6442168583417306,0.6442168583417306,-1.765732438891767,-1.765732438891767,-1.765732438891767,0.003928796736713493,0.003928796736713493,0.003928796736713493,-1.7696612356284807,-1.7696612356284807,-1.7696612356284807,0.0,0.0,0.0,-1.1215155805500365,-1.0168294972484089,-1
29,2015-01-12,0.6444634459375685,-8.596576024558884,5.195816096076876,0.6444634459375685,0.6444634459375685,-1.7363815213768776,-1.7363815213768776,-1.7363815213768776,0.06302283964500158,0.06302283964500158,0.06302283964500158,-1.7994043610218793,-1.7994043610218793,-1.7994043610218793,0.0,0.0,0.0,-1.0919180754393092,-1.0334089176380599,-1
30,2015-01-13,0.6445456418028478,-8.010737539443154,6.191488069324838,0.6445456418028478,0.6445456418028478,-1.7603469906909686,-1.7603469906909686,-1.7603469906909686,0.04431353266001658,0.04431353266001658,0.04431353266001658,-1.8046605233509851,-1.8046605233509851,-1.8046605233509851,0.0,0.0,0.0,-1.1158013488881209,-1.0548578578938592,-1
31,2015-01-14,0.644627837668127,-7.980201572436108,5.5669343883736735,0.644627837668127,0.644627837668127,-1.8403339250770074,-1.8403339250770074,-1.8403339250770074,-0.033337252191319784,-0.033337252191319784,-0.033337252191319784,-1.8069966728856879,-1.8069966728856879,-1.8069966728856879,0.0,0.0,0.0,-1.1957060874088805,-1.081149731097004,-1
32,2015-01-15,0.6447100335334064,-7.965252024742858,6.030473061214139,0.6447100335334064,0.6447100335334064,-1.767430070480716,-1.767430070480716,-1.767430070480716,0.03864826539204463,0.03864826539204463,0.03864826539204463,-1.8060783358727603,-1.8060783358727603,-1.8060783358727603,0.0,0.0,0.0,-1.1227200369473096,-1.0910242589896046,-1
33,2015-01-16,0.6447922293986857,-8.033199379569584,5.684325218474458,0.6447922293986857,0.6447922293986857,-1.7976641271465412,-1.7976641271465412,-1.7976641271465412,0.003928796736670028,0.003928796736670028,0.003928796736670028,-1.8015929238832114,-1.8015929238832114,-1.8015929238832114,0.0,0.0,0.0,-1.1528718977478554,-1.1047206684464497,-1
34,2015-01-20,0.645121012859803,-7.721642026399634,6.473472787981358,0.645121012859803,0.645121012859803,-1.6985237455857727,-1.6985237455857727,-1.6985237455857727,0.04431353265986418,0.04431353265986418,0.04431353265986418,-1.742837278245637,-1.742837278245637,-1.742837278245637,0.0,0.0,0.0,-1.0534027327259698,-1.109676217961078,1
35,2015-01-21,0.6452032087250822,-7.930489804730291,5.586823550105448,0.6452032087250822,0.6452032087250822,-1.7503573650937492,-1.7503573650937492,-1.7503573650937492,-0.03333725219125367,-0.03333725219125367,-0.03333725219125367,-1.7170201129024956,-1.7170201129024956,-1.7170201129024956,0.0,0.0,0.0,-1.105154156368667,-1.1163686752497033,1
36,2015-01-22,0.6452854045903614,-7.891252711976493,5.465650760841047,0.6452854045903614,0.6452854045903614,-1.6479096472042682,-1.6479096472042682,-1.6479096472042682,0.03864826539190664,0.03864826539190664,0.03864826539190664,-1.686557912596175,-1.686557912596175,-1.686557912596175,0.0,0.0,0.0,-1.0026242426139067,-1.103522673523794,1
37,2015-01-23,0.6453676004556408,-7.932574584925246,5.824225406256994,0.6453676004556408,0.6453676004556408,-1.647527320758147,-1.647527320758147,-1.647527320758147,0.0039287967367586255,0.0039287967367586255,0.0039287967367586255,-1.6514561174949054,-1.6514561174949054,-1.6514561174949054,0.0,0.0,0.0,-1.002159720302506,-1.0963873878992563,1
38,2015-01-26,0.6456141880514786,-7.482747970853945,5.792552015718198,0.6456141880514786,0.6456141880514786,-1.4563384511772672,-1.4563384511772672,-1.4563384511772672,0.06302283964503787,0.06302283964503787,0.06302283964503787,-1.519361290822305,-1.519361290822305,-1.519361290822305,0.0,0.0,0.0,-0.8107242631257886,-1.0653082561568314,1
39,2015-01-27,0.645696383916758,-7.843515265977534,5.755730033322434,0.645696383916758,0.645696383916758,-1.4227823510233617,-1.4227823510233617,-1.4227823510233617,0.0443135326599485,0.0443135326599485,0.0443135326599485,-1.4670958836833103,-1.4670958836833103,-1.4670958836833103,0.0,0.0,0.0,-0.7770859671066037,-1.033825045323561,1
40,2015-01-28,0.6457785797820372,-7.649874414703484,5.362065613605844,0.6457785797820372,0.6457785797820372,-1.4445742643956065,-1.4445742643956065,-1.4445742643956065,-0.033337252191176205,-0.033337252191176205,-0.033337252191176205,-1.4112370122044304,-1.4112370122044304,-1.4112370122044304,0.0,0.0,0.0,-0.7987956846135693,-1.0021244788961057,1
41,2015-01-29,0.6458607756473166,-7.450819689540091,6.105701792848363,0.6458607756473166,0.6458607756473166,-1.3135531304829255,-1.3135531304829255,-1.3135531304829255,0.0386482653919145,0.0386482653919145,0.0386482653919145,-1.35220139587484,-1.35220139587484,-1.35220139587484,0.0,0.0,0.0,-0.667692354835609,-0.9493231056387786,1
42,2015-01-30,0.6459429715125958,-7.816205245510366,6.005817918675224,0.6459429715125958,0.6459429715125958,-1.2865408217180425,-1.2865408217180425,-1.2865408217180425,0.0039287967367061935,0.0039287967367061935,0.0039287967367061935,-1.2904696184547488,-1.2904696184547488,-1.2904696184547488,0.0,0.0,0.0,-0.6405978502054467,-0.9011108869645922,1
43,2015-02-02,0.6461895591084338,-7.286271330572002,6.798911249355559,0.6461895591084338,0.6461895591084338,-1.0317129225166337,-1.0317129225166337,-1.0317129225166337,0.06302283964492934,0.06302283964492934,0.06302283964492934,-1.094735762161563,-1.094735762161563,-1.094735762161563,0.0,0.0,0.0,-0.3855233634081999,-0.8243760335306266,1
44,2015-02-03,0.646271754973713,-7.157690898789565,6.36604329046718,0.646271754973713,0.646271754973713,-0.9837648660156785,-0.9837648660156785,-0.9837648660156785,0.04431353265996403,0.04431353265996403,0.04431353265996403,-1.0280783986756425,-1.0280783986756425,-1.0280783986756425,0.0,0.0,0.0,-0.33749311104196544,-0.7527850713622263,1
45,2015-02-04,0.6463539508389924,-7.264146244774291,6.166405309897667,0.6463539508389924,0.6463539508389924,-0.9951766726919424,-0.9951766726919424,-0.9951766726919424,-0.033337252191201025,-0.033337252191201025,-0.033337252191201025,-0.9618394205007413,-0.9618394205007413,-0.9618394205007413,0.0,0.0,0.0,-0.34882272185295005,-0.6771519279106546,1
46,2015-02-05,0.6464361467042716,-7.127775232846302,6.664013945280903,0.6464361467042716,0.6464361467042716,-0.8580650857949674,-0.8580650857949674,-0.8580650857949674,0.03864826539196787,0.03864826539196787,0.03864826539196787,-0.8967133511869353,-0.8967133511869353,-0.8967133511869353,0.0,0.0,0.0,-0.2116289390906958,-0.5980523975583334,1
47,2015-02-06,0.646518342569551,-6.638544550035498,6.748809419011059,0.646518342569551,0.646518342569551,-0.8294602041333468,-0.8294602041333468,-0.8294602041333468,0.003928796736653763,0.003928796736653763,0.003928796736653763,-0.8333890008700006,-0.8333890008700006,-0.8333890008700006,0.0,0.0,0.0,-0.18294186156379577,-0.5161306116844624,1
48,2015-02-09,0.6467649301653888,-6.407013683357794,7.218964724003275,0.6467649301653888,0.6467649301653888,-0.5976997344681495,-0.5976997344681495,-0.5976997344681495,0.06302283964506984,0.06302283964506984,0.06302283964506984,-0.6607225741132194,-0.6607225741132194,-0.6607225741132194,0.0,0.0,0.0,0.04906519569723933,-0.4301516658021596,1
49,2015-02-10,0.6468471260306682,-6.834368400701348,6.95477631757224,0.6468471260306682,0.6468471260306682,-0.5665537668925013,-0.5665537668925013,-0.5665537668925013,0.04431353265992999,0.04431353265992999,0.04431353265992999,-0.6108672995524312,-0.6108672995524312,-0.6108672995524312,0.0,0.0,0.0,0.08029335913816693,-0.3444137331776826,1
50,2015-02-11,0.6469293218959474,-6.628727656032359,6.8527820942215625,0.6469293218959474,0.6469293218959474,-0.5989977302828564,-0.5989977302828564,-0.5989977302828564,-0.033337252191134904,-0.033337252191134904,-0.033337252191134904,-0.5656604780917215,-0.5656604780917215,-0.5656604780917215,0.0,0.0,0.0,0.04793159161309102,-0.25974100555501656,1
51,2015-02-12,0.6470115177612268,-6.484379883166279,6.892655748469195,0.6470115177612268,0.6470115177612268,-0.4868046340186862,-0.4868046340186862,-0.4868046340186862,0.03864826539197574,0.03864826539197574,0.03864826539197574,-0.5254528994106619,-0.5254528994106619,-0.5254528994106619,0.0,0.0,0.0,0.1602068837425406,-0.17695108169720158,1
52,2015-02-13,0.647093713626506,-6.780610827957526,7.462406094732189,0.647093713626506,0.647093713626506,-0.4865650148344433,-0.4865650148344433,-0.4865650148344433,0.003928796736751335,0.003928796736751335,0.003928796736751335,-0.49049381157119465,-0.49049381157119465,-0.49049381157119465,0.0,0.0,0.0,0.16052869879206272,-0.09683842679745065,1
53,2015-02-17,0.6474224970876232,-6.456241488571769,7.371419278642518,0.6474224970876232,0.6474224970876232,-0.3598198864818999,-0.3598198864818999,-0.3598198864818999,0.04431353265989595,0.04431353265989595,0.04431353265989595,-0.40413341914179585,-0.40413341914179585,-0.40413341914179585,0.0,0.0,0.0,0.28760261060572334,-0.02952582939605831,1
54,2015-02-18,0.6475046929529026,-6.380073668999486,7.47511768779039,0.6475046929529026,0.6475046929529026,-0.4284415547299428,-0.4284415547299428,-0.4284415547299428,-0.033337252191318924,-0.033337252191318924,-0.033337252191318924,-0.39510430253862383,-0.39510430253862383,-0.39510430253862383,0.0,0.0,0.0,0.2190631382229598,0.026129795530434215,1
55,2015-02-19,0.6475868888181818,-6.437441700441821,6.822362014263961,0.6475868888181818,0.6475868888181818,-0.351706700643285,-0.351706700643285,-0.351706700643285,0.03864826539195616,0.03864826539195616,0.03864826539195616,-0.39035496603524117,-0.39035496603524117,-0.39035496603524117,0.0,0.0,0.0,0.2958801881748968,0.09060008653321891,1
56,2015-02-20,0.6476690846834611,-6.8965227280274535,7.3841285752441665,0.6476690846834611,0.6476690846834611,-0.38538677193782267,-0.38538677193782267,-0.38538677193782267,0.003928796736689941,0.003928796736689941,0.003928796736689941,-0.38931556867451267,-0.38931556867451267,-0.38931556867451267,0.0,0.0,0.0,0.2622823127456384,0.1379912117168523,1
57,2015-02-23,0.647915672279299,-6.771952526767884,7.734431483458789,0.647915672279299,0.647915672279299,-0.33835106100018486,-0.33835106100018486,-0.33835106100018486,0.06302283964522849,0.06302283964522849,0.06302283964522849,-0.40137390064541334,-0.40137390064541334,-0.40137390064541334,0.0,0.0,0.0,0.30956461127911417,0.18724185900114332,1
58,2015-02-24,0.6479978681445783,-6.3539890771339795,6.703852660841703,0.6479978681445783,0.6479978681445783,-0.3634242432027306,-0.3634242432027306,-0.3634242432027306,0.04431353266002985,0.04431353266002985,0.04431353266002985,-0.40773777586276044,-0.40773777586276044,-0.40773777586276044,0.0,0.0,0.0,0.2845736249418477,0.21079270192560412,1
59,2015-02-25,0.6480800640098576,-6.620887598977135,7.019188113500489,0.6480800640098576,0.6480800640098576,-0.4471423713280832,-0.4471423713280832,-0.4471423713280832,-0.03333725219125281,-0.03333725219125281,-0.03333725219125281,-0.4138051191368304,-0.4138051191368304,-0.4138051191368304,0.0,0.0,0.0,0.20093769268177442,0.22285713527996487,-1
60,2015-02-26,0.648162259875137,-6.212688661079783,7.475161348377324,0.648162259875137,0.648162259875137,-0.3800237895361296,-0.3800237895361296,-0.3800237895361296,0.03864826539196403,0.03864826539196403,0.03864826539196403,-0.4186720549280936,-0.4186720549280936,-0.4186720549280936,0.0,0.0,0.0,0.2681384703390074,0.24487782315255652,1
61,2015-02-27,0.6482444557404162,-6.305240227787136,7.315136440328854,0.6482444557404162,0.6482444557404162,-0.41752268765185846,-0.41752268765185846,-0.41752268765185846,0.003928796736637513,0.003928796736637513,0.003928796736637513,-0.421451484388496,-0.421451484388496,-0.421451484388496,0.0,0.0,0.0,0.23072176808855777,0.25192931158715826,-1
62,2015-03-02,0.6484910433362542,-6.619640776673393,7.562075399067105,0.6484910433362542,0.6484910433362542,-0.3461137000769386,-0.3461137000769386,-0.3461137000769386,0.06302283964499761,0.06302283964499761,0.06302283964499761,-0.4091365397219362,-0.4091365397219362,-0.4091365397219362,0.0,0.0,0.0,0.3023773432593156,0.26611417603388354,1
63,2015-03-03,0.6485732392015334,-6.6092215394983524,6.976476300207503,0.6485732392015334,0.6485732392015334,-0.35153026027304474,-0.35153026027304474,-0.35153026027304474,0.04431353265987745,0.04431353265987745,0.04431353265987745,-0.3958437929329222,-0.3958437929329222,-0.3958437929329222,0.0,0.0,0.0,0.2970429789284887,0.26705821286616005,1
64,2015-03-04,0.6486554350668127,-6.048187028538833,7.477293785194232,0.6486554350668127,0.6486554350668127,-0.41041868251420865,-0.41041868251420865,-0.41041868251420865,-0.03333725219127763,-0.03333725219127763,-0.03333725219127763,-0.377081430322931,-0.377081430322931,-0.377081430322931,0.0,0.0,0.0,0.23823675255260401,0.2689755742991245,-1
65,2015-03-05,0.648737630932092,-5.998206604573648,7.442935501208691,0.648737630932092,0.648737630932092,-0.3138791603166978,-0.3138791603166978,-0.3138791603166978,0.0386482653919719,0.0386482653919719,0.0386482653919719,-0.35252742570866974,-0.35252742570866974,-0.35252742570866974,0.0,0.0,0.0,0.3348584706153942,0.2728734025431742,1
66,2015-03-06,0.6488198267973714,-6.11898723748242,7.11825550097009,0.6488198267973714,0.6488198267973714,-0.3180865564309347,-0.3180865564309347,-0.3180865564309347,0.003928796736576116,0.003928796736576116,0.003928796736576116,-0.32201535316751084,-0.32201535316751084,-0.32201535316751084,0.0,0.0,0.0,0.3307332703664367,0.2797184983052541,1
67,2015-03-09,0.6490664143932092,-6.287817234220191,6.865117246886271,0.6490664143932092,0.6490664143932092,-0.13255442184501967,-0.13255442184501967,-0.13255442184501967,0.06302283964513812,0.06302283964513812,0.06302283964513812,-0.1955772614901578,-0.1955772614901578,-0.1955772614901578,0.0,0.0,0.0,0.5165119925481896,0.30041323643216156,1
68,2015-03-10,0.6491486102584886,-6.690874483441257,7.267816947032131,0.6491486102584886,0.6491486102584886,-0.09862414325174669,-0.09862414325174669,-0.09862414325174669,0.044313532659843405,0.044313532659843405,0.044313532659843405,-0.1429376759115901,-0.1429376759115901,-0.1429376759115901,0.0,0.0,0.0,0.5505244670067418,0.32700832063865104,1
69,2015-03-11,0.6492308061237678,-6.624787531699891,7.406250637432235,0.6492308061237678,0.6492308061237678,-0.11937862794599861,-0.11937862794599861,-0.11937862794599861,-0.0333372521912115,-0.0333372521912115,-0.0333372521912115,-0.0860413757547871,-0.0860413757547871,-0.0860413757547871,0.0,0.0,0.0,0.5298521781777692,0.3598997691882505,1
70,2015-03-12,0.6493130019890471,-5.883536249124409,7.70074422883161,0.6493130019890471,0.6493130019890471,0.012931590474172285,0.012931590474172285,0.012931590474172285,0.03864826539195233,0.03864826539195233,0.03864826539195233,-0.02571667491778005,-0.02571667491778005,-0.02571667491778005,0.0,0.0,0.0,0.6622445924632193,0.39931038140067165,1
71,2015-03-13,0.6493951978543264,-5.7307899802035065,8.113528390799466,0.6493951978543264,0.6493951978543264,0.041000300282731814,0.041000300282731814,0.041000300282731814,0.003928796736682646,0.003928796736682646,0.003928796736682646,0.03707150354604917,0.03707150354604917,0.03707150354604917,0.0,0.0,0.0,0.6903954981370582,0.4452777544055217,1
72,2015-03-16,0.6496417854501643,-6.485082765376145,7.70219693628036,0.6496417854501643,0.6496417854501643,0.29196643063195665,0.29196643063195665,0.29196643063195665,0.06302283964527862,0.06302283964527862,0.06302283964527862,0.22894359098667807,0.22894359098667807,0.22894359098667807,0.0,0.0,0.0,0.9416082160821209,0.5092008416878022,1
73,2015-03-17,0.6497239813154436,-6.373129378594825,7.832456024568417,0.6497239813154436,0.6497239813154436,0.334254884942648,0.334254884942648,0.334254884942648,0.04431353266014523,0.04431353266014523,0.04431353266014523,0.28994135228250273,0.28994135228250273,0.28994135228250273,0.0,0.0,0.0,0.9839788662580916,0.5778944304207625,1
74,2015-03-18,0.649806177180723,-5.612843343846201,7.52898672320784,0.649806177180723,0.649806177180723,0.31396821209934783,0.31396821209934783,0.31396821209934783,-0.03333725219122499,-0.03333725219122499,-0.03333725219122499,0.3473054642905728,0.3473054642905728,0.3473054642905728,0.0,0.0,0.0,0.9637743892800708,0.6504481940935092,1
75,2015-03-19,0.6498883730460021,-5.891249599188349,8.037832812762026,0.6498883730460021,0.6498883730460021,0.43839996209169757,0.43839996209169757,0.43839996209169757,0.0386482653919602,0.0386482653919602,0.0386482653919602,0.3997516966997374,0.3997516966997374,0.3997516966997374,0.0,0.0,0.0,1.0882883351376997,0.7257911805457398,1
76,2015-03-20,0.6499705689112815,-5.862804880681089,7.844351387873939,0.6499705689112815,0.6499705689112815,0.44997215667321394,0.44997215667321394,0.44997215667321394,0.00392879673662125,0.00392879673662125,0.00392879673662125,0.44604335993659266,0.44604335993659266,0.44604335993659266,0.0,0.0,0.0,1.0999427255844954,0.8027121260675457,1
77,2015-03-23,0.6502171565071193,-5.362866318360597,7.8793965629316265,0.6502171565071193,0.6502171565071193,0.599968407535472,0.599968407535472,0.599968407535472,0.06302283964504773,0.06302283964504773,0.06302283964504773,0.5369455678904242,0.5369455678904242,0.5369455678904242,0.0,0.0,0.0,1.2501855640425914,0.8760794832169857,1
78,2015-03-24,0.6502993523723987,-5.4792834349948665,8.44954322694818,0.6502993523723987,0.6502993523723987,0.5925128824259026,0.5925128824259026,0.5925128824259026,0.04431353266022956,0.04431353266022956,0.04431353266022956,0.5481993497656731,0.5481993497656731,0.5481993497656731,0.0,0.0,0.0,1.2428122347983013,0.9453082599961418,1
79,2015-03-25,0.650381548237678,-5.815694554389777,8.09947737294196,0.650381548237678,0.650381548237678,0.5154568760383077,0.5154568760383077,0.5154568760383077,-0.0333372521912498,-0.0333372521912498,-0.0333372521912498,0.5487941282295574,0.5487941282295574,0.5487941282295574,0.0,0.0,0.0,1.1658384242759858,1.0089068846059634,1
80,2015-03-26,0.6504637441029573,-5.525276423388132,8.007478337833229,0.6504637441029573,0.6504637441029573,0.576970048972216,0.576970048972216,0.576970048972216,0.038648265392013555,0.038648265392013555,0.038648265392013555,0.5383217835802024,0.5383217835802024,0.5383217835802024,0.0,0.0,0.0,1.2274337930751733,1.0654258046671587,1
81,2015-03-27,0.6505459402677499,-5.857865944697416,8.436020633091328,0.6505459402677499,0.6505459402677499,0.5205023213056055,0.5205023213056055,0.5205023213056055,0.00392879673655986,0.00392879673655986,0.00392879673655986,0.5165735245690456,0.5165735245690456,0.5165735245690456,0.0,0.0,0.0,1.1710482615733553,1.1134910810107885,1
82,2015-03-30,0.650792528762128,-6.202447865367693,7.424453631915817,0.650792528762128,0.650792528762128,0.4476881696282518,0.4476881696282518,0.4476881696282518,0.06302283964518823,0.06302283964518823,0.06302283964518823,0.3846653299830635,0.3846653299830635,0.3846653299830635,0.0,0.0,0.0,1.0984806983903799,1.1291783292416144,-1
83,2015-03-31,0.6508747249269207,-6.149869305328352,7.507500201563989,0.6508747249269207,0.6508747249269207,0.3641286271948906,0.3641286271948906,0.3641286271948906,0.044313532660077155,0.044313532660077155,0.044313532660077155,0.31981509453481344,0.31981509453481344,0.31981509453481344,0.0,0.0,0.0,1.0150033521218114,1.1322807778279864,-1
84,2015-04-01,0.6509569210917132,-5.879428678834177,7.431755006348574,0.6509569210917132,0.6509569210917132,0.21233037724014817,0.21233037724014817,0.21233037724014817,-0.03333725219127462,-0.03333725219127462,-0.03333725219127462,0.24566762943142278,0.24566762943142278,0.24566762943142278,0.0,0.0,0.0,0.8632872983318614,1.1222320687331655,-1
85,2015-04-02,0.651039117256506,-5.35352647400193,7.824117506741083,0.651039117256506,0.651039117256506,0.20180872129818767,0.20180872129818767,0.20180872129818767,0.03864826539202142,0.03864826539202142,0.03864826539202142,0.16316045590616624,0.16316045590616624,0.16316045590616624,0.0,0.0,0.0,0.8528478385546936,1.098688019074865,-1
86,2015-04-06,0.6513679019156767,-6.8736322403053745,7.828358160037274,0.6513679019156767,0.6513679019156767,-0.16440346124445163,-0.16440346124445163,-0.16440346124445163,0.06302283964520639,0.06302283964520639,0.06302283964520639,-0.227426300889658,-0.227426300889658,-0.227426300889658,0.0,0.0,0.0,0.48696444067122513,1.0373901905835379,-1
87,2015-04-07,0.6514500980804693,-5.828918360201011,7.238473911203139,0.6514500980804693,0.6514500980804693,-0.2894583530639865,-0.2894583530639865,-0.2894583530639865,0.04431353266004311,0.04431353266004311,0.04431353266004311,-0.33377188572402966,-0.33377188572402966,-0.33377188572402966,0.0,0.0,0.0,0.3619917450164828,0.9485708086809268,-1
88,2015-04-08,0.651532294245262,-6.280268421341402,7.249015311182053,0.651532294245262,0.651532294245262,-0.47425589250162725,-0.47425589250162725,-0.47425589250162725,-0.03333725219119717,-0.03333725219119717,-0.03333725219119717,-0.4409186403104301,-0.4409186403104301,-0.4409186403104301,0.0,0.0,0.0,0.1772764017436348,0.8420172253754604,-1
89,2015-04-09,0.6516144904100547,-6.9589423783965145,6.519793292294576,0.6516144904100547,0.6516144904100547,-0.5089149529774247,-0.5089149529774247,-0.5089149529774247,0.038648265391956364,0.038648265391956364,0.038648265391956364,-0.547563218369381,-0.547563218369381,-0.547563218369381,0.0,0.0,0.0,0.14269953743262997,0.7397033366911248,-1
90,2015-04-10,0.6516966865748474,-7.451580017133321,6.453032829326087,0.6516966865748474,0.6516966865748474,-0.6485417054408715,-0.6485417054408715,-0.6485417054408715,0.003928796736754996,0.003928796736754996,0.003928796736754996,-0.6524705021776266,-0.6524705021776266,-0.6524705021776266,0.0,0.0,0.0,0.0031549811339758316,0.617275455497005,-1
91,2015-04-13,0.6519432750692253,-7.382318323040611,6.692607791620568,0.6519432750692253,0.6519432750692253,-0.8829589203481969,-0.8829589203481969,-0.8829589203481969,0.0630228396453469,0.0630228396453469,0.0630228396453469,-0.9459817599935438,-0.9459817599935438,-0.9459817599935438,0.0,0.0,0.0,-0.23101564527897156,0.4770690648117723,-1
92,2015-04-14,0.652025471234018,-6.430135618522798,6.875154932313799,0.652025471234018,0.652025471234018,-0.989508677547769,-0.989508677547769,-0.989508677547769,0.044313532660058635,0.044313532660058635,0.044313532660058635,-1.0338222102078278,-1.0338222102078278,-1.0338222102078278,0.0,0.0,0.0,-0.33748320631375106,0.3334726743413592,-1
93,2015-04-15,0.6521076673988108,-7.1561772070346725,6.813374076878294,0.6521076673988108,0.6521076673988108,-1.1489270001126004,-1.1489270001126004,-1.1489270001126004,-0.03333725219131292,-0.03333725219131292,-0.03333725219131292,-1.1155897479212875,-1.1155897479212875,-1.1155897479212875,0.0,0.0,0.0,-0.49681933271378964,0.18229040585779915,-1
94,2015-04-16,0.6521898635636034,-7.299915778778316,6.124449859378412,0.6521898635636034,0.6521898635636034,-1.1522434823099903,-1.1522434823099903,-1.1522434823099903,0.038648265392009724,0.038648265392009724,0.038648265392009724,-1.190891747702,-1.190891747702,-1.190891747702,0.0,0.0,0.0,-0.5000536187463869,0.045956314149974295,-1
95,2015-04-17,0.6522720597283961,-7.696732060801279,6.436591413607406,0.6522720597283961,0.6522720597283961,-1.2555779011840336,-1.2555779011840336,-1.2555779011840336,0.003928796736711524,0.003928796736711524,0.003928796736711524,-1.2595066979207452,-1.2595066979207452,-1.2595066979207452,0.0,0.0,0.0,-0.6033058414556375,-0.0996590538510588,-1
96,2015-04-20,0.6525186482227741,-7.7136504900498,6.10185074630412,0.6525186482227741,0.6525186482227741,-1.362421061135979,-1.362421061135979,-1.362421061135979,0.06302283964498935,0.06302283964498935,0.06302283964498935,-1.4254439007809683,-1.4254439007809683,-1.4254439007809683,0.0,0.0,0.0,-0.709902412913205,-0.21934573920950182,-1
97,2015-04-21,0.6526008443875668,-7.21410704698882,5.428944270359059,0.6526008443875668,0.6526008443875668,-1.4239302465463597,-1.4239302465463597,-1.4239302465463597,0.04431353265990623,0.04431353265990623,0.04431353265990623,-1.4682437792062657,-1.4682437792062657,-1.4682437792062657,0.0,0.0,0.0,-0.7713294021587929,-0.3326778539270294,-1
98,2015-04-22,0.6526830405523595,-7.77131738369991,5.343455316731354,0.6526830405523595,0.6526830405523595,-1.5388127715814544,-1.5388127715814544,-1.5388127715814544,-0.0333372521912468,-0.0333372521912468,-0.0333372521912468,-1.5054755193902076,-1.5054755193902076,-1.5054755193902076,0.0,0.0,0.0,-0.8861297310290949,-0.4390184672043024,-1
99,2015-04-23,0.6527652367171521,-6.998207247794766,6.088002617631787,0.6527652367171521,0.6527652367171521,-1.4990297740583562,-1.4990297740583562,-1.4990297740583562,0.038648265392063084,0.038648265392063084,0.038648265392063084,-1.5376780394504193,-1.5376780394504193,-1.5376780394504193,0.0,0.0,0.0,-0.8462645373412041,-0.5379148746816858,-1
100,2015-04-24,0.6528474328819449,-7.538001077326065,5.23088620353626,0.6528474328819449,0.6528474328819449,-1.561507257798793,-1.561507257798793,-1.561507257798793,0.003928796736800125,0.003928796736800125,0.003928796736800125,-1.565436054535593,-1.565436054535593,-1.565436054535593,0.0,0.0,0.0,-0.908659824916848,-0.6290963552867681,-1
101,2015-04-27,0.6530940213763228,-7.594477575267882,5.722022618383421,0.6530940213763228,0.6530940213763228,-1.5649337702261823,-1.5649337702261823,-1.5649337702261823,0.06302283964500749,0.06302283964500749,0.06302283964500749,-1.6279566098711895,-1.6279566098711895,-1.6279566098711895,0.0,0.0,0.0,-0.9118397488498595,-0.697178765643857,-1
102,2015-04-28,0.6531762175411155,-7.953698575758127,5.827752188299349,0.6531762175411155,0.6531762175411155,-1.5993529667381061,-1.5993529667381061,-1.5993529667381061,0.044313532659990565,0.044313532659990565,0.044313532659990565,-1.6436664993980965,-1.6436664993980965,-1.6436664993980965,0.0,0.0,0.0,-0.9461767491969906,-0.7580481199321809,-1
103,2015-04-29,0.6532584137059082,-8.694478725085803,5.754900769931491,0.6532584137059082,0.6532584137059082,-1.6908537678817628,-1.6908537678817628,-1.6908537678817628,-0.033337252191271614,-0.033337252191271614,-0.033337252191271614,-1.6575165156904912,-1.6575165156904912,-1.6575165156904912,0.0,0.0,0.0,-1.0375953541758545,-0.8121257220783875,-1
104,2015-04-30,0.6533406098707009,-7.8312047106883025,6.1071365393462544,0.6533406098707009,0.6533406098707009,-1.6311174653900469,-1.6311174653900469,-1.6311174653900469,0.038648265391879606,0.038648265391879606,0.038648265391879606,-1.6697657307819262,-1.6697657307819262,-1.6697657307819262,0.0,0.0,0.0,-0.977776855519346,-0.8598980457556834,-1
105,2015-05-01,0.6534228060354936,-8.257481158295535,5.938293168755634,0.6534228060354936,0.6534228060354936,-1.6766076903400826,-1.6766076903400826,-1.6766076903400826,0.0039287967367476915,0.0039287967367476915,0.0039287967367476915,-1.6805364870768305,-1.6805364870768305,-1.6805364870768305,0.0,0.0,0.0,-1.023184884304589,-0.9018859500405784,-1
106,2015-05-04,0.6536693945298716,-8.192955464278104,5.735453875850772,0.6536693945298716,0.6536693945298716,-1.6398800447713144,-1.6398800447713144,-1.6398800447713144,0.06302283964502563,0.06302283964502563,0.06302283964502563,-1.7029028844163399,-1.7029028844163399,-1.7029028844163399,0.0,0.0,0.0,-0.9862106502414428,-0.9295167737734022,-1
107,2015-05-05,0.6537515906946643,-7.269633866818743,6.071284655833627,0.6537515906946643,0.6537515906946643,-1.6615728687460967,-1.6615728687460967,-1.6615728687460967,0.04431353266000609,0.04431353266000609,0.04431353266000609,-1.7058864014061028,-1.7058864014061028,-1.7058864014061028,0.0,0.0,0.0,-1.0078212780514324,-0.9531659613626662,-1
108,2015-05-06,0.6538337868594569,-8.134214620609885,5.898645857777578,0.6538337868594569,0.6538337868594569,-1.7390044036869228,-1.7390044036869228,-1.7390044036869228,-0.03333725219119416,-0.03333725219119416,-0.03333725219119416,-1.7056671514957287,-1.7056671514957287,-1.7056671514957287,0.0,0.0,0.0,-1.0851706168274657,-0.9730700499425033,-1
109,2015-05-07,0.6539159830242497,-8.144465961679867,5.399510029475571,0.6539159830242497,0.6539159830242497,-1.6628063059656721,-1.6628063059656721,-1.6628063059656721,0.03864826539193297,0.03864826539193297,0.03864826539193297,-1.701454571357605,-1.701454571357605,-1.701454571357605,0.0,0.0,0.0,-1.0088903229414226,-0.9893326285025251,-1
110,2015-05-08,0.6539981791890424,-7.994135616211887,6.0800278053924846,0.6539981791890424,0.6539981791890424,-1.6884143941841807,-1.6884143941841807,-1.6884143941841807,0.003928796736695273,0.003928796736695273,0.003928796736695273,-1.692343190920876,-1.692343190920876,-1.692343190920876,0.0,0.0,0.0,-1.0344162149951384,-1.0019082675103541,-1
111,2015-05-11,0.6542447676834203,-7.615866092464229,6.166653224534141,0.6542447676834203,0.6542447676834203,-1.5623666531533351,-1.5623666531533351,-1.5623666531533351,0.06302283964503946,0.06302283964503946,0.06302283964503946,-1.6253894927983745,-1.6253894927983745,-1.6253894927983745,0.0,0.0,0.0,-0.9081218854699148,-1.00153648117236,1
112,2015-05-12,0.654326963848213,-7.594252408204335,5.92621534656109,0.654326963848213,0.654326963848213,-1.5419713702525693,-1.5419713702525693,-1.5419713702525693,0.044313532659972045,0.044313532659972045,0.044313532659972045,-1.5862849029125412,-1.5862849029125412,-1.5862849029125412,0.0,0.0,0.0,-0.8876444064043563,-0.9956832468930962,1
113,2015-05-13,0.6544091600130056,-7.575622488551501,6.045723849203861,0.6544091600130056,0.6544091600130056,-1.5703708082041756,-1.5703708082041756,-1.5703708082041756,-0.03333725219112804,-0.03333725219112804,-0.03333725219112804,-1.5370335560130477,-1.5370335560130477,-1.5370335560130477,0.0,0.0,0.0,-0.91596164819117,-0.9835198762946277,1
114,2015-05-14,0.6544913561777984,-7.029686451218162,6.388840879558133,0.6544913561777984,0.6544913561777984,-1.4380345042355025,-1.4380345042355025,-1.4380345042355025,0.03864826539194083,0.03864826539194083,0.03864826539194083,-1.4766827696274432,-1.4766827696274432,-1.4766827696274432,0.0,0.0,0.0,-0.7835431480577041,-0.9640965055484637,1
115,2015-05-15,0.654573552342591,-7.906863991809196,5.933958742315061,0.654573552342591,0.654573552342591,-1.4004689553161143,-1.4004689553161143,-1.4004689553161143,0.00392879673664284,0.00392879673664284,0.00392879673664284,-1.4043977520527573,-1.4043977520527573,-1.4043977520527573,0.0,0.0,0.0,-0.7458954029735233,-0.9363675574153572,1
116,2015-05-18,0.654820140836969,-7.236308429895033,6.146075124015928,0.654820140836969,0.654820140836969,-1.0470500992603227,-1.0470500992603227,-1.0470500992603227,0.06302283964505762,0.06302283964505762,0.06302283964505762,-1.1100729389053803,-1.1100729389053803,-1.1100729389053803,0.0,0.0,0.0,-0.3922299584233536,-0.8769694882335483,1
117,2015-05-19,0.6549023370017617,-7.331847531484155,6.8304904378058175,0.6549023370017617,0.6549023370017617,-0.9409077367932039,-0.9409077367932039,-0.9409077367932039,0.044313532659938,0.044313532659938,0.044313532659938,-0.985221269453142,-0.985221269453142,-0.985221269453142,0.0,0.0,0.0,-0.28600539979144224,-0.804787900407549,1
118,2015-05-20,0.6549845331665545,-7.506984235304466,6.458030558280641,0.6549845331665545,0.6549845331665545,-0.880474200908632,-0.880474200908632,-0.880474200908632,-0.033337252191243796,-0.033337252191243796,-0.033337252191243796,-0.8471369487173882,-0.8471369487173882,-0.8471369487173882,0.0,0.0,0.0,-0.22548966774207757,-0.7188198054990103,1
119,2015-05-21,0.655066729331347,-6.748104240950836,6.401229335095988,0.655066729331347,0.655066729331347,-0.6576477536747012,-0.6576477536747012,-0.6576477536747012,0.03864826539192127,0.03864826539192127,0.03864826539192127,-0.6962960190666224,-0.6962960190666224,-0.6962960190666224,0.0,0.0,0.0,-0.0025810243433541658,-0.6181888756392034,1
120,2015-05-22,0.6551489254961397,-6.660866989000985,5.842509036451916,0.6551489254961397,0.6551489254961397,-0.5295173872401503,-0.5295173872401503,-0.5295173872401503,0.003928796736731439,0.003928796736731439,0.003928796736731439,-0.5334461839768818,-0.5334461839768818,-0.5334461839768818,0.0,0.0,0.0,0.12563153825598938,-0.5021841003140907,1
121,2015-05-26,0.6554777101553104,-5.911305577843165,7.494653507971842,0.6554777101553104,0.6554777101553104,0.25822991116366834,0.25822991116366834,0.25822991116366834,0.04431353265990396,0.04431353265990396,0.04431353265990396,0.21391637850376438,0.21391637850376438,0.21391637850376438,0.0,0.0,0.0,0.9137076213189788,-0.3200011496352013,1
122,2015-05-27,0.6555599063201032,-5.774628490700126,7.453953464427892,0.6555599063201032,0.6555599063201032,0.38332174066343305,0.38332174066343305,0.38332174066343305,-0.033337252191166344,-0.033337252191166344,-0.033337252191166344,0.4166589928545994,0.4166589928545994,0.4166589928545994,0.0,0.0,0.0,1.0388816469835362,-0.12734854429641207,1
123,2015-05-28,0.6556421024848957,-5.322584507782778,8.079691750732925,0.6556421024848957,0.6556421024848957,0.6605035299363926,0.6605035299363926,0.6605035299363926,0.038648265391929136,0.038648265391929136,0.038648265391929136,0.6218552645444635,0.6218552645444635,0.6218552645444635,0.0,0.0,0.0,1.3161456324212883,0.09586218376483377,1
124,2015-05-29,0.6557242986496884,-4.930712151575795,8.361059492987241,0.6557242986496884,0.6557242986496884,0.8312454952858557,0.8312454952858557,0.8312454952858557,0.003928796736679007,0.003928796736679007,0.003928796736679007,0.8273166985491766,0.8273166985491766,0.8273166985491766,0.0,0.0,0.0,1.4869697939355442,0.3229134779641586,1
125,2015-06-01,0.6559708871440665,-4.5443492958520855,9.514610965229974,0.6559708871440665,0.6559708871440665,1.4857468420374857,1.4857468420374857,1.4857468420374857,0.06302283964496723,0.06302283964496723,0.06302283964496723,1.4227240023925183,1.4227240023925183,1.4227240023925183,0.0,0.0,0.0,2.1417177291815523,0.6116747911796662,1
126,2015-06-02,0.6560530833088593,-4.570320798242054,9.098470759792038,0.6560530833088593,0.6560530833088593,1.6511089269589185,1.6511089269589185,1.6511089269589185,0.04431353265991949,0.04431353265991949,0.04431353265991949,1.606795394298999,1.606795394298999,1.606795394298999,0.0,0.0,0.0,2.3071620102677777,0.8816139880487792,1
127,2015-06-03,0.6561352794736518,-4.173436439163377,9.26949134672832,0.6561352794736518,0.6561352794736518,1.746861656414593,1.746861656414593,1.746861656414593,-0.03333725219127077,-0.03333725219127077,-0.03333725219127077,1.7801989086058638,1.7801989086058638,1.7801989086058638,0.0,0.0,0.0,2.4029969358882446,1.1505142216167479,1
128,2015-06-04,0.6562174756384445,-3.8382334257215147,9.710739390497103,0.6562174756384445,0.6562174756384445,1.9797433517689225,1.9797433517689225,1.9797433517689225,0.03864826539198249,0.03864826539198249,0.03864826539198249,1.94109508637694,1.94109508637694,1.94109508637694,0.0,0.0,0.0,2.635960827407367,1.4366592711316923,1
129,2015-06-05,0.6562996718032371,-4.116253433713119,10.15174831003222,0.6562996718032371,0.6562996718032371,2.091797057372469,2.091797057372469,2.091797057372469,0.003928796736617612,0.003928796736617612,0.003928796736617612,2.0878682606358514,2.0878682606358514,2.0878682606358514,0.0,0.0,0.0,2.7480967291757064,1.7117270464835985,1
130,2015-06-08,0.6565462602976152,-4.198689270301043,9.78162608594571,0.6565462602976152,0.6565462602976152,2.494441941028449,2.494441941028449,2.494441941028449,0.06302283964510774,0.06302283964510774,0.06302283964510774,2.4314191013833413,2.4314191013833413,2.4314191013833413,0.0,0.0,0.0,3.150988201326064,2.014262712790606,1
131,2015-06-09,0.6566284564624079,-3.6283945226195526,9.966501968108838,0.6566284564624079,0.6566284564624079,2.555554288841094,2.555554288841094,2.555554288841094,0.04431353265988545,0.04431353265988545,0.04431353265988545,2.5112407561812087,2.5112407561812087,2.5112407561812087,0.0,0.0,0.0,3.212182745303502,2.2441102251890586,1
132,2015-06-10,0.6567106526272005,-4.088235648712823,10.191481549933153,0.6567106526272005,0.6567106526272005,2.540006161216613,2.540006161216613,2.540006161216613,-0.03333725219120465,-0.03333725219120465,-0.03333725219120465,2.5733434134078177,2.5733434134078177,2.5733434134078177,0.0,0.0,0.0,3.1967168138438136,2.459893741875086,1
133,2015-06-11,0.6567928487919932,-3.825047007422149,9.857009437645601,0.6567928487919932,0.6567928487919932,2.656675666066581,2.656675666066581,2.656675666066581,0.038648265392035856,0.038648265392035856,0.038648265392035856,2.618027400674545,2.618027400674545,2.618027400674545,0.0,0.0,0.0,3.313468514858574,2.6596260301188144,1
134,2015-06-12,0.656875044956786,-3.838993920962498,10.278999661473312,0.656875044956786,0.656875044956786,2.6498637519084007,2.6498637519084007,2.6498637519084007,0.003928796736724143,0.003928796736724143,0.003928796736724143,2.6459349551716764,2.6459349551716764,2.6459349551716764,0.0,0.0,0.0,3.3067387968651865,2.8416029304117787,1
135,2015-06-15,0.657121633451164,-3.7873368830393335,9.59751483254567,0.657121633451164,0.657121633451164,2.703165155768774,2.703165155768774,2.703165155768774,0.0630228396451259,0.0630228396451259,0.0630228396451259,2.640142316123648,2.640142316123648,2.640142316123648,0.0,0.0,0.0,3.360286789219938,2.963459836415617,1
136,2015-06-16,0.6572038296159566,-3.1313006399384165,10.720467283765206,0.6572038296159566,0.6572038296159566,2.6577629297914283,2.6577629297914283,2.6577629297914283,0.04431353265973305,0.04431353265973305,0.04431353265973305,2.613449397131695,2.613449397131695,2.613449397131695,0.0,0.0,0.0,3.314966759407385,3.064240311329578,1
137,2015-06-17,0.6572860257807492,-3.7946704902090636,10.34360150775961,0.6572860257807492,0.6572860257807492,2.544117977949026,2.544117977949026,2.544117977949026,-0.03333725219121813,-0.03333725219121813,-0.03333725219121813,2.5774552301402447,2.5774552301402447,2.5774552301402447,0.0,0.0,0.0,3.2014040037297753,3.1440810181137313,1
138,2015-06-18,0.6573682219455419,-3.1934647357030923,10.009434448770635,0.6573682219455419,0.6573682219455419,2.5728806114063922,2.5728806114063922,2.5728806114063922,0.03864826539197079,0.03864826539197079,0.03864826539197079,2.5342323460144214,2.5342323460144214,2.5342323460144214,0.0,0.0,0.0,3.230248833351934,3.203509818708188,1
139,2015-06-19,0.6574504181103347,-3.7896686446827266,9.936952942418145,0.6574504181103347,0.6574504181103347,2.489856776542659,2.489856776542659,2.489856776542659,0.00392879673666275,0.00392879673666275,0.00392879673666275,2.4859279798059966,2.4859279798059966,2.4859279798059966,0.0,0.0,0.0,3.147307194652994,3.2434308652559167,-1
140,2015-06-22,0.6576970066047126,-4.283933427376175,10.005716246677416,0.6576970066047126,0.6576970066047126,2.3949378509588075,2.3949378509588075,2.3949378509588075,0.06302283964514403,0.06302283964514403,0.06302283964514403,2.3319150113136633,2.3319150113136633,2.3319150113136633,0.0,0.0,0.0,3.05263485756352,3.2335955308796622,-1
141,2015-06-23,0.6577792027695053,-4.194891939050767,9.812610580503437,0.6577792027695053,0.6577792027695053,2.3285595486814707,2.3285595486814707,2.3285595486814707,0.044313532659985305,0.044313532659985305,0.044313532659985305,2.284246016021485,2.284246016021485,2.284246016021485,0.0,0.0,0.0,2.986338751450976,3.21101113149441,-1
142,2015-06-24,0.657861398934298,-4.050201051893935,9.721058316679153,0.657861398934298,0.657861398934298,2.208021130798726,2.208021130798726,2.208021130798726,-0.03333725219124294,-0.03333725219124294,-0.03333725219124294,2.241358382989969,2.241358382989969,2.241358382989969,0.0,0.0,0.0,2.865882529733024,3.1779277030833306,-1
143,2015-06-25,0.6579435950990907,-4.017070900953106,9.661685883401,0.6579435950990907,0.6579435950990907,2.243323466683468,2.243323466683468,2.243323466683468,0.03864826539197866,0.03864826539197866,0.03864826539197866,2.2046752012914896,2.2046752012914896,2.2046752012914896,0.0,0.0,0.0,2.901267061782559,3.136707557775729,-1
144,2015-06-26,0.6580257912638834,-3.6437546258257365,9.45736187289988,0.6580257912638834,0.6580257912638834,2.17926058072645,2.17926058072645,2.17926058072645,0.003928796736610322,0.003928796736610322,0.003928796736610322,2.1753317839898396,2.1753317839898396,2.1753317839898396,0.0,0.0,0.0,2.8372863719903334,3.089762315288244,-1
145,2015-06-29,0.6582723797582614,-3.784017771636144,9.508455361235473,0.6582723797582614,0.6582723797582614,2.200800565289481,2.200800565289481,2.200800565289481,0.06302283964503551,0.06302283964503551,0.06302283964503551,2.1377777256444457,2.1377777256444457,2.1377777256444457,0.0,0.0,0.0,2.8590729450477426,3.039640930871024,-1
146,2015-06-30,0.658354575923054,-4.550526507261658,9.757123533555017,0.658354575923054,0.658354575923054,2.1867901455594985,2.1867901455594985,2.1867901455594985,0.044313532660119205,0.044313532660119205,0.044313532660119205,2.142476612899379,2.142476612899379,2.142476612899379,0.0,0.0,0.0,2.8451447214825523,2.992658727078541,-1
147,2015-07-01,0.6584367720878467,-4.767903567478089,9.571140925871836,0.6584367720878467,0.6584367720878467,2.1217523694583784,2.1217523694583784,2.1217523694583784,-0.033337252191267756,-0.033337252191267756,-0.033337252191267756,2.1550896216496462,2.1550896216496462,2.1550896216496462,0.0,0.0,0.0,2.780189141546225,2.9505372408601858,-1
148,2015-07-02,0.6585189682526394,-3.9473932332337167,9.617402210517271,0.6585189682526394,0.6585189682526394,2.213334362961581,2.213334362961581,2.213334362961581,0.03864826539198653,0.03864826539198653,0.03864826539198653,2.1746860975695945,2.1746860975695945,2.1746860975695945,0.0,0.0,0.0,2.8718533312142203,2.9146976906464146,-1
149,2015-07-06,0.6588477529118101,-4.383030745780544,9.434370286343404,0.6588477529118101,0.6588477529118101,2.3572093790548334,2.3572093790548334,2.3572093790548334,0.06302283964517602,0.06302283964517602,0.06302283964517602,2.2941865394096577,2.2941865394096577,2.2941865394096577,0.0,0.0,0.0,3.0160571319666434,2.9015726843777796,1
150,2015-07-07,0.6589299490766027,-4.017256051757325,9.739989697584713,0.6589299490766027,0.6589299490766027,2.3695401808910646,2.3695401808910646,2.3695401808910646,0.04431353266008518,0.04431353266008518,0.04431353266008518,2.3252266482309794,2.3252266482309794,2.3252266482309794,0.0,0.0,0.0,3.0284701299676673,2.899156211618194,1
151,2015-07-08,0.6590121452413955,-3.475104018329116,9.86924107786707,0.6590121452413955,0.6590121452413955,2.3192696011398186,2.3192696011398186,2.3192696011398186,-0.03333725219120164,-0.03333725219120164,-0.03333725219120164,2.3526068533310203,2.3526068533310203,2.3526068533310203,0.0,0.0,0.0,2.978281746381214,2.898350511111218,1
152,2015-07-09,0.6590943414061882,-3.794414570701922,9.793079017831186,0.6590943414061882,0.6590943414061882,2.412838505956058,2.412838505956058,2.412838505956058,0.03864826539192147,0.03864826539192147,0.03864826539192147,2.3741902405641366,2.3741902405641366,2.3741902405641366,0.0,0.0,0.0,3.0719328473622465,2.9189555428741403,1
153,2015-07-10,0.6591765375709808,-4.317295752728079,9.632800338650886,0.6591765375709808,0.6591765375709808,2.391827420864698,2.391827420864698,2.391827420864698,0.003928796736655461,0.003928796736655461,0.003928796736655461,2.3878986241280424,2.3878986241280424,2.3878986241280424,0.0,0.0,0.0,3.051003958435679,2.9339292325394526,1
154,2015-07-13,0.6594231260653588,-3.617934862228928,9.315405925352685,0.6594231260653588,0.6594231260653588,2.4262063139301824,2.4262063139301824,2.4262063139301824,0.0630228396453165,0.0630228396453165,0.0630228396453165,2.3631834742848663,2.3631834742848663,2.3631834742848663,0.0,0.0,0.0,3.0856294399955413,2.958763539339973,1
155,2015-07-14,0.6595053222301515,-3.523224202217117,9.939079141176835,0.6595053222301515,0.6595053222301515,2.372251699547943,2.372251699547943,2.372251699547943,0.044313532660100685,0.044313532660100685,0.044313532660100685,2.3279381668878423,2.3279381668878423,2.3279381668878423,0.0,0.0,0.0,3.0317570217780947,2.9760319470130083,1
156,2015-07-15,0.6595875183949442,-3.6866675677872482,9.59834922105333,0.6595875183949442,0.6595875183949442,2.2440683714259593,2.2440683714259593,2.2440683714259593,-0.03333725219130606,-0.03333725219130606,-0.03333725219130606,2.2774056236172653,2.2774056236172653,2.2774056236172653,0.0,0.0,0.0,2.9036558898209037,2.981883063846843,-1
157,2015-07-16,0.6596697145597369,-3.774428885444563,9.737018845213518,0.6596697145597369,0.6596697145597369,2.2496982046871925,2.2496982046871925,2.2496982046871925,0.03864826539197482,0.03864826539197482,0.03864826539197482,2.2110499392952176,2.2110499392952176,2.2110499392952176,0.0,0.0,0.0,2.9093679192469293,2.9948009416169143,-1
158,2015-07-17,0.6597519107245294,-4.0195054581466,9.260463485404276,0.6597519107245294,0.6597519107245294,2.1326615360825962,2.1326615360825962,2.1326615360825962,0.003928796736753024,0.003928796736753024,0.003928796736753024,2.1287327393458435,2.1287327393458435,2.1287327393458435,0.0,0.0,0.0,2.7924134468071258,2.9868569531762046,-1
159,2015-07-20,0.6599984992189075,-4.140661673812763,8.954316070046321,0.6599984992189075,0.6599984992189075,1.853876572537663,1.853876572537663,1.853876572537663,0.063022839645208,0.063022839645208,0.063022839645208,1.790853732892455,1.790853732892455,1.790853732892455,0.0,0.0,0.0,2.5138750717565705,2.936638747155197,-1
160,2015-07-21,0.6600806953837003,-4.396537777650589,9.30892701197725,0.6600806953837003,0.6600806953837003,1.6959058639211761,1.6959058639211761,1.6959058639211761,0.044313532660066664,0.044313532660066664,0.044313532660066664,1.6515923312611094,1.6515923312611094,1.6515923312611094,0.0,0.0,0.0,2.3559865593048763,2.869390390088918,-1
161,2015-07-22,0.660162891548493,-5.144313321460947,8.83150303432597,0.660162891548493,0.660162891548493,1.4684841273370381,1.4684841273370381,1.4684841273370381,-0.03333725219123994,-0.03333725219123994,-0.03333725219123994,1.5018213795282782,1.5018213795282782,1.5018213795282782,0.0,0.0,0.0,2.1286470188855313,2.78442691733935,-1
162,2015-07-23,0.6617488613233623,-4.43802946779621,9.043402217188275,0.6617488613233623,0.6617488613233623,1.3823910896017382,1.3823910896017382,1.3823910896017382,0.03864826539202819,0.03864826539202819,0.03864826539202819,1.34374282420971,1.34374282420971,1.34374282420971,0.0,0.0,0.0,2.0441399509251004,2.681647627695635,-1
163,2015-07-24,0.6633348310982315,-4.300906613753526,8.223797704685719,0.6633348310982315,0.6633348310982315,1.183770185495074,1.183770185495074,1.183770185495074,0.003928796736700596,0.003928796736700596,0.003928796736700596,1.1798413887583734,1.1798413887583734,1.1798413887583734,0.0,0.0,0.0,1.8471050165933054,2.5612577335113977,-1
164,2015-07-27,0.6680927404228396,-5.460981334996024,8.352790058642784,0.6680927404228396,0.6680927404228396,0.7440944823199841,0.7440944823199841,0.7440944823199841,0.06302283964485476,0.06302283964485476,0.06302283964485476,0.6810716426751292,0.6810716426751292,0.6810716426751292,0.0,0.0,0.0,1.4121872227428236,2.3939135117861263,-1
165,2015-07-28,0.6696787101977091,-5.535606195527548,7.3374882267981825,0.6696787101977091,0.6696787101977091,0.5666103395656356,0.5666103395656356,0.5666103395656356,0.04431353266003261,0.04431353266003261,0.04431353266003261,0.522296806905603,0.522296806905603,0.522296806905603,0.0,0.0,0.0,1.2362890497633447,2.214366714584651,-1
166,2015-07-29,0.6712646799725783,-5.605699182061693,8.08284909025751,0.6712646799725783,0.6712646799725783,0.3388679971916083,0.3388679971916083,0.3388679971916083,-0.03333725219126476,-0.03333725219126476,-0.03333725219126476,0.372205249382873,0.372205249382873,0.372205249382873,0.0,0.0,0.0,1.0101326771641865,2.0250143933189797,-1
167,2015-07-30,0.6728506497474477,-5.904574335131357,8.013692430142811,0.6728506497474477,0.6728506497474477,0.27227107766168074,0.27227107766168074,0.27227107766168074,0.03864826539203605,0.03864826539203605,0.03864826539203605,0.2336228122696447,0.2336228122696447,0.2336228122696447,0.0,0.0,0.0,0.9451217274091284,1.828589774135199,-1
168,2015-07-31,0.6744366195223171,-5.660630984443484,7.3267885753130875,0.6744366195223171,0.6744366195223171,0.11310992664367993,0.11310992664367993,0.11310992664367993,0.003928796736789187,0.003928796736789187,0.003928796736789187,0.10918112990689074,0.10918112990689074,0.10918112990689074,0.0,0.0,0.0,0.7875465461659971,1.6281030840710866,-1
169,2015-08-03,0.6791945288469251,-6.447628227065894,6.957536193939068,0.6791945288469251,0.6791945288469251,-0.09426010968214382,-0.09426010968214382,-0.09426010968214382,0.06302283964499525,0.06302283964499525,0.06302283964499525,-0.15728294932713907,-0.15728294932713907,-0.15728294932713907,0.0,0.0,0.0,0.5849344191647813,1.4352090188119075,-1
170,2015-08-04,0.6807804986217943,-6.493613366491937,7.322277523551223,0.6807804986217943,0.6807804986217943,-0.16066701810642595,-0.16066701810642595,-0.16066701810642595,0.04431353265999858,0.04431353265999858,0.04431353265999858,-0.20498055076642452,-0.20498055076642452,-0.20498055076642452,0.0,0.0,0.0,0.5201134805153684,1.2516217109329566,-1
171,2015-08-05,0.6823664683966638,-6.2412499415660205,7.3352007626093405,0.6823664683966638,0.6823664683966638,-0.263781354953702,-0.263781354953702,-0.263781354953702,-0.0333372521911873,-0.0333372521911873,-0.0333372521911873,-0.23044410276251467,-0.23044410276251467,-0.23044410276251467,0.0,0.0,0.0,0.41858511344296184,1.0806155203886998,-1
172,2015-08-06,0.6839524381715331,-5.882032173939008,7.0479462595531785,0.6839524381715331,0.6839524381715331,-0.1947388472642836,-0.1947388472642836,-0.1947388472642836,0.03864826539201649,0.03864826539201649,0.03864826539201649,-0.23338711265630008,-0.23338711265630008,-0.23338711265630008,0.0,0.0,0.0,0.4892135909072495,0.9251228843869146,-1
173,2015-08-07,0.6855384079464026,-6.3357627288551335,7.264426420504471,0.6855384079464026,0.6855384079464026,-0.21009725115159744,-0.21009725115159744,-0.21009725115159744,0.003928796736745732,0.003928796736745732,0.003928796736745732,-0.21402604788834315,-0.21402604788834315,-0.21402604788834315,0.0,0.0,0.0,0.4754411567948052,0.7879564984070646,-1
174,2015-08-10,0.6902963172710106,-6.545824801563415,7.169531602228343,0.6902963172710106,0.6902963172710106,0.031241054357633656,0.031241054357633656,0.031241054357633656,0.0630228396450091,0.0630228396450091,0.0630228396450091,-0.031781785287375436,-0.031781785287375436,-0.031781785287375436,0.0,0.0,0.0,0.7215373716286443,0.7188915132956468,1
175,2015-08-11,0.6918822870458798,-5.484988011066313,8.031387922145782,0.6918822870458798,0.6918822870458798,0.1090749496753964,0.1090749496753964,0.1090749496753964,0.044313532660014095,0.044313532660014095,0.044313532660014095,0.06476141701538228,0.06476141701538228,0.06476141701538228,0.0,0.0,0.0,0.8009572367212763,0.6753583319914398,1
176,2015-08-12,0.6934682568207491,-5.4932584595546,7.860470241726662,0.6934682568207491,0.6934682568207491,0.14200239107575563,0.14200239107575563,0.14200239107575563,-0.03333725219121212,-0.03333725219121212,-0.03333725219121212,0.17533964326696774,0.17533964326696774,0.17533964326696774,0.0,0.0,0.0,0.8354706478965047,0.6578921290646716,1
177,2015-08-13,0.6950542265956187,-5.592902250011947,7.997911736598521,0.6950542265956187,0.6950542265956187,0.3357448746254076,0.3357448746254076,0.3357448746254076,0.03864826539190593,0.03864826539190593,0.03864826539190593,0.2970966092335016,0.2970966092335016,0.2970966092335016,0.0,0.0,0.0,1.0307991012210262,0.6664598664458615,1
178,2015-08-14,0.6966401963704879,-5.012162033011057,8.31675512911466,0.6966401963704879,0.6966401963704879,0.4308303786134053,0.4308303786134053,0.4308303786134053,0.003928796736684338,0.003928796736684338,0.003928796736684338,0.426901581876721,0.426901581876721,0.426901581876721,0.0,0.0,0.0,1.1274705749838931,0.7004522693276511,1
179,2015-08-17,0.7013981056950959,-5.380072092935329,8.437682046630588,0.7013981056950959,0.7013981056950959,0.8937178832756237,0.8937178832756237,0.8937178832756237,0.06302283964502724,0.06302283964502724,0.06302283964502724,0.8306950436305964,0.8306950436305964,0.8306950436305964,0.0,0.0,0.0,1.5951159889707196,0.801470426308245,1
180,2015-08-18,0.7029840754699653,-4.971200622742356,8.72203786837435,0.7029840754699653,0.7029840754699653,1.0027731843329124,1.0027731843329124,1.0027731843329124,0.04431353266009843,0.04431353266009843,0.04431353266009843,0.9584596516728139,0.9584596516728139,0.9584596516728139,0.0,0.0,0.0,1.7057572598028776,0.9200348042369958,1
181,2015-08-19,0.7045700452448347,-5.880964566051643,8.861186913359466,0.7045700452448347,0.7045700452448347,1.0437765737348617,1.0437765737348617,1.0437765737348617,-0.033337252191236934,-0.033337252191236934,-0.033337252191236934,1.0771138259260986,1.0771138259260986,1.0771138259260986,0.0,0.0,0.0,1.7483466189796963,1.0530109547906694,1
182,2015-08-20,0.706156015019704,-4.893830460697677,8.606407437010716,0.706156015019704,0.706156015019704,1.222127426787641,1.222127426787641,1.222127426787641,0.038648265392004784,0.038648265392004784,0.038648265392004784,1.1834791613956361,1.1834791613956361,1.1834791613956361,0.0,0.0,0.0,1.928283441807345,1.1969179398806788,1
183,2015-08-21,0.7077419847945734,-5.100036834566558,8.883939999674684,0.7077419847945734,0.7077419847945734,1.2785695438187996,1.2785695438187996,1.2785695438187996,0.003928796736772939,0.003928796736772939,0.003928796736772939,1.2746407470820267,1.2746407470820267,1.2746407470820267,0.0,0.0,0.0,1.986311528613373,1.3480049770625357,1
184,2015-08-24,0.7124998941191815,-4.568006925975102,8.911744299463672,0.7124998941191815,0.7124998941191815,1.4960899483556658,1.4960899483556658,1.4960899483556658,0.06302283964516775,0.06302283964516775,0.06302283964516775,1.433067108710498,1.433067108710498,1.433067108710498,0.0,0.0,0.0,2.208589842474847,1.496710224147156,1
185,2015-08-25,0.7140858638940507,-4.537682558082768,9.242250386770925,0.7140858638940507,0.7140858638940507,1.4860359668619787,1.4860359668619787,1.4860359668619787,0.04431353265994602,0.04431353265994602,0.04431353265994602,1.4417224342020327,1.4417224342020327,1.4417224342020327,0.0,0.0,0.0,2.2001218307560295,1.6366266835506313,1
186,2015-08-26,0.7156718336689201,-4.918523283936328,8.704589795723969,0.7156718336689201,0.7156718336689201,1.3932748759646592,1.3932748759646592,1.3932748759646592,-0.033337252191261754,-0.033337252191261754,-0.033337252191261754,1.426612128155921,1.426612128155921,1.426612128155921,0.0,0.0,0.0,2.108946709633579,1.7639742897243387,1
187,2015-08-27,0.7172578034437894,-4.369975439936823,9.321056723005924,0.7172578034437894,0.7172578034437894,1.426149408119039,1.426149408119039,1.426149408119039,0.03864826539189423,0.03864826539189423,0.03864826539189423,1.3875011427271446,1.3875011427271446,1.3875011427271446,0.0,0.0,0.0,2.1434072115628284,1.8752351007585186,1
188,2015-08-28,0.7188437732186587,-4.530485033684876,9.015023928865709,0.7188437732186587,0.7188437732186587,1.3286135927536808,1.3286135927536808,1.3286135927536808,0.003928796736720503,0.003928796736720503,0.003928796736720503,1.3246847960169605,1.3246847960169605,1.3246847960169605,0.0,0.0,0.0,2.0474573659723396,1.9672337798573636,1
189,2015-08-31,0.7236016825432667,-4.8897820839118715,8.635003786411481,0.7236016825432667,0.7236016825432667,1.0676728876761932,1.0676728876761932,1.0676728876761932,0.06302283964506354,0.06302283964506354,0.06302283964506354,1.0046500480311298,1.0046500480311298,1.0046500480311298,0.0,0.0,0.0,1.79127457021946,1.9868496379822376,-1
190,2015-09-01,0.7251876523181361,-4.790092639957983,8.676032712608984,0.7251876523181361,0.7251876523181361,0.9043381050524926,0.9043381050524926,0.9043381050524926,0.04431353265996155,0.04431353265996155,0.04431353265996155,0.8600245723925309,0.8600245723925309,0.8600245723925309,0.0,0.0,0.0,1.6295257573706285,1.9792264877390124,-1
191,2015-09-02,0.7267736220930054,-5.2370707892893185,8.216430803815497,0.7267736220930054,0.7267736220930054,0.6670782422644753,0.6670782422644753,0.6670782422644753,-0.033337252191184295,-0.033337252191184295,-0.033337252191184295,0.7004154944556596,0.7004154944556596,0.7004154944556596,0.0,0.0,0.0,1.3938518643574809,1.9437770122767912,-1
192,2015-09-03,0.7283595918678748,-5.442804545431081,8.075756683615644,0.7283595918678748,0.7283595918678748,0.5673679243196859,0.5673679243196859,0.5673679243196859,0.038648265391947594,0.038648265391947594,0.038648265391947594,0.5287196589277382,0.5287196589277382,0.5287196589277382,0.0,0.0,0.0,1.2957275161875605,1.8805214197148126,-1
193,2015-09-04,0.7299455616427442,-5.600923874843183,7.946713503440935,0.7299455616427442,0.7299455616427442,0.35200568895584905,0.35200568895584905,0.35200568895584905,0.0039287967366591165,0.0039287967366591165,0.0039287967366591165,0.3480768922191899,0.3480768922191899,0.3480768922191899,0.0,0.0,0.0,1.081951250598593,1.7900853919133346,-1
194,2015-09-08,0.7362894407422215,-6.602813818195679,7.263702884431372,0.7362894407422215,0.7362894407422215,-0.3525363070110971,-0.3525363070110971,-0.3525363070110971,0.04431353265992751,0.04431353265992751,0.04431353265992751,-0.3968498396710246,-0.3968498396710246,-0.3968498396710246,0.0,0.0,0.0,0.38375313373112435,1.6076017210389622,-1
195,2015-09-09,0.7378754105170908,-6.8399865362681975,7.509707632731783,0.7378754105170908,0.7378754105170908,-0.6052321811943376,-0.6052321811943376,-0.6052321811943376,-0.03333725219128872,-0.03333725219128872,-0.03333725219128872,-0.571894929003049,-0.571894929003049,-0.571894929003049,0.0,0.0,0.0,0.1326432293227532,1.400853860895635,-1
196,2015-09-10,0.7394613802919602,-7.163997470843779,6.870750146906343,0.7394613802919602,0.7394613802919602,-0.6975323486913525,-0.6975323486913525,-0.6975323486913525,0.038648265392000954,0.038648265392000954,0.038648265392000954,-0.7361806140833533,-0.7361806140833533,-0.7361806140833533,0.0,0.0,0.0,0.04192903160060768,1.1941520930923377,-1
197,2015-09-11,0.7410473500668294,-6.978351718738876,7.02772747493198,0.7410473500668294,0.7410473500668294,-0.883045258537574,-0.883045258537574,-0.883045258537574,0.003928796736615653,0.003928796736615653,0.003928796736615653,-0.8869740552741897,-0.8869740552741897,-0.8869740552741897,0.0,0.0,0.0,-0.14199790847074456,0.9656115810889803,-1
198,2015-09-14,0.7458052593914375,-6.718662035545926,6.629528539776058,0.7458052593914375,0.7458052593914375,-1.1733127808634967,-1.1733127808634967,-1.1733127808634967,0.0630228396450955,0.0630228396450955,0.0630228396450955,-1.2363356205085922,-1.2363356205085922,-1.2363356205085922,0.0,0.0,0.0,-0.42750752147205917,0.7181150923445405,-1
199,2015-09-15,0.747391229166307,-7.377539931059394,6.251436694702916,0.747391229166307,0.747391229166307,-1.2688315358111082,-1.2688315358111082,-1.2688315358111082,0.044313532659775105,0.044313532659775105,0.044313532659775105,-1.3131450684708832,-1.3131450684708832,-1.3131450684708832,0.0,0.0,0.0,-0.5214403066448012,0.4868436046581143,-1
200,2015-09-16,0.7489771989411762,-7.355082935078785,6.169145912125765,0.7489771989411762,0.7489771989411762,-1.4019412149782522,-1.4019412149782522,-1.4019412149782522,-0.0333372521912226,-0.0333372521912226,-0.0333372521912226,-1.3686039627870294,-1.3686039627870294,-1.3686039627870294,0.0,0.0,0.0,-0.652964016037076,0.25859462731734384,-1
201,2015-09-17,0.7505631687160458,-7.909975220726672,5.806460616603704,0.7505631687160458,0.7505631687160458,-1.3638493907690605,-1.3638493907690605,-1.3638493907690605,0.038648265391935895,0.038648265391935895,0.038648265391935895,-1.4024976561609965,-1.4024976561609965,-1.4024976561609965,0.0,0.0,0.0,-0.6132862220530148,0.05788081867629432,-1
202,2015-09-18,0.752149138490915,-7.457183989923875,6.484009926560154,0.752149138490915,0.752149138490915,-1.4111481377345643,-1.4111481377345643,-1.4111481377345643,0.0039287967367042445,0.0039287967367042445,0.0039287967367042445,-1.4150769344712684,-1.4150769344712684,-1.4150769344712684,0.0,0.0,0.0,-0.6589989992436492,-0.13759183286682666,-1
203,2015-09-21,0.756907047815523,-7.273710644590977,6.49038760830877,0.756907047815523,0.756907047815523,-1.2709638557386977,-1.2709638557386977,-1.2709638557386977,0.06302283964511365,0.06302283964511365,0.06302283964511365,-1.3339866953838113,-1.3339866953838113,-1.3339866953838113,0.0,0.0,0.0,-0.5140568079231748,-0.2971926387190035,-1
204,2015-09-22,0.7584930175903923,-7.6974868415844275,6.084659201945542,0.7584930175903923,0.7584930175903923,-1.2279988887071336,-1.2279988887071336,-1.2279988887071336,0.04431353265985944,0.04431353265985944,0.04431353265985944,-1.2723124213669932,-1.2723124213669932,-1.2723124213669932,0.0,0.0,0.0,-0.46950587111674125,-0.38251853920379,-1
205,2015-09-23,0.7600789873652618,-7.262352067436804,6.672780277989731,0.7600789873652618,0.7600789873652618,-1.2299488386763162,-1.2299488386763162,-1.2299488386763162,-0.033337252191327015,-0.033337252191327015,-0.033337252191327015,-1.196611586484989,-1.196611586484989,-1.196611586484989,0.0,0.0,0.0,-0.4698698513110544,-0.4427698472671707,-1
206,2015-09-24,0.761664957140131,-6.932281902915103,6.491743291400695,0.761664957140131,0.761664957140131,-1.0705850975099176,-1.0705850975099176,-1.0705850975099176,0.03864826539194376,0.03864826539194376,0.03864826539194376,-1.1092333629018614,-1.1092333629018614,-1.1092333629018614,0.0,0.0,0.0,-0.30892014036978654,-0.4778547644642101,1
207,2015-09-25,0.7632509269150004,-7.262414209763022,6.204697315144161,0.7632509269150004,0.7632509269150004,-1.0087589776948267,-1.0087589776948267,-1.0087589776948267,0.0039287967366518186,0.0039287967366518186,0.0039287967366518186,-1.0126877744314784,-1.0126877744314784,-1.0126877744314784,0.0,0.0,0.0,-0.2455080507798263,-0.4882057786951184,1
208,2015-09-28,0.7680088362396085,-6.849837465348079,6.684692075137378,0.7680088362396085,0.7680088362396085,-0.6311383921099406,-0.6311383921099406,-0.6311383921099406,0.06302283964500513,0.06302283964500513,0.06302283964500513,-0.6941612317549458,-0.6941612317549458,-0.6941612317549458,0.0,0.0,0.0,0.13687044412966787,-0.4317679821349456,1
209,2015-09-29,0.7695948060144778,-7.010229391868218,6.950746049740014,0.7695948060144778,0.7695948060144778,-0.5426191753440038,-0.5426191753440038,-0.5426191753440038,0.044313532659874956,0.044313532659874956,0.044313532659874956,-0.5869327080038788,-0.5869327080038788,-0.5869327080038788,0.0,0.0,0.0,0.226975630670474,-0.3569263884034181,1
210,2015-09-30,0.7711807757893472,-6.524190980542498,7.060077952031096,0.7711807757893472,0.7711807757893472,-0.5165166511406305,-0.5165166511406305,-0.5165166511406305,-0.033337252191260894,-0.033337252191260894,-0.033337252191260894,-0.4831793989493696,-0.4831793989493696,-0.4831793989493696,0.0,0.0,0.0,0.2546641246487167,-0.2661635743348389,1
211,2015-10-01,0.7727667455642165,-6.364241491749799,6.945797234486973,0.7727667455642165,0.7727667455642165,-0.3463601181849232,-0.3463601181849232,-0.3463601181849232,0.038648265391997116,0.038648265391997116,0.038648265391997116,-0.3850083835769203,-0.3850083835769203,-0.3850083835769203,0.0,0.0,0.0,0.42640662737929336,-0.16219428939160804,1
212,2015-10-02,0.7743527153390858,-7.202882449123491,7.019775082277197,0.7743527153390858,0.7743527153390858,-0.2903319308209136,-0.2903319308209136,-0.2903319308209136,0.0039287967365993865,0.0039287967365993865,0.0039287967365993865,-0.2942607275575129,-0.2942607275575129,-0.2942607275575129,0.0,0.0,0.0,0.4840207845181722,-0.04789231101542592,1
213,2015-10-05,0.7791106246636937,-6.163758299158172,7.621545292968965,0.7791106246636937,0.7791106246636937,-0.017178186293495754,-0.017178186293495754,-0.017178186293495754,0.06302283964514564,0.06302283964514564,0.06302283964514564,-0.0802010259386414,-0.0802010259386414,-0.0802010259386414,0.0,0.0,0.0,0.761932438370198,0.07970661361391136,1
214,2015-10-06,0.7806965944385632,-5.7725364864962865,7.563677431332449,0.7806965944385632,0.7806965944385632,0.013287045270187897,0.013287045270187897,0.013287045270187897,0.04431353265984092,0.04431353265984092,0.04431353265984092,-0.03102648738965302,-0.03102648738965302,-0.03102648738965302,0.0,0.0,0.0,0.7939836397087511,0.20605556469646058,1
215,2015-10-07,0.7822825642134326,-5.795285746408339,7.764787502575223,0.7822825642134326,0.7822825642134326,-0.026746997799254036,-0.026746997799254036,-0.026746997799254036,-0.03333725219119478,-0.03333725219119478,-0.03333725219119478,0.006590254391940747,0.006590254391940747,0.006590254391940747,0.0,0.0,0.0,0.7555355664141785,0.32859610646898385,1
216,2015-10-08,0.7838685339883019,-6.260775814587203,7.862570354878991,0.7838685339883019,0.7838685339883019,0.07156821826978922,0.07156821826978922,0.07156821826978922,0.038648265392004985,0.038648265392004985,0.038648265392004985,0.03291995287778423,0.03291995287778423,0.03291995287778423,0.0,0.0,0.0,0.8554367522580911,0.44503179573177165,1
217,2015-10-09,0.7854545037631712,-6.146640112887043,7.619546880840118,0.7854545037631712,0.7854545037631712,0.052510507619690124,0.052510507619690124,0.052510507619690124,0.003928796736696956,0.003928796736696956,0.003928796736696956,0.048581710882993165,0.048581710882993165,0.048581710882993165,0.0,0.0,0.0,0.8379650113828613,0.5533791019480404,1
218,2015-10-12,0.7902124130877793,-5.798674837506098,7.4714528109227745,0.7902124130877793,0.7902124130877793,0.10539906759289304,0.10539906759289304,0.10539906759289304,0.06302283964516378,0.06302283964516378,0.06302283964516378,0.04237622794772926,0.04237622794772926,0.04237622794772926,0.0,0.0,0.0,0.8956114806806724,0.6292532056031408,1
219,2015-10-13,0.7917983828626486,-6.112594525001324,7.520354331284614,0.7917983828626486,0.7917983828626486,0.07176979858605438,0.07176979858605438,0.07176979858605438,0.044313532659974814,0.044313532659974814,0.044313532659974814,0.027456265926079564,0.027456265926079564,0.027456265926079564,0.0,0.0,0.0,0.863568181448703,0.6929124606809638,1
220,2015-10-14,0.7933843526375179,-5.780504544992082,7.473922890868581,0.7933843526375179,0.7933843526375179,-0.024312821498248753,-0.024312821498248753,-0.024312821498248753,-0.033337252191299196,-0.033337252191299196,-0.033337252191299196,0.009024430693050442,0.009024430693050442,0.009024430693050442,0.0,0.0,0.0,0.7690715311392692,0.7443532013300189,1
221,2015-10-15,0.7949703224123873,-6.00854063099111,7.4111649484064674,0.7949703224123873,0.7949703224123873,0.027652758098296586,0.027652758098296586,0.027652758098296586,0.03864826539198541,0.03864826539198541,0.03864826539198541,-0.010995507293688832,-0.010995507293688832,-0.010995507293688832,0.0,0.0,0.0,0.8226230805106839,0.7839748466431581,1
222,2015-10-16,0.7965562921872565,-5.812314446888432,7.947543911195927,0.7965562921872565,0.7965562921872565,-0.02671142978873733,-0.02671142978873733,-0.02671142978873733,0.003928796736635562,0.003928796736635562,0.003928796736635562,-0.030640226525372894,-0.030640226525372894,-0.030640226525372894,0.0,0.0,0.0,0.7698448623985192,0.8125572544311929,-1
223,2015-10-19,0.8013142015118646,-5.450828752363805,7.864253238618488,0.8013142015118646,0.8013142015118646,-0.005241241184344593,-0.005241241184344593,-0.005241241184344593,0.0630228396453043,0.0630228396453043,0.0630228396453043,-0.06826408082964888,-0.06826408082964888,-0.06826408082964888,0.0,0.0,0.0,0.7960729603275201,0.815971306626925,-1
224,2015-10-20,0.802900171286734,-6.56188982482763,7.729653314018626,0.802900171286734,0.802900171286734,-0.02359676628252698,-0.02359676628252698,-0.02359676628252698,0.0443135326601087,0.0443135326601087,0.0443135326601087,-0.06791029894263569,-0.06791029894263569,-0.06791029894263569,0.0,0.0,0.0,0.779303405004207,0.8145032831564706,-1
225,2015-10-21,0.8044861410616033,-6.173153123007531,8.036570686920541,0.8044861410616033,0.8044861410616033,-0.09199860966176493,-0.09199860966176493,-0.09199860966176493,-0.033337252191233076,-0.033337252191233076,-0.033337252191233076,-0.05866135747053185,-0.05866135747053185,-0.05866135747053185,0.0,0.0,0.0,0.7124875313998384,0.8101984796550366,-1
226,2015-10-22,0.8060721108364727,-5.984629501614936,7.5872588314687475,0.8060721108364727,0.8060721108364727,-0.0007551768653640181,-0.0007551768653640181,-0.0007551768653640181,0.038648265391993286,0.038648265391993286,0.038648265391993286,-0.039403442257357306,-0.039403442257357306,-0.039403442257357306,0.0,0.0,0.0,0.8053169339711087,0.8051864978263383,1
227,2015-10-23,0.8076580806113421,-6.17708262072206,7.399242470934738,0.8076580806113421,0.8076580806113421,-0.00537559316168336,-0.00537559316168336,-0.00537559316168336,0.00392879673674209,0.00392879673674209,0.00392879673674209,-0.00930438989842545,-0.00930438989842545,-0.00930438989842545,0.0,0.0,0.0,0.8022824874496588,0.8016182454330181,1
228,2015-10-26,0.8124159899359501,-5.38141286016067,7.846392825766836,0.8124159899359501,0.8124159899359501,0.21274663475864058,0.21274663475864058,0.21274663475864058,0.06302283964507341,0.06302283964507341,0.06302283964507341,0.14972379511356718,0.14972379511356718,0.14972379511356718,0.0,0.0,0.0,1.0251626246945906,0.8145733598344099,1
229,2015-10-27,0.8140019597108193,-5.964463392829651,8.052799476118153,0.8140019597108193,0.8140019597108193,0.2695778666471415,0.2695778666471415,0.2695778666471415,0.044313532660074664,0.044313532660074664,0.044313532660074664,0.22526433398706683,0.22526433398706683,0.22526433398706683,0.0,0.0,0.0,1.0835798263579608,0.8365745243253357,1
230,2015-10-28,0.8155879294856888,-6.228630581583941,7.74316427210449,0.8155879294856888,0.8155879294856888,0.2777476385806645,0.2777476385806645,0.2777476385806645,-0.033337252191257896,-0.033337252191257896,-0.033337252191257896,0.31108489077192236,0.31108489077192236,0.31108489077192236,0.0,0.0,0.0,1.0933355680663532,0.8690009280180441,1
231,2015-10-29,0.8171738992605582,-5.66181987299196,8.032923335863778,0.8171738992605582,0.8171738992605582,0.4447917467087917,0.4447917467087917,0.4447917467087917,0.038648265392001155,0.038648265392001155,0.038648265392001155,0.4061434813167905,0.4061434813167905,0.4061434813167905,0.0,0.0,0.0,1.2619656459693498,0.9129351845639107,1
232,2015-10-30,0.8187598690354274,-5.49077633386561,8.114859785821135,0.8187598690354274,0.8187598690354274,0.5130582250570823,0.5130582250570823,0.5130582250570823,0.003928796736830694,0.003928796736830694,0.003928796736830694,0.5091294283202515,0.5091294283202515,0.5091294283202515,0.0,0.0,0.0,1.3318180940925097,0.9691325077333097,1
233,2015-11-02,0.8235177783600356,-4.8347925960717175,8.691376277759005,0.8235177783600356,0.8235177783600356,0.9122326800099934,0.9122326800099934,0.9122326800099934,0.06302283964521391,0.06302283964521391,0.06302283964521391,0.8492098403647794,0.8492098403647794,0.8492098403647794,0.0,0.0,0.0,1.735750458370029,1.0631002575375605,1
234,2015-11-03,0.8251037481349048,-5.374793765885787,8.394042124481112,0.8251037481349048,0.8251037481349048,1.0109424172962218,1.0109424172962218,1.0109424172962218,0.044313532660040636,0.044313532660040636,0.044313532660040636,0.9666288846361812,0.9666288846361812,0.9666288846361812,0.0,0.0,0.0,1.8360461654311266,1.1687745335802526,1
235,2015-11-04,0.8266897179097741,-5.2169706484143985,9.164796111473374,0.8266897179097741,0.8266897179097741,1.0493195386958463,1.0493195386958463,1.0493195386958463,-0.033337252191191775,-0.033337252191191775,-0.033337252191191775,1.082656790887038,1.082656790887038,1.082656790887038,0.0,0.0,0.0,1.8760092566056203,1.2851267061008307,1
236,2015-11-05,0.8282756876846437,-4.038901165243823,8.983142626570846,0.8282756876846437,0.8282756876846437,1.2338298120734474,1.2338298120734474,1.2338298120734474,0.03864826539198158,0.03864826539198158,0.03864826539198158,1.195181546681466,1.195181546681466,1.195181546681466,0.0,0.0,0.0,2.062105499758091,1.410805562679529,1
237,2015-11-06,0.8298616574595129,-5.0010765657883045,8.484953584778193,0.8298616574595129,0.8298616574595129,1.3060463744358914,1.3060463744358914,1.3060463744358914,0.0039287967367872285,0.0039287967367872285,0.0039287967367872285,1.3021175776991043,1.3021175776991043,1.3021175776991043,0.0,0.0,0.0,2.1359080318954042,1.5441681171241037,1
238,2015-11-09,0.8346195667841209,-4.293078972988489,8.914526042717656,0.8346195667841209,0.8346195667841209,1.632902061271961,1.632902061271961,1.632902061271961,0.06302283964498302,0.06302283964498302,0.06302283964498302,1.569879221626978,1.569879221626978,1.569879221626978,0.0,0.0,0.0,2.467521628056082,1.6884040174602526,1
239,2015-11-10,0.8362055365589903,-4.038484537529908,10.171544908628988,0.8362055365589903,0.8362055365589903,1.6799937763755632,1.6799937763755632,1.6799937763755632,0.04431353266005616,0.04431353266005616,0.04431353266005616,1.6356802437155071,1.6356802437155071,1.6356802437155071,0.0,0.0,0.0,2.5161993129345537,1.831665966117912,1
240,2015-11-11,0.8377915063338597,-4.346847301630589,9.648509300691165,0.8377915063338597,0.8377915063338597,1.6540230787245385,1.6540230787245385,1.6540230787245385,-0.03333725219120526,-0.03333725219120526,-0.03333725219120526,1.6873603309157441,1.6873603309157441,1.6873603309157441,0.0,0.0,0.0,2.491814585058398,1.9715138678171165,1
241,2015-11-12,0.8393774761087289,-4.256177451974647,9.265960814866604,0.8393774761087289,0.8393774761087289,1.7624854851875045,1.7624854851875045,1.7624854851875045,0.03864826539198945,0.03864826539198945,0.03864826539198945,1.723837219795515,1.723837219795515,1.723837219795515,0.0,0.0,0.0,2.6018629612962334,2.105503599349805,1
242,2015-11-13,0.8409682254941789,-4.094937050309794,9.58573546353863,0.8409682254941789,0.8409682254941789,1.748222772138564,1.748222772138564,1.748222772138564,0.003928796736725836,0.003928796736725836,0.003928796736725836,1.744293975401838,1.744293975401838,1.744293975401838,0.0,0.0,0.0,2.589190997632743,2.231240889703828,1
243,2015-11-16,0.8457404736505284,-3.9775325015158254,9.325445598161552,0.8457404736505284,0.8457404736505284,1.7685905121212204,1.7685905121212204,1.7685905121212204,0.06302283964499686,0.06302283964499686,0.06302283964499686,1.7055676724762237,1.7055676724762237,1.7055676724762237,0.0,0.0,0.0,2.614330985771749,2.319098942444,1
244,2015-11-17,0.8473312230359782,-4.023544813342824,9.703353981705131,0.8473312230359782,0.8473312230359782,1.7036906250943098,1.7036906250943098,1.7036906250943098,0.04431353266014048,0.04431353266014048,0.04431353266014048,1.6593770924341693,1.6593770924341693,1.6593770924341693,0.0,0.0,0.0,2.551021848130288,2.3905965107139164,1
245,2015-11-18,0.8489219724214281,-3.9274040418916694,9.268493640370373,0.8489219724214281,0.8489219724214281,1.5639312483071879,1.5639312483071879,1.5639312483071879,-0.03333725219123008,-0.03333725219123008,-0.03333725219123008,1.5972685004984182,1.5972685004984182,1.5972685004984182,0.0,0.0,0.0,2.412853220728616,2.444280907126216,-1
246,2015-11-19,0.850512721806878,-4.413453507125223,9.302839553104931,0.850512721806878,0.850512721806878,1.5587023500971566,1.5587023500971566,1.5587023500971566,0.038648265392042816,0.038648265392042816,0.038648265392042816,1.5200540847051138,1.5200540847051138,1.5200540847051138,0.0,0.0,0.0,2.4092150719040344,2.47899186434081,-1
247,2015-11-20,0.8521034711923279,-4.448454843365003,9.209976461411648,0.8521034711923279,0.8521034711923279,1.4326975304551763,1.4326975304551763,1.4326975304551763,0.003928796736673402,0.003928796736673402,0.003928796736673402,1.4287687337185029,1.4287687337185029,1.4287687337185029,0.0,0.0,0.0,2.284801001647504,2.49388116131602,-1
248,2015-11-23,0.8568757193486773,-4.293004060493289,8.63809465087663,0.8568757193486773,0.8568757193486773,1.1466145996756765,1.1466145996756765,1.1466145996756765,0.06302283964513737,0.06302283964513737,0.06302283964513737,1.083591760030539,1.083591760030539,1.083591760030539,0.0,0.0,0.0,2.003490319024354,2.447478030412847,-1
249,2015-11-24,0.8584664687341272,-5.001624315838878,8.927196812765324,0.8584664687341272,0.8584664687341272,0.9941385727220636,0.9941385727220636,0.9941385727220636,0.04431353265998807,0.04431353265998807,0.04431353265998807,0.9498250400620756,0.9498250400620756,0.9498250400620756,0.0,0.0,0.0,1.852605041456191,2.381118603265011,-1
250,2015-11-25,0.8600572181195771,-5.3338636388243925,8.35521366386216,0.8600572181195771,0.8600572181195771,0.7761305929080026,0.7761305929080026,0.7761305929080026,-0.03333725219125489,-0.03333725219125489,-0.03333725219125489,0.8094678450992575,0.8094678450992575,0.8094678450992575,0.0,0.0,0.0,1.6361878110275798,2.2955559258619296,-1
251,2015-11-27,0.8632387168904768,-5.920433941069727,8.263874216280225,0.8632387168904768,0.8632387168904768,0.5198010375951713,0.5198010375951713,0.5198010375951713,0.003928796736762005,0.003928796736762005,0.003928796736762005,0.5158722408584092,0.5158722408584092,0.5158722408584092,0.0,0.0,0.0,1.383039754485648,2.1736736051808707,-1
252,2015-11-30,0.8680109650468264,-5.736071338233357,7.86116679940827,0.8680109650468264,0.8680109650468264,0.13137492670756662,0.13137492670756662,0.13137492670756662,0.06302283964503316,0.06302283964503316,0.06302283964503316,0.06835208706253347,0.06835208706253347,0.06835208706253347,0.0,0.0,0.0,0.999385891754393,2.014693094593036,-1
253,2015-12-01,0.8696017144322763,-6.064695445426175,7.847963260852745,0.8696017144322763,0.8696017144322763,-0.032250528628881295,-0.032250528628881295,-0.032250528628881295,0.04431353265995404,0.04431353265995404,0.04431353265995404,-0.07656406128883533,-0.07656406128883533,-0.07656406128883533,0.0,0.0,0.0,0.837351185803395,1.8369951145962005,-1
254,2015-12-02,0.8711924638177261,-6.7336373634476505,7.085668876279907,0.8711924638177261,0.8711924638177261,-0.25045809342676145,-0.25045809342676145,-0.25045809342676145,-0.03333725219117743,-0.03333725219117743,-0.03333725219117743,-0.217120841235584,-0.217120841235584,-0.217120841235584,0.0,0.0,0.0,0.6207343703909647,1.6439663668222682,-1
255,2015-12-03,0.8727832132031759,-6.593303002990091,6.952077299602597,0.8727832132031759,0.8727832132031759,-0.31354951244005597,-0.31354951244005597,-0.31354951244005597,0.03864826539191269,0.03864826539191269,0.03864826539191269,-0.3521977778319687,-0.3521977778319687,-0.3521977778319687,0.0,0.0,0.0,0.5592337007631198,1.4586044148257185,-1
256,2015-12-04,0.8743739625886257,-6.57918201047279,7.238436269073468,0.8743739625886257,0.8743739625886257,-0.47690915381841736,-0.47690915381841736,-0.47690915381841736,0.003928796736700616,0.003928796736700616,0.003928796736700616,-0.480837950555118,-0.480837950555118,-0.480837950555118,0.0,0.0,0.0,0.3974648087702083,1.2574293885123358,-1
257,2015-12-07,0.8791462107449753,-6.557911430694157,6.950242039735948,0.8791462107449753,0.8791462107449753,-0.7581277528485614,-0.7581277528485614,-0.7581277528485614,0.06302283964504699,0.06302283964504699,0.06302283964504699,-0.8211505924936084,-0.8211505924936084,-0.8211505924936084,0.0,0.0,0.0,0.12101845789641397,1.0410511341372266,-1
258,2015-12-08,0.8807369601304251,-6.793769205599589,7.192621980989469,0.8807369601304251,0.8807369601304251,-0.8736091278092241,-0.8736091278092241,-0.8736091278092241,0.04431353265996956,0.04431353265996956,0.04431353265996956,-0.9179226604691935,-0.9179226604691935,-0.9179226604691935,0.0,0.0,0.0,0.007127832321201066,0.8414148854669115,-1
259,2015-12-09,0.8823277095158749,-7.146353533839822,6.326959591780515,0.8823277095158749,0.8823277095158749,-1.0393865170843817,-1.0393865170843817,-1.0393865170843817,-0.03333725219129319,-0.03333725219129319,-0.03333725219129319,-1.0060492648930883,-1.0060492648930883,-1.0060492648930883,0.0,0.0,0.0,-0.15705880756850676,0.6404485005644417,-1
260,2015-12-10,0.8839184589013248,-7.29887473375691,6.398531634070444,0.8839184589013248,0.8839184589013248,-1.0469279328435523,-1.0469279328435523,-1.0469279328435523,0.03864826539196605,0.03864826539196605,0.03864826539196605,-1.0855761982355183,-1.0855761982355183,-1.0855761982355183,0.0,0.0,0.0,-0.16300947394222753,0.46052877206746096,-1
261,2015-12-11,0.8855092082867746,-6.805025164742163,6.512317528062566,0.8855092082867746,0.8855092082867746,-1.1527590885267982,-1.1527590885267982,-1.1527590885267982,0.0039287967366571554,0.0039287967366571554,0.0039287967366571554,-1.1566878852634555,-1.1566878852634555,-1.1566878852634555,0.0,0.0,0.0,-0.2672498802400236,0.2954998085948938,-1
262,2015-12-14,0.8902814564431243,-7.226511471408493,6.397744440074976,0.8902814564431243,0.8902814564431243,-1.2601070742427556,-1.2601070742427556,-1.2601070742427556,0.06302283964506514,0.06302283964506514,0.06302283964506514,-1.3231299138878205,-1.3231299138878205,-1.3231299138878205,0.0,0.0,0.0,-0.3698256177996313,0.15857865763949136,-1
263,2015-12-15,0.8918722058285741,-6.90058893715222,6.408227352561288,0.8918722058285741,0.8918722058285741,-1.320330226590962,-1.320330226590962,-1.320330226590962,0.04431353265981716,0.04431353265981716,0.04431353265981716,-1.3646437592507792,-1.3646437592507792,-1.3646437592507792,0.0,0.0,0.0,-0.4284580207623879,0.03199773698291307,-1
264,2015-12-16,0.8934629552140239,-7.302561516424622,6.187341568298914,0.8934629552140239,0.8934629552140239,-1.4335129745186086,-1.4335129745186086,-1.4335129745186086,-0.03333725219122707,-0.03333725219122707,-0.03333725219122707,-1.4001757223273819,-1.4001757223273819,-1.4001757223273819,0.0,0.0,0.0,-0.5400500193045847,-0.08408070198664187,-1
265,2015-12-17,0.8950537045994736,-7.776831968633532,6.148541335982463,0.8950537045994736,0.8950537045994736,-1.3917422956414311,-1.3917422956414311,-1.3917422956414311,0.03864826539201941,0.03864826539201941,0.03864826539201941,-1.4303905610334504,-1.4303905610334504,-1.4303905610334504,0.0,0.0,0.0,-0.4966885910419575,-0.1896729311671496,-1
266,2015-12-18,0.8966444539849238,-7.693270843845433,6.19220529571267,0.8966444539849238,0.8966444539849238,-1.4520425130297636,-1.4520425130297636,-1.4520425130297636,0.003928796736745744,0.003928796736745744,0.003928796736745744,-1.4559713097665092,-1.4559713097665092,-1.4559713097665092,0.0,0.0,0.0,-0.5553980590448399,-0.2849592179486544,-1
267,2015-12-21,0.9014167021412731,-7.020775202608091,6.138174518560838,0.9014167021412731,0.9014167021412731,-1.4486627955969138,-1.4486627955969138,-1.4486627955969138,0.06302283964508328,0.06302283964508328,0.06302283964508328,-1.511685635241997,-1.511685635241997,-1.511685635241997,0.0,0.0,0.0,-0.5472460934556407,-0.3517856730838599,-1
268,2015-12-22,0.903007451526723,-7.352383023088951,6.236987394427588,0.903007451526723,0.903007451526723,-1.4810793937495974,-1.4810793937495974,-1.4810793937495974,0.04431353265990148,0.04431353265990148,0.04431353265990148,-1.5253929264094988,-1.5253929264094988,-1.5253929264094988,0.0,0.0,0.0,-0.5780719422228744,-0.4103056505382674,-1
269,2015-12-23,0.9045982009121728,-7.398973453650042,6.491777741226744,0.9045982009121728,0.9045982009121728,-1.5709809632174974,-1.5709809632174974,-1.5709809632174974,-0.03333725219132015,-0.03333725219132015,-0.03333725219132015,-1.5376437110261771,-1.5376437110261771,-1.5376437110261771,0.0,0.0,0.0,-0.6663827623053246,-0.4612380460119493,-1
270,2015-12-24,0.9061889502976226,-7.1834368122299646,6.007843743802343,0.9061889502976226,0.9061889502976226,-1.5102977615893118,-1.5102977615893118,-1.5102977615893118,0.038648265391908854,0.038648265391908854,0.038648265391908854,-1.5489460269812205,-1.5489460269812205,-1.5489460269812205,0.0,0.0,0.0,-0.6041088112916893,-0.5053479797468954,-1
271,2015-12-28,0.9125519478394221,-7.465720205094471,6.223808213531928,0.9125519478394221,0.9125519478394221,-1.5295985576631252,-1.5295985576631252,-1.5295985576631252,0.06302283964510143,0.06302283964510143,0.06302283964510143,-1.5926213973082266,-1.5926213973082266,-1.5926213973082266,0.0,0.0,0.0,-0.6170466098237032,-0.5403276527052634,-1
272,2015-12-29,0.9141426972248718,-7.433991442051887,6.0238931675252045,0.9141426972248718,0.9141426972248718,-1.5602403387788326,-1.5602403387788326,-1.5602403387788326,0.04431353265991701,0.04431353265991701,0.04431353265991701,-1.6045538714387495,-1.6045538714387495,-1.6045538714387495,0.0,0.0,0.0,-0.6460976415539608,-0.5679548550806963,-1
273,2015-12-30,0.9157334466103216,-7.97827169983343,5.965789833276405,0.9157334466103216,0.9157334466103216,-1.6505487712418367,-1.6505487712418367,-1.6505487712418367,-0.03333725219125404,-0.03333725219125404,-0.03333725219125404,-1.6172115190505827,-1.6172115190505827,-1.6172115190505827,0.0,0.0,0.0,-0.7348153246315151,-0.598590585467609,-1
274,2015-12-31,0.9173241959957718,-7.21761562717187,6.623759908199199,0.9173241959957718,0.9173241959957718,-1.5919901633396487,-1.5919901633396487,-1.5919901633396487,0.03864826539196222,0.03864826539196222,0.03864826539196222,-1.6306384287316111,-1.6306384287316111,-1.6306384287316111,0.0,0.0,0.0,-0.674665967343877,-0.6120521802715382,-1
275,2016-01-04,0.923687193537571,-7.2281405007466395,6.745833878787774,0.923687193537571,0.923687193537571,-1.6278295016592477,-1.6278295016592477,-1.6278295016592477,0.06302283964511526,0.06302283964511526,0.06302283964511526,-1.690852341304363,-1.690852341304363,-1.690852341304363,0.0,0.0,0.0,-0.7041423081216767,-0.6327975519795102,-1
276,2016-01-05,0.925277942923021,-7.710130674487072,5.969864285540634,0.925277942923021,0.925277942923021,-1.6624678135814455,-1.6624678135814455,-1.6624678135814455,0.04431353265988297,0.04431353265988297,0.04431353265988297,-1.7067813462413284,-1.7067813462413284,-1.7067813462413284,0.0,0.0,0.0,-0.7371898706584245,-0.6509767331408686,-1
277,2016-01-06,0.9268686923084708,-7.7519906303181045,6.028155106897425,0.9268686923084708,0.9268686923084708,-1.7559437832458997,-1.7559437832458997,-1.7559437832458997,-0.03333725219127885,-0.03333725219127885,-0.03333725219127885,-1.7226065310546208,-1.7226065310546208,-1.7226065310546208,0.0,0.0,0.0,-0.8290750909374289,-0.6791596328890475,-1
278,2016-01-07,0.9284594416939207,-7.408564791122633,6.290828890848967,0.9284594416939207,0.9284594416939207,-1.699390845298753,-1.699390845298753,-1.699390845298753,0.03864826539197008,0.03864826539197008,0.03864826539197008,-1.738039110690723,-1.738039110690723,-1.738039110690723,0.0,0.0,0.0,-0.7709314036048323,-0.6984455790272432,-1
279,2016-01-08,0.9300501910793705,-7.103079384140672,6.046642643721854,0.9300501910793705,0.9300501910793705,-1.7488350980805687,-1.7488350980805687,-1.7488350980805687,0.003928796736588462,0.003928796736588462,0.003928796736588462,-1.752763894817157,-1.752763894817157,-1.752763894817157,0.0,0.0,0.0,-0.8187849070011982,-0.7136857934968306,-1
280,2016-01-11,0.9348224392357198,-7.446899895337175,6.178329204649623,0.9348224392357198,0.9348224392357198,-1.7262396659423307,-1.7262396659423307,-1.7262396659423307,0.0630228396451334,0.0630228396451334,0.0630228396451334,-1.789262505587464,-1.789262505587464,-1.789262505587464,0.0,0.0,0.0,-0.7914172267066109,-0.7324166350383228,-1
281,2016-01-12,0.9364131886211696,-7.432566311630884,5.915431348082369,0.9364131886211696,0.9364131886211696,-1.75336132160245,-1.75336132160245,-1.75336132160245,0.04431353265984893,0.04431353265984893,0.04431353265984893,-1.7976748542622991,-1.7976748542622991,-1.7976748542622991,0.0,0.0,0.0,-0.8169481329812803,-0.7524067873540805,-1
282,2016-01-13,0.9380039380066197,-7.630550014140948,6.41370758970846,0.9380039380066197,0.9380039380066197,-1.8369440272309432,-1.8369440272309432,-1.8369440272309432,-0.03333725219130367,-0.03333725219130367,-0.03333725219130367,-1.8036067750396396,-1.8036067750396396,-1.8036067750396396,0.0,0.0,0.0,-0.8989400892243234,-0.7776910321211167,-1
283,2016-01-14,0.9395946873920695,-7.934405266011068,6.390454514068194,0.9395946873920695,0.9395946873920695,-1.7680567397746987,-1.7680567397746987,-1.7680567397746987,0.038648265391950515,0.038648265391950515,0.038648265391950515,-1.8067050051666493,-1.8067050051666493,-1.8067050051666493,0.0,0.0,0.0,-0.8284620523826292,-0.7870557048962281,-1
284,2016-01-15,0.9411854367775193,-7.642598601633394,5.2271686404630495,0.9411854367775193,0.9411854367775193,-1.802701757804711,-1.802701757804711,-1.802701757804711,0.003928796736677055,0.003928796736677055,0.003928796736677055,-1.806630554541388,-1.806630554541388,-1.806630554541388,0.0,0.0,0.0,-0.8615163210271918,-0.8057407402645597,-1
285,2016-01-19,0.9475484343193188,-7.960042456665881,6.784540191584062,0.9475484343193188,0.9475484343193188,-1.7243537142821124,-1.7243537142821124,-1.7243537142821124,0.044313532660150756,0.044313532660150756,0.044313532660150756,-1.7686672469422633,-1.7686672469422633,-1.7686672469422633,0.0,0.0,0.0,-0.7768052799627936,-0.8130070374486713,1
286,2016-01-20,0.9491391837047687,-7.492677390381638,6.276296739053279,0.9491391837047687,0.9491391837047687,-1.7819082980039365,-1.7819082980039365,-1.7819082980039365,-0.03333725219131715,-0.03333725219131715,-0.03333725219131715,-1.7485710458126196,-1.7485710458126196,-1.7485710458126196,0.0,0.0,0.0,-0.8327691142991678,-0.8225649618127455,-1
287,2016-01-21,0.9507299330902185,-7.739114805917972,6.447983103564897,0.9507299330902185,0.9507299330902185,-1.6852604433691483,-1.6852604433691483,-1.6852604433691483,0.038648265391958384,0.038648265391958384,0.038648265391958384,-1.723908708761107,-1.723908708761107,-1.723908708761107,0.0,0.0,0.0,-0.7345305102789298,-0.8131105037468958,1
288,2016-01-22,0.9523206824756683,-7.885776303104181,6.224759839866423,0.9523206824756683,0.9523206824756683,-1.6906809272119778,-1.6906809272119778,-1.6906809272119778,0.003928796736624629,0.003928796736624629,0.003928796736624629,-1.6946097239486024,-1.6946097239486024,-1.6946097239486024,0.0,0.0,0.0,-0.7383602447363096,-0.8098533878600435,1
289,2016-01-25,0.957092930632018,-6.819958312035129,6.740078301108656,0.957092930632018,0.957092930632018,-1.5160917569317311,-1.5160917569317311,-1.5160917569317311,0.06302283964504303,0.06302283964504303,0.06302283964504303,-1.5791145965767743,-1.5791145965767743,-1.5791145965767743,0.0,0.0,0.0,-0.5589988262997132,-0.783874779789895,1
290,2016-01-26,0.9586836800174677,-7.762255058484801,6.20979868839242,0.9586836800174677,0.9586836800174677,-1.4875102005133662,-1.4875102005133662,-1.4875102005133662,0.04431353266011672,0.04431353266011672,0.04431353266011672,-1.5318237331734827,-1.5318237331734827,-1.5318237331734827,0.0,0.0,0.0,-0.5288265204958985,-0.7576157091688237,1
291,2016-01-27,0.9602744294029175,-7.231089556663929,6.074733519023045,0.9602744294029175,0.9602744294029175,-1.5138511889589314,-1.5138511889589314,-1.5138511889589314,-0.033337252191251034,-0.033337252191251034,-0.033337252191251034,-1.4805139367676805,-1.4805139367676805,-1.4805139367676805,0.0,0.0,0.0,-0.5535767595560139,-0.7312785718262971,1
292,2016-01-28,0.9618651787883673,-6.857404793630306,6.430417434588185,0.9618651787883673,0.9618651787883673,-1.3868686888865764,-1.3868686888865764,-1.3868686888865764,0.038648265392011744,0.038648265392011744,0.038648265392011744,-1.4255169542785882,-1.4255169542785882,-1.4255169542785882,0.0,0.0,0.0,-0.42500351009820914,-0.6838849139136857,1
293,2016-01-29,0.9634559281738172,-6.950252017191477,6.6113328854225,0.9634559281738172,0.9634559281738172,-1.3633040874031104,-1.3633040874031104,-1.3633040874031104,0.003928796736563233,0.003928796736563233,0.003928796736563233,-1.3672328841396737,-1.3672328841396737,-1.3672328841396737,0.0,0.0,0.0,-0.3998481592292932,-0.6410235245983521,1
294,2016-02-01,0.9682281763301668,-6.679541023506187,7.168681087242028,0.9682281763301668,0.9682281763301668,-1.1145790270000593,-1.1145790270000593,-1.1145790270000593,0.06302283964518353,0.06302283964518353,0.06302283964518353,-1.1776018666452428,-1.1776018666452428,-1.1776018666452428,0.0,0.0,0.0,-0.1463508506698925,-0.5695069775626221,1
295,2016-02-02,0.9698189257156167,-6.813795630322544,7.035085706958634,0.9698189257156167,0.9698189257156167,-1.0670711342078172,-1.0670711342078172,-1.0670711342078172,0.04431353266008269,0.04431353266008269,0.04431353266008269,-1.1113846668679,-1.1113846668679,-1.1113846668679,0.0,0.0,0.0,-0.09725220849220051,-0.5015516704155629,1
296,2016-02-03,0.9714096751010665,-7.311404199747229,6.415418886364433,0.9714096751010665,0.9714096751010665,-1.0780678230188088,-1.0780678230188088,-1.0780678230188088,-0.03333725219118491,-0.03333725219118491,-0.03333725219118491,-1.0447305708276236,-1.0447305708276236,-1.0447305708276236,0.0,0.0,0.0,-0.10665814791774231,-0.4289405737774203,1
297,2016-02-04,0.9730004244865162,-6.433297837999407,7.228805264028654,0.9730004244865162,0.9730004244865162,-0.9396737055455154,-0.9396737055455154,-0.9396737055455154,0.038648265392065104,0.038648265392065104,0.038648265392065104,-0.9783219709375806,-0.9783219709375806,-0.9783219709375806,0.0,0.0,0.0,0.03332671894100081,-0.3521548508554272,1
298,2016-02-05,0.9745911738719664,-6.6526231564705345,7.076312823049062,0.9745911738719664,0.9745911738719664,-0.9089238354557095,-0.9089238354557095,-0.9089238354557095,0.00392879673682873,0.00392879673682873,0.00392879673682873,-0.9128526321925383,-0.9128526321925383,-0.9128526321925383,0.0,0.0,0.0,0.06566733841625683,-0.2717520925401706,1
299,2016-02-08,0.9793634220283157,-6.188756648973179,7.385298300019035,0.9793634220283157,0.9793634220283157,-0.6658757053447972,-0.6658757053447972,-0.6658757053447972,0.06302283964520168,0.06302283964520168,0.06302283964520168,-0.7288985449899987,-0.7288985449899987,-0.7288985449899987,0.0,0.0,0.0,0.3134877166835185,-0.18450343824184742,1
300,2016-02-09,0.9809541714137655,-6.702653167776325,6.882585206438969,0.9809541714137655,0.9809541714137655,-0.629549275457688,-0.629549275457688,-0.629549275457688,0.04431353265993028,0.04431353265993028,0.04431353265993028,-0.6738628081176182,-0.6738628081176182,-0.6738628081176182,0.0,0.0,0.0,0.3514048959560775,-0.09648029659664978,1
301,2016-02-10,0.9825449207992153,-6.4822212271805455,7.5225227889409565,0.9825449207992153,0.9825449207992153,-0.6562483622379132,-0.6562483622379132,-0.6562483622379132,-0.03333725219119839,-0.03333725219119839,-0.03333725219119839,-0.6229111100467147,-0.6229111100467147,-0.6229111100467147,0.0,0.0,0.0,0.32629655856130213,-0.008492964784918188,1
302,2016-02-11,0.9841356701846654,-6.019951444612885,6.847768053514232,0.9841356701846654,0.9841356701846654,-0.5378572845749962,-0.5378572845749962,-0.5378572845749962,0.038648265392000045,0.038648265392000045,0.038648265392000045,-0.5765055499669962,-0.5765055499669962,-0.5765055499669962,0.0,0.0,0.0,0.44627838560966926,0.07863522478586965,1
303,2016-02-12,0.9857264195701152,-6.816424684166427,7.315361581172586,0.9857264195701152,0.9857264195701152,-0.5310918598376967,-0.5310918598376967,-0.5310918598376967,0.003928796736767328,0.003928796736767328,0.003928796736767328,-0.535020656574464,-0.535020656574464,-0.535020656574464,0.0,0.0,0.0,0.4546345597324185,0.1640834966820408,1
304,2016-02-16,0.9920894171119145,-6.425972616229263,7.402331518295675,0.9920894171119145,0.9920894171119145,-0.3778160351391768,-0.3778160351391768,-0.3778160351391768,0.04431353266018254,0.04431353266018254,0.04431353266018254,-0.4221295677993593,-0.4221295677993593,-0.4221295677993593,0.0,0.0,0.0,0.6142733819727377,0.24014591994630385,1
305,2016-02-17,0.9936801664973642,-6.304797862339882,7.309267102905239,0.9936801664973642,0.9936801664973642,-0.44045320726996473,-0.44045320726996473,-0.44045320726996473,-0.03333725219122321,-0.03333725219122321,-0.03333725219122321,-0.40711595507874154,-0.40711595507874154,-0.40711595507874154,0.0,0.0,0.0,0.5532269592273995,0.30519383671826383,1
306,2016-02-18,0.9952709158828144,-6.117698217544421,7.139941758902318,0.9952709158828144,0.9952709158828144,-0.35829214773462426,-0.35829214773462426,-0.35829214773462426,0.038648265392007906,0.038648265392007906,0.038648265392007906,-0.3969404131266322,-0.3969404131266322,-0.3969404131266322,0.0,0.0,0.0,0.6369787681481901,0.37955752832485706,1
307,2016-02-19,0.9968616652682641,-6.819573486387313,7.6202394413895735,0.9968616652682641,0.9968616652682641,-0.3872416688517404,-0.3872416688517404,-0.3872416688517404,0.0039287967367149,0.0039287967367149,0.0039287967367149,-0.39117046558845525,-0.39117046558845525,-0.39117046558845525,0.0,0.0,0.0,0.6096199964165238,0.43718685607240937,1
308,2016-02-22,1.0016339134246135,-6.1904950255529885,7.537773297146756,1.0016339134246135,1.0016339134246135,-0.3313441732398302,-0.3313441732398302,-0.3313441732398302,0.06302283964498463,0.06302283964498463,0.06302283964498463,-0.3943670128848148,-0.3943670128848148,-0.3943670128848148,0.0,0.0,0.0,0.6702897401847834,0.497649096249262,1
309,2016-02-23,1.0032246628100636,-6.07399894500175,6.9876257646122415,1.0032246628100636,1.0032246628100636,-0.35552870841831186,-0.35552870841831186,-0.35552870841831186,0.04431353266003013,0.04431353266003013,0.04431353266003013,-0.399842241078342,-0.399842241078342,-0.399842241078342,0.0,0.0,0.0,0.6476959543917518,0.5310699200200854,1
310,2016-02-24,1.0048154121955135,-6.158161281022952,7.453839655367499,1.0048154121955135,1.0048154121955135,-0.43947651587542785,-0.43947651587542785,-0.43947651587542785,-0.03333725219124803,-0.03333725219124803,-0.03333725219124803,-0.4061392636841798,-0.4061392636841798,-0.4061392636841798,0.0,0.0,0.0,0.5653388963200856,0.5524633200564861,1
311,2016-02-25,1.0064061615809632,-6.160752848667399,7.751440285115162,1.0064061615809632,1.0064061615809632,-0.37371735521805327,-0.37371735521805327,-0.37371735521805327,0.038648265392015775,0.038648265392015775,0.038648265392015775,-0.4123656206100691,-0.4123656206100691,-0.4123656206100691,0.0,0.0,0.0,0.6326888063629099,0.5831025448366469,1
312,2016-02-26,1.007996910966413,-6.166562795655188,7.83171749093657,1.007996910966413,1.007996910966413,-0.4136880829002111,-0.4136880829002111,-0.4136880829002111,0.003928796736803503,0.003928796736803503,0.003928796736803503,-0.4176168796370146,-0.4176168796370146,-0.4176168796370146,0.0,0.0,0.0,0.594308828066202,0.5979055890823002,-1
313,2016-02-29,1.0127691591227628,-6.0399827200397835,7.873396545577075,1.0127691591227628,1.0127691591227628,-0.3557576599838752,-0.3557576599838752,-0.3557576599838752,0.06302283964500278,0.06302283964500278,0.06302283964500278,-0.41878049962887803,-0.41878049962887803,-0.41878049962887803,0.0,0.0,0.0,0.6570114991388876,0.6181432830229472,1
314,2016-03-01,1.0143599085082124,-6.278621288957035,7.6777888688391585,1.0143599085082124,1.0143599085082124,-0.36734307787617115,-0.36734307787617115,-0.36734307787617115,0.04431353265999609,0.04431353265999609,0.04431353265999609,-0.4116566105361672,-0.4116566105361672,-0.4116566105361672,0.0,0.0,0.0,0.6470168306320413,0.6214176278888776,1
315,2016-03-02,1.0159506578936623,-6.226267169528585,7.631205105556333,1.0159506578936623,1.0159506578936623,-0.4330011860168553,-0.4330011860168553,-0.4330011860168553,-0.03333725219118191,-0.03333725219118191,-0.03333725219118191,-0.3996639338256734,-0.3996639338256734,-0.3996639338256734,0.0,0.0,0.0,0.5829494718768071,0.6243898791538183,-1
316,2016-03-03,1.017541407279112,-6.010105946496482,7.665260249050922,1.017541407279112,1.017541407279112,-0.3436567118313883,-0.3436567118313883,-0.3436567118313883,0.03864826539187779,0.03864826539187779,0.03864826539187779,-0.3823049772232661,-0.3823049772232661,-0.3823049772232661,0.0,0.0,0.0,0.6738846954477238,0.6280804718837716,1
317,2016-03-04,1.019132156664562,-6.291880674684704,7.152337279368111,1.019132156664562,1.019132156664562,-0.3552919618315796,-0.3552919618315796,-0.3552919618315796,0.003928796736751077,0.003928796736751077,0.003928796736751077,-0.35922075856833063,-0.35922075856833063,-0.35922075856833063,0.0,0.0,0.0,0.6638401948329824,0.6335024917254175,1
318,2016-03-07,1.0239044048209114,-5.618151147746933,6.969891171209121,1.0239044048209114,1.0239044048209114,-0.19135294562074798,-0.19135294562074798,-0.19135294562074798,0.06302283964502092,0.06302283964502092,0.06302283964502092,-0.25437578526576893,-0.25437578526576893,-0.25437578526576893,0.0,0.0,0.0,0.8325514592001634,0.6497286636269555,1
319,2016-03-08,1.0254951542063615,-6.325789143219405,7.841892137460064,1.0254951542063615,1.0254951542063615,-0.16367573624242915,-0.16367573624242915,-0.16367573624242915,0.04431353266001162,0.04431353266001162,0.04431353266001162,-0.2079892689024408,-0.2079892689024408,-0.2079892689024408,0.0,0.0,0.0,0.8618194179639324,0.6711410099841736,1
320,2016-03-09,1.0270859035918112,-5.981067086415651,7.65274141702348,1.0270859035918112,1.0270859035918112,-0.18986300989804486,-0.18986300989804486,-0.18986300989804486,-0.033337252191286325,-0.033337252191286325,-0.033337252191286325,-0.15652575770675853,-0.15652575770675853,-0.15652575770675853,0.0,0.0,0.0,0.8372228936937663,0.6983294097215417,1
321,2016-03-10,1.028676652977261,-6.189762155072397,7.742804765215982,1.028676652977261,1.028676652977261,-0.06197342061892323,-0.06197342061892323,-0.06197342061892323,0.03864826539197664,0.03864826539197664,0.03864826539197664,-0.10062168601089988,-0.10062168601089988,-0.10062168601089988,0.0,0.0,0.0,0.9667032323583379,0.7317308523210844,1
322,2016-03-11,1.0302674023627107,-6.110108873090393,7.490327461415946,1.0302674023627107,1.0302674023627107,-0.03713986408823651,-0.03713986408823651,-0.03713986408823651,0.003928796736698647,0.003928796736698647,0.003928796736698647,-0.041068660824935155,-0.041068660824935155,-0.041068660824935155,0.0,0.0,0.0,0.9931275382744742,0.7716127233419117,1
323,2016-03-14,1.0350520237434415,-5.214953595151634,7.989984095943089,1.0350520237434415,1.0350520237434415,0.21259151569943294,0.21259151569943294,0.21259151569943294,0.06302283964503476,0.06302283964503476,0.06302283964503476,0.1495686760543982,0.1495686760543982,0.1495686760543982,0.0,0.0,0.0,1.2476435394428744,0.8306759273723102,1
324,2016-03-15,1.0366468975370184,-5.113419588109379,8.277648189899113,1.0366468975370184,1.0366468975370184,0.2575925064859251,0.2575925064859251,0.2575925064859251,0.04431353265997758,0.04431353265997758,0.04431353265997758,0.2132789738259475,0.2132789738259475,0.2132789738259475,0.0,0.0,0.0,1.2942394040229435,0.8953981847114004,1
325,2016-03-16,1.0382417713305954,-5.836112052593799,7.637693755102074,1.0382417713305954,1.0382417713305954,0.24164453469333802,0.24164453469333802,0.24164453469333802,-0.033337252191220204,-0.033337252191220204,-0.033337252191220204,0.2749817868845582,0.2749817868845582,0.2749817868845582,0.0,0.0,0.0,1.2798863060239334,0.9650918681261131,1
326,2016-03-17,1.0398366451241723,-5.558439039689266,8.572525225982238,1.0398366451241723,1.0398366451241723,0.3720241691553664,0.3720241691553664,0.3720241691553664,0.03864826539198451,0.03864826539198451,0.03864826539198451,0.3333759037633819,0.3333759037633819,0.3333759037633819,0.0,0.0,0.0,1.4118608142795388,1.0388894800092947,1
327,2016-03-18,1.0414315189177492,-5.57565195793399,8.516400970799268,1.0414315189177492,1.0414315189177492,0.39109871158802906,0.39109871158802906,0.39109871158802906,0.003928796736646219,0.003928796736646219,0.003928796736646219,0.38716991485138286,0.38716991485138286,0.38716991485138286,0.0,0.0,0.0,1.4325302305057783,1.1157584835765744,1
328,2016-03-21,1.0462161402984798,-5.483974822347836,8.219383134777038,1.0462161402984798,1.0462161402984798,0.5718376661911277,0.5718376661911277,0.5718376661911277,0.06302283964493055,0.06302283964493055,0.06302283964493055,0.5088148265461971,0.5088148265461971,0.5088148265461971,0.0,0.0,0.0,1.6180538064896075,1.1943087183055185,1
329,2016-03-22,1.0478110140920567,-4.630294121773781,8.417965768794877,1.0478110140920567,1.0478110140920567,0.576846163937023,0.576846163937023,0.576846163937023,0.04431353265994354,0.04431353265994354,0.04431353265994354,0.5325326312770795,0.5325326312770795,0.5325326312770795,0.0,0.0,0.0,1.6246571780290797,1.2705924943120335,1
330,2016-03-23,1.0494058878856338,-4.860370881303787,8.339179234159708,1.0494058878856338,1.0494058878856338,0.5130277465413011,0.5130277465413011,0.5130277465413011,-0.033337252191245025,-0.033337252191245025,-0.033337252191245025,0.5463649987325461,0.5463649987325461,0.5463649987325461,0.0,0.0,0.0,1.562433634426935,1.3431135683853503,1
331,2016-03-24,1.0510007616792105,-5.493427466530044,8.037889933262756,1.0510007616792105,1.0510007616792105,0.5883186396654075,0.5883186396654075,0.5883186396654075,0.03864826539187396,0.03864826539187396,0.03864826539187396,0.5496703742735336,0.5496703742735336,0.5496703742735336,0.0,0.0,0.0,1.639319401344618,1.4103751852839783,1
332,2016-03-28,1.0573802568535182,-5.180021991144074,8.307686560188092,1.0573802568535182,1.0573802568535182,0.5145101213685886,0.5145101213685886,0.5145101213685886,0.06302283964507105,0.06302283964507105,0.06302283964507105,0.4514872817235176,0.4514872817235176,0.4514872817235176,0.0,0.0,0.0,1.5718903782221068,1.4682514692787414,1
333,2016-03-29,1.0589751306470951,-5.301034845060014,8.936743676804486,1.0589751306470951,1.0589751306470951,0.4436438847416937,0.4436438847416937,0.4436438847416937,0.0443135326599095,0.0443135326599095,0.0443135326599095,0.39933035208178425,0.39933035208178425,0.39933035208178425,0.0,0.0,0.0,1.5026190153887888,1.493749016873333,1
334,2016-03-30,1.0605700044406718,-5.174015516385929,8.137844486669183,1.0605700044406718,1.0605700044406718,0.30359526326144215,0.30359526326144215,0.30359526326144215,-0.033337252191167566,-0.033337252191167566,-0.033337252191167566,0.33693251545260966,0.33693251545260966,0.33693251545260966,0.0,0.0,0.0,1.364165267702114,1.50074160324125,-1
335,2016-03-31,1.0621648782342488,-5.351635685763222,7.810834808491822,1.0621648782342488,1.0621648782342488,0.3036756554128021,0.3036756554128021,0.3036756554128021,0.03864826539192731,0.03864826539192731,0.03864826539192731,0.2650273900208748,0.2650273900208748,0.2650273900208748,0.0,0.0,0.0,1.365840533647051,1.509337026003562,-1
336,2016-04-01,1.0637597520278257,-5.604287655048291,8.110409943861937,1.0637597520278257,1.0637597520278257,0.18844306351032925,0.18844306351032925,0.18844306351032925,0.0039287967366913555,0.0039287967366913555,0.0039287967366913555,0.18451426677363789,0.18451426677363789,0.18451426677363789,0.0,0.0,0.0,1.2522028155381548,1.4933712261294234,-1
337,2016-04-04,1.0685443734085565,-5.267370990014181,7.712538908974305,1.0685443734085565,1.0685443734085565,-0.034644399883368794,-0.034644399883368794,-0.034644399883368794,0.06302283964508489,0.06302283964508489,0.06302283964508489,-0.09766723952845369,-0.09766723952845369,-0.09766723952845369,0.0,0.0,0.0,1.0338999735251877,1.4535082004313644,-1
338,2016-04-05,1.0701392472021334,-5.947996864695244,7.579620152393377,1.0701392472021334,1.0701392472021334,-0.1568084422139951,-0.1568084422139951,-0.1568084422139951,0.04431353265992503,0.04431353265992503,0.04431353265992503,-0.20112197487392017,-0.20112197487392017,-0.20112197487392017,0.0,0.0,0.0,0.9133308049881383,1.3830359002812176,-1
339,2016-04-06,1.0717341209957103,-6.15161675244214,7.858574677469465,1.0717341209957103,1.0717341209957103,-0.34039563003568707,-0.34039563003568707,-0.34039563003568707,-0.03333725219127199,-0.03333725219127199,-0.03333725219127199,-0.3070583778444151,-0.3070583778444151,-0.3070583778444151,0.0,0.0,0.0,0.7313384909600232,1.2937040315743116,-1
340,2016-04-07,1.0733289947892872,-5.844263227582574,7.642188062287816,1.0733289947892872,1.0733289947892872,-0.3754808018968594,-0.3754808018968594,-0.3754808018968594,0.03864826539193518,0.03864826539193518,0.03864826539193518,-0.41412906728879456,-0.41412906728879456,-0.41412906728879456,0.0,0.0,0.0,0.6978481928924278,1.207245487420861,-1
341,2016-04-08,1.0749238685828642,-6.491989537273253,7.801831659333866,1.0749238685828642,1.0749238685828642,-0.517089329681956,-0.517089329681956,-0.517089329681956,0.0039287967366299645,0.0039287967366299645,0.0039287967366299645,-0.5210181264185859,-0.5210181264185859,-0.5210181264185859,0.0,0.0,0.0,0.5578345389009082,1.09909700117649,-1
342,2016-04-11,1.079708489963595,-6.206110360399997,7.1304270189837,1.079708489963595,1.079708489963595,-0.7654923553480496,-0.7654923553480496,-0.7654923553480496,0.06302283964510302,0.06302283964510302,0.06302283964510302,-0.8285151949931526,-0.8285151949931526,-0.8285151949931526,0.0,0.0,0.0,0.3142161346155453,0.9733295768158341,-1
343,2016-04-12,1.0813033637571716,-6.627629654509393,7.036268100320467,1.0813033637571716,1.0813033637571716,-0.8788215451581896,-0.8788215451581896,-0.8788215451581896,0.04431353266000935,0.04431353266000935,0.04431353266000935,-0.9231350778181988,-0.9231350778181988,-0.9231350778181988,0.0,0.0,0.0,0.20248181859898207,0.8433158571368532,-1
344,2016-04-13,1.0828982375507485,-6.7090091333884185,7.000913053159857,1.0828982375507485,1.0828982375507485,-1.045749572584085,-1.045749572584085,-1.045749572584085,-0.0333372521912968,-0.0333372521912968,-0.0333372521912968,-1.0124123203927884,-1.0124123203927884,-1.0124123203927884,0.0,0.0,0.0,0.03714866496666347,0.7106141968633082,-1
345,2016-04-14,1.0844931113443255,-7.0616406267175735,7.172250281678764,1.0844931113443255,1.0844931113443255,-1.057093345083648,-1.057093345083648,-1.057093345083648,0.03864826539203403,0.03864826539203403,0.03864826539203403,-1.0957416104756819,-1.0957416104756819,-1.0957416104756819,0.0,0.0,0.0,0.027399766260677527,0.5767701201246709,-1
346,2016-04-15,1.0860879851379024,-6.54723729116407,6.531887467985993,1.0860879851379024,1.0860879851379024,-1.1687586063149704,-1.1687586063149704,-1.1687586063149704,0.003928796736718558,0.003928796736718558,0.003928796736718558,-1.172687403051689,-1.172687403051689,-1.172687403051689,0.0,0.0,0.0,-0.08267062117706803,0.44328277645314856,-1
347,2016-04-18,1.0908726065186332,-7.153602949987346,6.791563784608368,1.0908726065186332,1.0908726065186332,-1.3003917353857526,-1.3003917353857526,-1.3003917353857526,0.06302283964524354,0.06302283964524354,0.06302283964524354,-1.363414575030996,-1.363414575030996,-1.363414575030996,0.0,0.0,0.0,-0.20951912886711943,0.3189408662139178,-1
348,2016-04-19,1.0924674803122099,-7.293875079169857,6.547191623039394,1.0924674803122099,1.0924674803122099,-1.3695038772445784,-1.3695038772445784,-1.3695038772445784,0.044313532659856956,0.044313532659856956,0.044313532659856956,-1.4138174099044354,-1.4138174099044354,-1.4138174099044354,0.0,0.0,0.0,-0.2770363969323686,0.19990414602186712,-1
349,2016-04-20,1.094062354105787,-7.094534773487746,6.559739747854602,1.094062354105787,1.094062354105787,-1.4914227107714562,-1.4914227107714562,-1.4914227107714562,-0.03333725219131029,-0.03333725219131029,-0.03333725219131029,-1.458085458580146,-1.458085458580146,-1.458085458580146,0.0,0.0,0.0,-0.39736035666566916,0.08703426125929793,-1
350,2016-04-21,1.095657227899364,-6.830725586240124,6.602500469180662,1.095657227899364,1.095657227899364,-1.4580128648249362,-1.4580128648249362,-1.4580128648249362,0.03864826539192348,0.03864826539192348,0.03864826539192348,-1.4966611302168598,-1.4966611302168598,-1.4966611302168598,0.0,0.0,0.0,-0.36235563692557227,-0.01898612172250209,-1
351,2016-04-22,1.0972521016929406,-7.329080448133345,6.3720526967124,1.0972521016929406,1.0972521016929406,-1.5261386343597605,-1.5261386343597605,-1.5261386343597605,0.003928796736666127,0.003928796736666127,0.003928796736666127,-1.5300674310964266,-1.5300674310964266,-1.5300674310964266,0.0,0.0,0.0,-0.42888653266681986,-0.1176582288792749,-1
352,2016-04-25,1.1020367230736714,-7.366976361104477,6.457256877321171,1.1020367230736714,1.1020367230736714,-1.5420962232691224,-1.5420962232691224,-1.5420962232691224,0.06302283964513933,0.06302283964513933,0.06302283964513933,-1.6051190629142618,-1.6051190629142618,-1.6051190629142618,0.0,0.0,0.0,-0.44005950019545104,-0.19308579236037454,-1
353,2016-04-26,1.1036315968672483,-7.407822049266862,6.666823671128677,1.1036315968672483,1.1036315968672483,-1.5793830531424786,-1.5793830531424786,-1.5793830531424786,0.04431353265987247,0.04431353265987247,0.04431353265987247,-1.623696585802351,-1.623696585802351,-1.623696585802351,0.0,0.0,0.0,-0.4757514562752303,-0.2609091198477958,-1
354,2016-04-27,1.1052264706608252,-7.405956828789854,6.310697057742567,1.1052264706608252,1.1052264706608252,-1.6732635243182834,-1.6732635243182834,-1.6732635243182834,-0.03333725219124417,-0.03333725219124417,-0.03333725219124417,-1.6399262721270393,-1.6399262721270393,-1.6399262721270393,0.0,0.0,0.0,-0.5680370536574582,-0.3214276917102079,-1
355,2016-04-28,1.1068213444544022,-6.725622641426194,6.429556308566191,1.1068213444544022,1.1068213444544022,-1.6155637292779867,-1.6155637292779867,-1.6155637292779867,0.03864826539197684,0.03864826539197684,0.03864826539197684,-1.6542119946699638,-1.6542119946699638,-1.6542119946699638,0.0,0.0,0.0,-0.5087423848235846,-0.37504190681863414,-1
356,2016-04-29,1.1084162182479789,-7.240286076530738,6.358966497283463,1.1084162182479789,1.1084162182479789,-1.6629155332030092,-1.6629155332030092,-1.6629155332030092,0.0039287967366047356,0.0039287967366047356,0.0039287967366047356,-1.6668443299396143,-1.6668443299396143,-1.6668443299396143,0.0,0.0,0.0,-0.5544993149550304,-0.42222477619643034,-1
357,2016-05-02,1.1132008396287096,-7.9780243927746,5.805341565211138,1.1132008396287096,1.1132008396287096,-1.632631579767318,-1.632631579767318,-1.632631579767318,0.06302283964515316,0.06302283964515316,0.06302283964515316,-1.6956544194124712,-1.6956544194124712,-1.6956544194124712,0.0,0.0,0.0,-0.5194307401386085,-0.45321593732357923,-1
358,2016-05-03,1.1147957134222866,-7.3917250735633475,6.310213263522779,1.1147957134222866,1.1147957134222866,-1.6574230738704945,-1.6574230738704945,-1.6574230738704945,0.044313532660124735,0.044313532660124735,0.044313532660124735,-1.7017366065306194,-1.7017366065306194,-1.7017366065306194,0.0,0.0,0.0,-0.5426273604482079,-0.47977503367516317,-1
359,2016-05-04,1.1163905872158635,-7.8845087616652405,5.995832366639508,1.1163905872158635,1.1163905872158635,-1.7387499841667267,-1.7387499841667267,-1.7387499841667267,-0.03333725219126899,-0.03333725219126899,-0.03333725219126899,-1.7054127319754577,-1.7054127319754577,-1.7054127319754577,0.0,0.0,0.0,-0.6223593969508632,-0.5022749377036827,-1
360,2016-05-05,1.1179854610094404,-7.307827398063101,6.7185090510203045,1.1179854610094404,1.1179854610094404,-1.6674150563939243,-1.6674150563939243,-1.6674150563939243,0.0386482653920302,0.0386482653920302,0.0386482653920302,-1.7060633217859547,-1.7060633217859547,-1.7060633217859547,0.0,0.0,0.0,-0.5494295953844839,-0.5209823335495738,-1
361,2016-05-06,1.1195803348030173,-7.287709963904531,5.681062482932137,1.1195803348030173,1.1195803348030173,-1.6990010661381487,-1.6990010661381487,-1.6990010661381487,0.00392879673656127,0.00392879673656127,0.00392879673656127,-1.7029298628747098,-1.7029298628747098,-1.7029298628747098,0.0,0.0,0.0,-0.5794207313351314,-0.536035753416405,-1
362,2016-05-09,1.124364956183748,-7.444193719769603,6.6732250171109575,1.124364956183748,1.124364956183748,-1.5985581842376737,-1.5985581842376737,-1.5985581842376737,0.0630228396451713,0.0630228396451713,0.0630228396451713,-1.6615810238828448,-1.6615810238828448,-1.6615810238828448,0.0,0.0,0.0,-0.4741932280539256,-0.5394491262022524,1
363,2016-05-10,1.125959829977325,-7.122895705930876,6.467609537373374,1.125959829977325,1.125959829977325,-1.589386578988161,-1.589386578988161,-1.589386578988161,0.04431353265997233,0.04431353265997233,0.04431353265997233,-1.6337001116481336,-1.6337001116481336,-1.6337001116481336,0.0,0.0,0.0,-0.4634267490108359,-0.5382166554758129,1
364,2016-05-11,1.127554703770902,-7.467918601731853,6.133533760925433,1.127554703770902,1.127554703770902,-1.6303102770563693,-1.6303102770563693,-1.6303102770563693,-0.033337252191202864,-0.033337252191202864,-0.033337252191202864,-1.5969730248651663,-1.5969730248651663,-1.5969730248651663,0.0,0.0,0.0,-0.5027555732854674,-0.5316885074386138,1
365,2016-05-12,1.1291495775644786,-6.610424107700186,6.785000959405274,1.1291495775644786,1.1291495775644786,-1.5117032219670274,-1.5117032219670274,-1.5117032219670274,0.03864826539196514,0.03864826539196514,0.03864826539196514,-1.5503514873589928,-1.5503514873589928,-1.5503514873589928,0.0,0.0,0.0,-0.3825536444025488,-0.5190696333965102,1
366,2016-05-13,1.1307444513580556,-7.961817310055372,6.445757266263349,1.1307444513580556,1.1307444513580556,-1.488930246813649,-1.488930246813649,-1.488930246813649,0.003928796736649871,0.003928796736649871,0.003928796736649871,-1.4928590435502986,-1.4928590435502986,-1.4928590435502986,0.0,0.0,0.0,-0.35818579545559337,-0.49943828144656666,1
367,2016-05-16,1.1355290727387863,-6.830975158466228,6.675478425592564,1.1355290727387863,1.1355290727387863,-1.1842120779614276,-1.1842120779614276,-1.1842120779614276,0.06302283964518945,0.06302283964518945,0.06302283964518945,-1.247234917606617,-1.247234917606617,-1.247234917606617,0.0,0.0,0.0,-0.04868300522264124,-0.4523635079549699,1
368,2016-05-17,1.1371239465323633,-6.924984132869779,7.051059956693448,1.1371239465323633,1.1371239465323633,-1.094874481320231,-1.094874481320231,-1.094874481320231,0.04431353266022459,0.04431353266022459,0.04431353266022459,-1.1391880139804555,-1.1391880139804555,-1.1391880139804555,0.0,0.0,0.0,0.04224946521213235,-0.39387582538893584,1
369,2016-05-18,1.13871882032594,-6.650964225433511,7.435285356096979,1.13871882032594,1.13871882032594,-1.0510246661076055,-1.0510246661076055,-1.0510246661076055,-0.03333725219130729,-0.03333725219130729,-0.03333725219130729,-1.0176874139162981,-1.0176874139162981,-1.0176874139162981,0.0,0.0,0.0,0.08769415421833449,-0.3228704702720161,1
370,2016-05-19,1.140313694119517,-6.3365208436346965,7.17474750682791,1.140313694119517,1.140313694119517,-0.8442289214117098,-0.8442289214117098,-0.8442289214117098,0.03864826539197301,0.03864826539197301,0.03864826539197301,-0.882877186803683,-0.882877186803683,-0.882877186803683,0.0,0.0,0.0,0.2960847727078073,-0.238319033462787,1
371,2016-05-20,1.141908567913094,-6.631410719895994,6.883077730140643,1.141908567913094,1.141908567913094,-0.7312371430650728,-0.7312371430650728,-0.7312371430650728,0.003928796736756398,0.003928796736756398,0.003928796736756398,-0.7351659398018292,-0.7351659398018292,-0.7351659398018292,0.0,0.0,0.0,0.4106714248480212,-0.1393098178444717,1
372,2016-05-23,1.1466931892938246,-5.842313619115679,8.058869981766566,1.1466931892938246,1.1466931892938246,-0.15974553602456246,-0.15974553602456246,-0.15974553602456246,0.06302283964508093,0.06302283964508093,0.06302283964508093,-0.2227683756696434,-0.2227683756696434,-0.2227683756696434,0.0,0.0,0.0,0.9869476532692621,0.006804270287847081,1
373,2016-05-24,1.1482880630874015,-5.834196529241043,7.574479079149715,1.1482880630874015,1.1482880630874015,0.011403984177758621,0.011403984177758621,0.011403984177758621,0.04431353266007219,0.04431353266007219,0.04431353266007219,-0.03290954848231357,-0.03290954848231357,-0.03290954848231357,0.0,0.0,0.0,1.1596920472651602,0.16911614991544668,1
374,2016-05-25,1.1498829368809784,-5.767986285461071,8.116313020996332,1.1498829368809784,1.1498829368809784,0.1305234170950606,0.1305234170950606,0.1305234170950606,-0.033337252191241167,-0.033337252191241167,-0.033337252191241167,0.16386066928630175,0.16386066928630175,0.16386066928630175,0.0,0.0,0.0,1.280406353976039,0.34743234264159734,1
375,2016-05-26,1.1514778106745553,-4.973901936692991,8.601650017310218,1.1514778106745553,1.1514778106745553,0.4043081782505597,0.4043081782505597,0.4043081782505597,0.038648265392026364,0.038648265392026364,0.038648265392026364,0.36565991285853333,0.36565991285853333,0.36565991285853333,0.0,0.0,0.0,1.555785988925115,0.5412663059743638,1
376,2016-05-27,1.1530726844681323,-5.241322809983011,8.49171972692079,1.1530726844681323,1.1530726844681323,0.5743731740180862,0.5743731740180862,0.5743731740180862,0.003928796736695007,0.003928796736695007,0.003928796736695007,0.5704443772813912,0.5704443772813912,0.5704443772813912,0.0,0.0,0.0,1.7274458584862185,0.7498294713685449,1
377,2016-05-31,1.15945217964244,-4.084906918167763,9.614312478980812,1.15945217964244,1.15945217964244,1.4195862209246588,1.4195862209246588,1.4195862209246588,0.044313532660038145,0.044313532660038145,0.044313532660038145,1.3752726882646207,1.3752726882646207,1.3752726882646207,0.0,0.0,0.0,2.5790384005670988,1.012601611947519,1
378,2016-06-01,1.1610470534360167,-4.236280667123821,9.333284070476628,1.1610470534360167,1.1610470534360167,1.5283642405286204,1.5283642405286204,1.5283642405286204,-0.033337252191175046,-0.033337252191175046,-0.033337252191175046,1.5617014927197952,1.5617014927197952,1.5617014927197952,0.0,0.0,0.0,2.6894112939646373,1.2773177948227694,1
379,2016-06-02,1.1626419272295936,-3.944772767531863,9.492891679790553,1.1626419272295936,1.1626419272295936,1.7766005095677153,1.7766005095677153,1.7766005095677153,0.03864826539203424,0.03864826539203424,0.03864826539203424,1.737952244175681,1.737952244175681,1.737952244175681,0.0,0.0,0.0,2.9392424367973087,1.562472623080667,1
380,2016-06-03,1.1642368010231707,-4.035336737964582,10.246322376317398,1.1642368010231707,1.1642368010231707,1.9060649654194075,1.9060649654194075,1.9060649654194075,0.003928796736792571,0.003928796736792571,0.003928796736792571,1.902136168682615,1.902136168682615,1.902136168682615,0.0,0.0,0.0,3.0703017664425785,1.839894322454144,1
381,2016-06-06,1.1690214224039015,-3.5127200866876738,10.86896630523891,1.1690214224039015,1.1690214224039015,2.3698561307844765,2.3698561307844765,2.3698561307844765,0.06302283964499054,0.06302283964499054,0.06302283964499054,2.3068332911394855,2.3068332911394855,2.3068332911394855,0.0,0.0,0.0,3.538877553188378,2.1527149352881794,1
382,2016-06-07,1.1706162961974782,-3.3448629821207705,10.31061164754705,1.1706162961974782,1.1706162961974782,2.453006711580009,2.453006711580009,2.453006711580009,0.04431353265988573,0.04431353265988573,0.04431353265988573,2.4086931789201227,2.4086931789201227,2.4086931789201227,0.0,0.0,0.0,3.6236230077774874,2.416382470739002,1
383,2016-06-08,1.1722111699910551,-3.2187959884082584,10.594586304436724,1.1722111699910551,1.1722111699910551,2.459613316225043,2.459613316225043,2.459613316225043,-0.03333725219127946,-0.03333725219127946,-0.03333725219127946,2.4929505684163225,2.4929505684163225,2.4929505684163225,0.0,0.0,0.0,3.6318244862160984,2.663595714634096,1
384,2016-06-09,1.173806043784632,-3.414711320705202,10.334564792947521,1.173806043784632,1.173806043784632,2.598116681097744,2.598116681097744,2.598116681097744,0.03864826539201467,0.03864826539201467,0.03864826539201467,2.5594684157057292,2.5594684157057292,2.5594684157057292,0.0,0.0,0.0,3.7719227248823763,2.9127473517247298,1
385,2016-06-10,1.1754009175782087,-3.14482389509359,10.356783714696244,1.1754009175782087,1.1754009175782087,2.6123887960305865,2.6123887960305865,2.6123887960305865,0.0039287967367401455,0.0039287967367401455,0.0039287967367401455,2.608459999293846,2.608459999293846,2.608459999293846,0.0,0.0,0.0,3.7877897136087952,3.1359477241930973,1
386,2016-06-13,1.1801855389589395,-2.97422640757462,10.184677942580644,1.1801855389589395,1.1801855389589395,2.720508049523491,2.720508049523491,2.720508049523491,0.0630228396450044,0.0630228396450044,0.0630228396450044,2.657485209878486,2.657485209878486,2.657485209878486,0.0,0.0,0.0,3.9006935884824303,3.3532724971927186,1
387,2016-06-14,1.1817804127525164,-3.413999019303796,10.64301344755703,1.1817804127525164,1.1817804127525164,2.6894444745786177,2.6894444745786177,2.6894444745786177,0.04431353266001963,0.04431353266001963,0.04431353266001963,2.6451309419185978,2.6451309419185978,2.6451309419185978,0.0,0.0,0.0,3.871224887331134,3.4824911458691226,1
388,2016-06-15,1.1833752865460936,-3.1339405244230925,10.370416377953632,1.1833752865460936,1.1833752865460936,2.5877358861746416,2.5877358861746416,2.5877358861746416,-0.03333725219121334,-0.03333725219121334,-0.03333725219121334,2.6210731383658548,2.6210731383658548,2.6210731383658548,0.0,0.0,0.0,3.771111172720735,3.5906611337447325,1
389,2016-06-16,1.1849701603396705,-3.0002742672565224,10.54256956717408,1.1849701603396705,1.1849701603396705,2.6258623970432318,2.6258623970432318,2.6258623970432318,0.038648265391949606,0.038648265391949606,0.038648265391949606,2.587214131651282,2.587214131651282,2.587214131651282,0.0,0.0,0.0,3.810832557382902,3.6778201458032918,1
390,2016-06-17,1.1865650341332474,-3.672058451374171,10.578221654594609,1.1865650341332474,1.1865650341332474,2.549527873662003,2.549527873662003,2.549527873662003,0.0039287967366877135,0.0039287967366877135,0.0039287967366877135,2.545599076925315,2.545599076925315,2.545599076925315,0.0,0.0,0.0,3.7360929077952507,3.7443992599385587,-1
391,2016-06-20,1.1913496555139778,-3.127942124843527,10.571494752817735,1.1913496555139778,1.1913496555139778,2.4586809927518884,2.4586809927518884,2.4586809927518884,0.06302283964490017,0.06302283964490017,0.06302283964490017,2.395658153106988,2.395658153106988,2.395658153106988,0.0,0.0,0.0,3.650030648265866,3.7555145694463077,-1
392,2016-06-21,1.192944529307555,-3.2236475206566673,10.709769559431086,1.192944529307555,1.192944529307555,2.388701805874188,2.388701805874188,2.388701805874188,0.04431353265998559,0.04431353265998559,0.04431353265998559,2.3443882732142027,2.3443882732142027,2.3443882732142027,0.0,0.0,0.0,3.581646335181743,3.7513169021867334,-1
393,2016-06-22,1.194539403101132,-3.1808149832418553,10.141155459990838,1.194539403101132,1.194539403101132,2.2624391435766804,2.2624391435766804,2.2624391435766804,-0.03333725219123816,-0.03333725219123816,-0.03333725219123816,2.2957763957679185,2.2957763957679185,2.2957763957679185,0.0,0.0,0.0,3.4569785466778127,3.7338323082329046,-1
394,2016-06-23,1.1961342768947087,-2.862234176174873,9.940759855103767,1.1961342768947087,1.1961342768947087,2.290197835959442,2.290197835959442,2.290197835959442,0.038648265392002966,0.038648265392002966,0.038648265392002966,2.2515495705674393,2.2515495705674393,2.2515495705674393,0.0,0.0,0.0,3.486332112854151,3.7052732470300818,-1
395,2016-06-24,1.1977291506882857,-3.5510364301307114,10.62364995320335,1.1977291506882857,1.1977291506882857,2.2171257964047064,2.2171257964047064,2.2171257964047064,0.003928796736776316,0.003928796736776316,0.003928796736776316,2.21319699966793,2.21319699966793,2.21319699966793,0.0,0.0,0.0,3.414854947092992,3.6679797703785013,-1
396,2016-06-27,1.2025137720690162,-3.5018167490808527,10.665069744862874,1.2025137720690162,1.2025137720690162,2.206927238945885,2.206927238945885,2.206927238945885,0.06302283964504068,0.06302283964504068,0.06302283964504068,2.1439043993008444,2.1439043993008444,2.1439043993008444,0.0,0.0,0.0,3.409441011014901,3.6188545126317493,-1
397,2016-06-28,1.2041086458625934,-3.7604477448529146,10.419381215148034,1.2041086458625934,1.2041086458625934,2.1822303717667606,2.1822303717667606,2.1822303717667606,0.044313532659951554,0.044313532659951554,0.044313532659951554,2.137916839106809,2.137916839106809,2.137916839106809,0.0,0.0,0.0,3.386339017629354,3.5703659256615707,-1
398,2016-06-29,1.20570351965617,-3.7670874508558128,10.363715962955634,1.20570351965617,1.20570351965617,2.10719358048076,2.10719358048076,2.10719358048076,-0.03333725219117204,-0.03333725219117204,-0.03333725219117204,2.1405308326719323,2.1405308326719323,2.1405308326719323,0.0,0.0,0.0,3.3128971001369303,3.5245445184031903,-1
399,2016-06-30,1.207298393449747,-3.587125860692213,9.962143016886316,1.207298393449747,1.207298393449747,2.1898880322909173,2.1898880322909173,2.1898880322909173,0.038648265391892415,0.038648265391892415,0.038648265391892415,2.1512397668990246,2.1512397668990246,2.1512397668990246,0.0,0.0,0.0,3.3971864257406645,3.4831799052389663,-1
400,2016-07-01,1.2088932672433237,-3.3037564052617254,10.33052832923214,1.2088932672433237,1.2088932672433237,2.173123966428724,2.173123966428724,2.173123966428724,0.003928796736732849,0.003928796736732849,0.003928796736732849,2.169195169691991,2.169195169691991,2.169195169691991,0.0,0.0,0.0,3.3820172336720478,3.4477723378266463,-1
401,2016-07-05,1.2152727624176316,-3.3121307183183735,10.698644556278019,1.2152727624176316,1.2152727624176316,2.3304190176798603,2.3304190176798603,2.3304190176798603,0.044313532659967084,0.044313532659967084,0.044313532659967084,2.286105485019893,2.286105485019893,2.286105485019893,0.0,0.0,0.0,3.545691780097492,3.4373384510098086,1
402,2016-07-06,1.2168676362112079,-3.692335921291137,9.981516943221525,1.2168676362112079,1.2168676362112079,2.284388635631761,2.284388635631761,2.284388635631761,-0.033337252191185524,-0.033337252191185524,-0.033337252191185524,2.3177258878229465,2.3177258878229465,2.3177258878229465,0.0,0.0,0.0,3.5012562718429687,3.4292994446759315,1
403,2016-07-07,1.2240513396433383,-3.373067215847566,10.64165941225215,1.2240513396433383,1.2240513396433383,2.384870557503688,2.384870557503688,2.384870557503688,0.038648265391900284,0.038648265391900284,0.038648265391900284,2.3462222921117877,2.3462222921117877,2.3462222921117877,0.0,0.0,0.0,3.6089218971470265,3.4444937797228525,1
404,2016-07-08,1.23123504307547,-3.4379596518794826,10.345586738668917,1.23123504307547,1.23123504307547,2.3733818968509732,2.3733818968509732,2.3733818968509732,0.003928796736671461,0.003928796736671461,0.003928796736671461,2.3694531001143018,2.3694531001143018,2.3694531001143018,0.0,0.0,0.0,3.6046169399264434,3.4563222624300822,1
405,2016-07-11,1.2527861533718634,-3.061655330582514,10.648442427084031,1.2527861533718634,1.2527861533718634,2.4501796105725555,2.4501796105725555,2.4501796105725555,0.06302283964507266,0.06302283964507266,0.06302283964507266,2.3871567709274824,2.3871567709274824,2.3871567709274824,0.0,0.0,0.0,3.7029657639444187,3.485133344115225,1
406,2016-07-12,1.2599698568039945,-3.4358956508417027,10.476364956107215,1.2599698568039945,1.2599698568039945,2.4140183168123364,2.4140183168123364,2.4140183168123364,0.04431353266005141,0.04431353266005141,0.04431353266005141,2.369704784152285,2.369704784152285,2.369704784152285,0.0,0.0,0.0,3.6739881736163307,3.511588060375368,1
407,2016-07-13,1.267153560236125,-3.6003333602280794,10.815162468369932,1.267153560236125,1.267153560236125,2.30481608745623,2.30481608745623,2.30481608745623,-0.033337252191210344,-0.033337252191210344,-0.033337252191210344,2.33815333964744,2.33815333964744,2.33815333964744,0.0,0.0,0.0,3.571969647692355,3.5301511233816676,1
408,2016-07-14,1.2743372636682566,-3.16122360590072,10.21671970139827,1.2743372636682566,1.2743372636682566,2.3301561362525436,2.3301561362525436,2.3301561362525436,0.038648265391999136,0.038648265391999136,0.038648265391999136,2.2915078708605447,2.2915078708605447,2.2915078708605447,0.0,0.0,0.0,3.6044933999208,3.5593107533600543,1
409,2016-07-15,1.2815209671003878,-3.3926925644633186,10.1558045605681,1.2815209671003878,1.2815209671003878,2.233065626764621,2.233065626764621,2.233065626764621,0.003928796736619029,0.003928796736619029,0.003928796736619029,2.229136830028002,2.229136830028002,2.229136830028002,0.0,0.0,0.0,3.5145865938650087,3.5710507701724894,-1
410,2016-07-18,1.303072077396781,-3.34320925999494,10.055711963722336,1.303072077396781,1.303072077396781,2.010357449557385,2.010357449557385,2.010357449557385,0.06302283964521316,0.06302283964521316,0.06302283964521316,1.9473346099121718,1.9473346099121718,1.9473346099121718,0.0,0.0,0.0,3.313429526954166,3.5641919995007014,-1
411,2016-07-19,1.3102557808289126,-3.302140140214543,10.141473176976099,1.3102557808289126,1.3102557808289126,1.868113315633681,1.868113315633681,1.868113315633681,0.044313532659899,0.044313532659899,0.044313532659899,1.8237997829737822,1.8237997829737822,1.8237997829737822,0.0,0.0,0.0,3.1783690964625935,3.527459731137211,-1
412,2016-07-20,1.3174394842610433,-4.099298668204538,9.76472761468712,1.3174394842610433,1.3174394842610433,1.6541347847758703,1.6541347847758703,1.6541347847758703,-0.03333725219131477,-0.03333725219131477,-0.03333725219131477,1.6874720369671852,1.6874720369671852,1.6874720369671852,0.0,0.0,0.0,2.9715742690369136,3.474491530856606,-1
413,2016-07-21,1.3246231876931744,-4.268800192328713,9.288845162637326,1.3246231876931744,1.3246231876931744,1.5787824629229261,1.5787824629229261,1.5787824629229261,0.03864826539188858,0.03864826539188858,0.03864826539188858,1.5401341975310374,1.5401341975310374,1.5401341975310374,0.0,0.0,0.0,2.903405650616101,3.403939906203513,-1
414,2016-07-22,1.331806891125306,-3.791994071215337,9.433960627913356,1.331806891125306,1.331806891125306,1.3878385499397126,1.3878385499397126,1.3878385499397126,0.0039287967367076255,0.0039287967367076255,0.0039287967367076255,1.383909753203005,1.383909753203005,1.383909753203005,0.0,0.0,0.0,2.7196454410650186,3.3154427563173705,-1
415,2016-07-25,1.3533580014216993,-4.239862655521049,8.82902792385323,1.3533580014216993,1.3533580014216993,0.9502765533184481,0.9502765533184481,0.9502765533184481,0.06302283964510895,0.06302283964510895,0.06302283964510895,0.8872537136733393,0.8872537136733393,0.8872537136733393,0.0,0.0,0.0,2.3036345547401473,3.1755096353969434,-1
416,2016-07-26,1.36054170485383,-4.301200840690426,9.225495018908845,1.36054170485383,1.36054170485383,0.7660917809732394,0.7660917809732394,0.7660917809732394,0.04431353265986496,0.04431353265986496,0.04431353265986496,0.7217782483133743,0.7217782483133743,0.7217782483133743,0.0,0.0,0.0,2.1266334858270692,3.0207741666180175,-1
417,2016-07-27,1.367725408285961,-4.330061042645613,8.855196046310954,1.367725408285961,1.367725408285961,0.5279528449010926,0.5279528449010926,0.5279528449010926,-0.0333372521912373,-0.0333372521912373,-0.0333372521912373,0.5612900970923299,0.5612900970923299,0.5612900970923299,0.0,0.0,0.0,1.8956782531870535,2.853145027167487,-1
418,2016-07-28,1.374909111718092,-5.470559080192924,8.782065947316056,1.374909111718092,1.374909111718092,0.4474050308211195,0.4474050308211195,0.4474050308211195,0.03864826539194194,0.03864826539194194,0.03864826539194194,0.40875676542917755,0.40875676542917755,0.40875676542917755,0.0,0.0,0.0,1.8223141425392115,2.6749271014293283,-1
419,2016-07-29,1.3820928151502236,-5.423226008276034,8.452957483925035,1.3820928151502236,1.3820928151502236,0.2709703463575398,0.2709703463575398,0.2709703463575398,0.003928796736646231,0.003928796736646231,0.003928796736646231,0.26704154962089355,0.26704154962089355,0.26704154962089355,0.0,0.0,0.0,1.6530631615077636,2.4887747581936037,-1
420,2016-08-01,1.403643925446617,-5.716726923486507,8.633028737083935,1.403643925446617,1.403643925446617,-0.004597320366556117,-0.004597320366556117,-0.004597320366556117,0.06302283964512279,0.06302283964512279,0.06302283964512279,-0.0676201600116789,-0.0676201600116789,-0.0676201600116789,0.0,0.0,0.0,1.399046605080061,2.2973364660061932,-1
421,2016-08-02,1.4108276288787476,-5.432400635119322,8.111403508779341,1.4108276288787476,1.4108276288787476,-0.09765139081863548,-0.09765139081863548,-0.09765139081863548,0.044313532659880486,0.044313532659880486,0.044313532659880486,-0.14196492347851597,-0.14196492347851597,-0.14196492347851597,0.0,0.0,0.0,1.3131762380601122,2.1108171801659448,-1
422,2016-08-03,1.4180113323108787,-5.441069678549139,7.603861192942225,1.4180113323108787,1.4180113323108787,-0.22845575333124304,-0.22845575333124304,-0.22845575333124304,-0.03333725219126212,-0.03333725219126212,-0.03333725219126212,-0.19511850113998092,-0.19511850113998092,-0.19511850113998092,0.0,0.0,0.0,1.1895555789796357,1.9326153111602173,-1
423,2016-08-04,1.4251950357430103,-5.168099144107782,7.841988487444558,1.4251950357430103,1.4251950357430103,-0.18753858876121635,-0.18753858876121635,-0.18753858876121635,0.0386482653919953,0.0386482653919953,0.0386482653919953,-0.2261868541532116,-0.2261868541532116,-0.2261868541532116,0.0,0.0,0.0,1.237656446981794,1.7660403907967868,-1
424,2016-08-05,1.432378739175141,-5.372329375179328,8.129490567945412,1.432378739175141,1.432378739175141,-0.23083068303052398,-0.23083068303052398,-0.23083068303052398,0.003928796736602768,0.003928796736602768,0.003928796736602768,-0.23475947976712674,-0.23475947976712674,-0.23475947976712674,0.0,0.0,0.0,1.201548056144617,1.6142306523047467,-1
425,2016-08-08,1.4539298494715347,-5.654957403657104,8.286950753505703,1.4539298494715347,1.4539298494715347,-0.0659012677376364,-0.0659012677376364,-0.0659012677376364,0.06302283964514092,0.06302283964514092,0.06302283964514092,-0.12892410738277732,-0.12892410738277732,-0.12892410738277732,0.0,0.0,0.0,1.3880285817338982,1.5226700550041214,-1
426,2016-08-09,1.4611135529036654,-5.3733300408119735,7.99805377611354,1.4611135529036654,1.4611135529036654,-0.009107707644104172,-0.009107707644104172,-0.009107707644104172,0.044313532659728073,0.044313532659728073,0.044313532659728073,-0.05342124030383225,-0.05342124030383225,-0.05342124030383225,0.0,0.0,0.0,1.4520058452595612,1.4552072909473708,-1
427,2016-08-10,1.468297256335797,-5.450429119052749,8.25817089895336,1.468297256335797,1.468297256335797,0.00586797663838404,0.00586797663838404,0.00586797663838404,-0.033337252191196,-0.033337252191196,-0.033337252191196,0.03920522882958004,0.03920522882958004,0.03920522882958004,0.0,0.0,0.0,1.474165232974181,1.4130559889260836,1
428,2016-08-11,1.4754809597679281,-4.917666878127496,8.541894464661798,1.4754809597679281,1.4754809597679281,0.18517856621286835,0.18517856621286835,0.18517856621286835,0.03864826539204866,0.03864826539204866,0.03864826539204866,0.1465303008208197,0.1465303008208197,0.1465303008208197,0.0,0.0,0.0,1.6606595259807966,1.396890527270242,1
429,2016-08-12,1.4826646632000586,-5.214375761105039,8.119917678048804,1.4826646632000586,1.4826646632000586,0.2697053197767947,0.2697053197767947,0.2697053197767947,0.003928796736691371,0.003928796736691371,0.003928796736691371,0.2657765230401033,0.2657765230401033,0.2657765230401033,0.0,0.0,0.0,1.7523699829768533,1.4068212094171508,1
430,2016-08-15,1.504215773496452,-4.520733780192971,9.123908445645494,1.504215773496452,1.504215773496452,0.7263438071541534,0.7263438071541534,0.7263438071541534,0.06302283964515908,0.06302283964515908,0.06302283964515908,0.6633209675089943,0.6633209675089943,0.6633209675089943,0.0,0.0,0.0,2.2305595806506053,1.4899725069742054,1
431,2016-08-16,1.5113994769285837,-3.8326070924074584,9.63670172446892,1.5113994769285837,1.5113994769285837,0.8420355703302697,0.8420355703302697,0.8420355703302697,0.04431353266009872,0.04431353266009872,0.04431353266009872,0.7977220376701709,0.7977220376701709,0.7977220376701709,0.0,0.0,0.0,2.3534350472588534,1.5939983878940795,1
432,2016-08-17,1.5185831803607146,-3.794985391634497,9.285379860243502,1.5185831803607146,1.5185831803607146,0.8939064343625925,0.8939064343625925,0.8939064343625925,-0.033337252191300425,-0.033337252191300425,-0.033337252191300425,0.9272436865538931,0.9272436865538931,0.9272436865538931,0.0,0.0,0.0,2.4124896147233073,1.7162917914684468,1
433,2016-08-18,1.5257668837928453,-4.261771188137759,9.451692808874135,1.5257668837928453,1.5257668837928453,1.0871304258836052,1.0871304258836052,1.0871304258836052,0.0386482653919381,0.0386482653919381,0.0386482653919381,1.048482160491667,1.048482160491667,1.048482160491667,0.0,0.0,0.0,2.6128973096764505,1.8538158777379123,1
434,2016-08-19,1.532950587224977,-4.408413353363192,9.411364209072108,1.532950587224977,1.532950587224977,1.1621332740659194,1.1621332740659194,1.1621332740659194,0.003928796736638942,0.003928796736638942,0.003928796736638942,1.1582044773292806,1.1582044773292806,1.1582044773292806,0.0,0.0,0.0,2.6950838612908963,2.0031694582525406,1
435,2016-08-22,1.5545016975213701,-3.33183078127071,10.031258970607634,1.5545016975213701,1.5545016975213701,1.4530591046009116,1.4530591046009116,1.4530591046009116,0.06302283964517721,0.06302283964517721,0.06302283964517721,1.3900362649557343,1.3900362649557343,1.3900362649557343,0.0,0.0,0.0,3.0075608021222817,2.1651226802913786,1
436,2016-08-23,1.5616854009535013,-3.6806687306935912,9.796961923225366,1.5616854009535013,1.5616854009535013,1.4715812694964423,1.4715812694964423,1.4715812694964423,0.04431353266023261,0.04431353266023261,0.04431353266023261,1.4272677368362097,1.4272677368362097,1.4272677368362097,0.0,0.0,0.0,3.033266670449944,2.323248762810417,1
437,2016-08-24,1.5688691043856329,-3.835501329696962,9.802750677147952,1.5688691043856329,1.5688691043856329,1.4084285495914393,1.4084285495914393,1.4084285495914393,-0.033337252191234304,-0.033337252191234304,-0.033337252191234304,1.4417658017826736,1.4417658017826736,1.4417658017826736,0.0,0.0,0.0,2.977297653977072,2.473562004910706,1
438,2016-08-25,1.5760528078177636,-4.030314405347256,9.429910442366188,1.5760528078177636,1.5760528078177636,1.47128792889353,1.47128792889353,1.47128792889353,0.03864826539199147,0.03864826539199147,0.03864826539199147,1.4326396635015386,1.4326396635015386,1.4326396635015386,0.0,0.0,0.0,3.047340736711294,2.612230125983756,1
439,2016-08-26,1.5832365112498947,-4.016092300950664,10.320255327427933,1.5832365112498947,1.5832365112498947,1.4034506278343868,1.4034506278343868,1.4034506278343868,0.003928796736586513,0.003928796736586513,0.003928796736586513,1.3995218310978002,1.3995218310978002,1.3995218310978002,0.0,0.0,0.0,2.9866871390842817,2.7356618415944984,1
440,2016-08-29,1.604787621546288,-3.517626572737027,9.490894888995028,1.604787621546288,1.604787621546288,1.2234796989010839,1.2234796989010839,1.2234796989010839,0.06302283964519105,0.06302283964519105,0.06302283964519105,1.1604568592558928,1.1604568592558928,1.1604568592558928,0.0,0.0,0.0,2.828267320447372,2.795432615574175,1
441,2016-08-30,1.6119713249784196,-3.8214022392609253,9.701551267799596,1.6119713249784196,1.6119713249784196,1.0824680117507324,1.0824680117507324,1.0824680117507324,0.04431353266008019,0.04431353266008019,0.04431353266008019,1.038154479090652,1.038154479090652,1.038154479090652,0.0,0.0,0.0,2.694439336729152,2.829533044521205,-1
442,2016-08-31,1.6191550284105507,-4.547908441173458,9.939320966575293,1.6191550284105507,1.6191550284105507,0.8643552203042764,0.8643552203042764,0.8643552203042764,-0.033337252191259124,-0.033337252191259124,-0.033337252191259124,0.8976924724955354,0.8976924724955354,0.8976924724955354,0.0,0.0,0.0,2.4835102487148273,2.8366351079203573,-1
443,2016-09-01,1.6263387318426812,-4.166515289901561,9.452653644172589,1.6263387318426812,1.6263387318426812,0.780217019235294,0.780217019235294,0.780217019235294,0.03864826539199934,0.03864826539199934,0.03864826539199934,0.7415687538432947,0.7415687538432947,0.7415687538432947,0.0,0.0,0.0,2.406555751077975,2.8160009520605094,-1
444,2016-09-02,1.6335224352748123,-4.1418151057137385,9.711123222718186,1.6335224352748123,1.6335224352748123,0.5765373162855362,0.5765373162855362,0.5765373162855362,0.0039287967368340695,0.0039287967368340695,0.0039287967368340695,0.5726085195487021,0.5726085195487021,0.5726085195487021,0.0,0.0,0.0,2.2100597515603484,2.7674985410874546,-1
445,2016-09-06,1.6622572490033367,-5.470995820688142,8.26918091931566,1.6622572490033367,1.6622572490033367,-0.12320152871636146,-0.12320152871636146,-0.12320152871636146,0.044313532659927796,0.044313532659927796,0.044313532659927796,-0.16751506137628924,-0.16751506137628924,-0.16751506137628924,0.0,0.0,0.0,1.5390557202869752,2.620648032903924,-1
446,2016-09-07,1.6694409524354679,-6.007971261986644,7.968180310641951,1.6694409524354679,1.6694409524354679,-0.38509193165742567,-0.38509193165742567,-0.38509193165742567,-0.03333725219128394,-0.03333725219128394,-0.03333725219128394,-0.3517546794661417,-0.3517546794661417,-0.3517546794661417,0.0,0.0,0.0,1.2843490207780421,2.445756267936734,-1
447,2016-09-08,1.676624655867599,-5.536376674461755,8.202290786768183,1.676624655867599,1.676624655867599,-0.4903808310774706,-0.4903808310774706,-0.4903808310774706,0.03864826539197976,0.03864826539197976,0.03864826539197976,-0.5290290964694504,-0.5290290964694504,-0.5290290964694504,0.0,0.0,0.0,1.1862438247901284,2.2666508850180396,-1
448,2016-09-09,1.6838083592997302,-5.8077166840671826,8.138180536213733,1.6838083592997302,1.6838083592997302,-0.6923438003341481,-0.6923438003341481,-0.6923438003341481,0.0039287967367816435,0.0039287967367816435,0.0039287967367816435,-0.6962725970709297,-0.6962725970709297,-0.6962725970709297,0.0,0.0,0.0,0.991464558965582,2.061063267243468,-1
449,2016-09-12,1.7053594695961234,-6.023925523295629,7.202423105838553,1.7053594695961234,1.7053594695961234,-1.0483662427342955,-1.0483662427342955,-1.0483662427342955,0.06302283964510068,0.06302283964510068,0.06302283964510068,-1.1113890823793962,-1.1113890823793962,-1.1113890823793962,0.0,0.0,0.0,0.6569932268618279,1.828093876021223,-1
450,2016-09-13,1.7125431730282554,-6.354468505265731,7.034206132310775,1.7125431730282554,1.7125431730282554,-1.1695537606199953,-1.1695537606199953,-1.1695537606199953,0.04431353266006169,0.04431353266006169,0.04431353266006169,-1.2138672932800572,-1.2138672932800572,-1.2138672932800572,0.0,0.0,0.0,0.5429894124082602,1.599566085217312,-1
451,2016-09-14,1.7197268764603857,-6.483530242167139,7.005106429833597,1.7197268764603857,1.7197268764603857,-1.3292628305697913,-1.3292628305697913,-1.3292628305697913,-0.03333725219129742,-0.03333725219129742,-0.03333725219129742,-1.2959255783784938,-1.2959255783784938,-1.2959255783784938,0.0,0.0,0.0,0.39046404589059436,1.3691685561334563,-1
452,2016-09-15,1.7269105798925166,-6.631982767873859,7.027655368503108,1.7269105798925166,1.7269105798925166,-1.3181123659961995,-1.3181123659961995,-1.3181123659961995,0.038648265391987645,0.038648265391987645,0.038648265391987645,-1.3567606313881873,-1.3567606313881873,-1.3567606313881873,0.0,0.0,0.0,0.4087982138963171,1.161697352651605,-1
453,2016-09-16,1.7340942833246489,-6.583482248661294,7.139238870380289,1.7340942833246489,1.7340942833246489,-1.3921112914771145,-1.3921112914771145,-1.3921112914771145,0.003928796736729213,0.003928796736729213,0.003928796736729213,-1.396040088213844,-1.396040088213844,-1.396040088213844,0.0,0.0,0.0,0.34198299184753433,0.9552400767285609,-1
454,2016-09-19,1.755645393621042,-6.584567150581393,7.615697108652472,1.755645393621042,1.755645393621042,-1.3251213609472854,-1.3251213609472854,-1.3251213609472854,0.06302283964486981,0.06302283964486981,0.06302283964486981,-1.3881442005921554,-1.3881442005921554,-1.3881442005921554,0.0,0.0,0.0,0.4305240326737567,0.7772865048399018,-1
455,2016-09-20,1.7628290970531721,-6.033656252267335,7.3239716970764075,1.7628290970531721,1.7628290970531721,-1.302645298121854,-1.302645298121854,-1.302645298121854,0.04431353266002765,0.04431353266002765,0.04431353266002765,-1.3469588307818816,-1.3469588307818816,-1.3469588307818816,0.0,0.0,0.0,0.4601837989313182,0.6693993127043362,-1
456,2016-09-21,1.7700128004853033,-6.422236070144561,7.065398389767371,1.7700128004853033,1.7700128004853033,-1.3224705371706027,-1.3224705371706027,-1.3224705371706027,-0.0333372521912313,-0.0333372521912313,-0.0333372521912313,-1.2891332849793713,-1.2891332849793713,-1.2891332849793713,0.0,0.0,0.0,0.4475422633147006,0.585718636958002,-1
457,2016-09-22,1.7771965039174356,-6.311167944229405,7.058765287383848,1.7771965039174356,1.7771965039174356,-1.1780783005348823,-1.1780783005348823,-1.1780783005348823,0.03864826539204099,0.03864826539204099,0.03864826539204099,-1.2167265659269233,-1.2167265659269233,-1.2167265659269233,0.0,0.0,0.0,0.5991182033825533,0.5270060748172445,1
458,2016-09-23,1.7843802073495665,-5.986331166198701,7.7295499112921835,1.7843802073495665,1.7843802073495665,-1.1281087416254847,-1.1281087416254847,-1.1281087416254847,0.003928796736667819,0.003928796736667819,0.003928796736667819,-1.1320375383621526,-1.1320375383621526,-1.1320375383621526,0.0,0.0,0.0,0.6562714657240818,0.4934867654930944,1
459,2016-09-26,1.80593131764596,-5.817850079264982,8.234707915620547,1.80593131764596,1.80593131764596,-0.7665022723504802,-0.7665022723504802,-0.7665022723504802,0.0630228396450103,0.0630228396450103,0.0630228396450103,-0.8295251119954905,-0.8295251119954905,-0.8295251119954905,0.0,0.0,0.0,1.0394290452954797,0.5317303473364596,1
460,2016-09-27,1.81311502107809,-6.075260425093057,7.891126015075625,1.81311502107809,1.81311502107809,-0.6769293804945041,-0.6769293804945041,-0.6769293804945041,0.04431353265999361,0.04431353265999361,0.04431353265999361,-0.7212429131544977,-0.7212429131544977,-0.7212429131544977,0.0,0.0,0.0,1.136185640583586,0.5910499701539922,1
461,2016-09-28,1.820298724510222,-5.488774501979358,8.027233292085775,1.820298724510222,1.820298724510222,-0.6468387895239981,-0.6468387895239981,-0.6468387895239981,-0.03333725219116518,-0.03333725219116518,-0.03333725219116518,-0.613501537332833,-0.613501537332833,-0.613501537332833,0.0,0.0,0.0,1.1734599349862238,0.6693495590635552,1
462,2016-09-29,1.8274824279423532,-6.058335005209816,8.188160699347991,1.8274824279423532,1.8274824279423532,-0.47002422421194456,-0.47002422421194456,-0.47002422421194456,0.03864826539185751,0.03864826539185751,0.03864826539185751,-0.5086724896038021,-0.5086724896038021,-0.5086724896038021,0.0,0.0,0.0,1.3574582037304086,0.7642155580469643,1
463,2016-09-30,1.8346661313744832,-5.917780395428476,8.673775184348132,1.8346661313744832,1.8346661313744832,-0.4049933660147129,-0.4049933660147129,-0.4049933660147129,0.003928796736774343,0.003928796736774343,0.003928796736774343,-0.4089221627514873,-0.4089221627514873,-0.4089221627514873,0.0,0.0,0.0,1.4296727653597703,0.872984535398188,1
464,2016-10-03,1.8562172416708766,-4.251803299083129,9.080147608259974,1.8562172416708766,1.8562172416708766,-0.09471971319568633,-0.09471971319568633,-0.09471971319568633,0.06302283964502846,0.06302283964502846,0.06302283964502846,-0.15774255284071478,-0.15774255284071478,-0.15774255284071478,0.0,0.0,0.0,1.7614975284751904,1.0060818849783313,1
465,2016-10-04,1.8634009451030087,-5.346764124885134,9.178183987301525,1.8634009451030087,1.8634009451030087,-0.04998411552940214,-0.04998411552940214,-0.04998411552940214,0.0443135326598412,0.0443135326598412,0.0443135326598412,-0.09429764818924334,-0.09429764818924334,-0.09429764818924334,0.0,0.0,0.0,1.8134168295736066,1.1414051880425602,1
466,2016-10-05,1.8705846485351398,-4.67148318639459,8.900465560245584,1.8705846485351398,1.8705846485351398,-0.07557119146873095,-0.07557119146873095,-0.07557119146873095,-0.03333725219117866,-0.03333725219117866,-0.03333725219117866,-0.042233939277552285,-0.042233939277552285,-0.042233939277552285,0.0,0.0,0.0,1.795013457066409,1.276152307417731,1
467,2016-10-06,1.877768351967271,-4.9893716275513516,8.373362488301986,1.877768351967271,1.877768351967271,0.03690918802536177,0.03690918802536177,0.03690918802536177,0.03864826539191087,0.03864826539191087,0.03864826539191087,-0.001739077366549104,-0.001739077366549104,-0.001739077366549104,0.0,0.0,0.0,1.9146775399926328,1.407708241078739,1
468,2016-10-07,1.884952055399401,-4.668250114132092,8.713673508007847,1.884952055399401,1.884952055399401,0.031296367329137216,0.031296367329137216,0.031296367329137216,0.003928796736712956,0.003928796736712956,0.003928796736712956,0.02736757059242426,0.02736757059242426,0.02736757059242426,0.0,0.0,0.0,1.9162484227285383,1.5337059367791845,1
469,2016-10-10,1.9065031656957943,-4.825420562225751,8.430265689329438,1.9065031656957943,1.9065031656957943,0.11633865047765092,0.11633865047765092,0.11633865047765092,0.06302283964504228,0.06302283964504228,0.06302283964504228,0.05331581083260864,0.05331581083260864,0.05331581083260864,0.0,0.0,0.0,2.0228418161734454,1.632047213866981,1
470,2016-10-11,1.9136868691279265,-4.526077323867749,9.180159949120947,1.9136868691279265,1.9136868691279265,0.08965388312665293,0.08965388312665293,0.08965388312665293,0.044313532660093455,0.044313532660093455,0.044313532660093455,0.04534035046655947,0.04534035046655947,0.04534035046655947,0.0,0.0,0.0,2.0033407522545796,1.7187627250340802,1
471,2016-10-12,1.9208705725600574,-4.933890316172276,8.730404740220212,1.9208705725600574,1.9208705725600574,-0.0017482824186783653,-0.0017482824186783653,-0.0017482824186783653,-0.03333725219120348,-0.03333725219120348,-0.03333725219120348,0.031588969772525115,0.031588969772525115,0.031588969772525115,0.0,0.0,0.0,1.9191222901413791,1.7933289605495961,1
472,2016-10-13,1.9280542759921877,-4.798943066847053,8.394133608753348,1.9280542759921877,1.9280542759921877,0.05250579574317384,0.05250579574317384,0.05250579574317384,0.03864826539196423,0.03864826539196423,0.03864826539196423,0.013857530351209605,0.013857530351209605,0.013857530351209605,0.0,0.0,0.0,1.9805600717353615,1.8556391473500913,1
473,2016-10-14,1.9352379794243197,-4.996226880918441,8.780831931844626,1.9352379794243197,1.9352379794243197,-0.002020063985926554,-0.002020063985926554,-0.002020063985926554,0.003928796736660524,0.003928796736660524,0.003928796736660524,-0.005948860722587078,-0.005948860722587078,-0.005948860722587078,0.0,0.0,0.0,1.9332179154383933,1.9059936623579539,1
474,2016-10-17,1.956789089720713,-4.674962176052782,8.247393534439327,1.956789089720713,1.956789089720713,0.004724048872880324,0.004724048872880324,0.004724048872880324,0.06302283964506043,0.06302283964506043,0.06302283964506043,-0.05829879077218011,-0.05829879077218011,-0.05829879077218011,0.0,0.0,0.0,1.9615131385935933,1.9259952233697937,1
475,2016-10-18,1.9639727931528441,-4.701267315630796,9.017577881321747,1.9639727931528441,1.9639727931528441,-0.02280411511198435,-0.02280411511198435,-0.02280411511198435,0.044313532659941056,0.044313532659941056,0.044313532659941056,-0.06711764777192541,-0.06711764777192541,-0.06711764777192541,0.0,0.0,0.0,1.9411686780408597,1.9387704082165194,1
476,2016-10-19,1.9711564965849753,-5.366678028099047,8.78433108516535,1.9711564965849753,1.9711564965849753,-0.10212061846320507,-0.10212061846320507,-0.10212061846320507,-0.0333372521912283,-0.0333372521912283,-0.0333372521912283,-0.06878336627197676,-0.06878336627197676,-0.06878336627197676,0.0,0.0,0.0,1.8690358781217702,1.9461726503220553,-1
477,2016-10-20,1.9783402000171064,-5.293744184181949,8.791173170125171,1.9783402000171064,1.9783402000171064,-0.023224769275936273,-0.023224769275936273,-0.023224769275936273,0.03864826539201759,0.03864826539201759,0.03864826539201759,-0.06187303466795386,-0.06187303466795386,-0.06187303466795386,0.0,0.0,0.0,1.9551154307411702,1.9502164393969093,1
478,2016-10-21,1.9855239034492376,-4.867590781504543,8.902565015581159,1.9855239034492376,1.9855239034492376,-0.04127802577140158,-0.04127802577140158,-0.04127802577140158,0.003928796736749126,0.003928796736749126,0.003928796736749126,-0.045206822508150696,-0.045206822508150696,-0.045206822508150696,0.0,0.0,0.0,1.944245877677836,1.953016184891839,-1
479,2016-10-24,2.007075013745631,-4.720206514652022,9.061614746449617,2.007075013745631,2.007075013745631,0.1338876217628851,0.1338876217628851,0.1338876217628851,0.06302283964507858,0.06302283964507858,0.06302283964507858,0.07086478211780653,0.07086478211780653,0.07086478211780653,0.0,0.0,0.0,2.140962635508516,1.9648282668253458,1
480,2016-10-25,2.014258717177762,-4.255210930331731,8.64398839867407,2.014258717177762,2.014258717177762,0.17685287194287705,0.17685287194287705,0.17685287194287705,0.04431353265990702,0.04431353265990702,0.04431353265990702,0.13253933928297004,0.13253933928297004,0.13253933928297004,0.0,0.0,0.0,2.191111589120639,1.983605350511952,1
481,2016-10-26,2.021442420609893,-4.700963451398577,9.02847535651093,2.021442420609893,2.021442420609893,0.17204378302186055,0.17204378302186055,0.17204378302186055,-0.03333725219123044,-0.03333725219123044,-0.03333725219123044,0.20538103521309103,0.20538103521309103,0.20538103521309103,0.0,0.0,0.0,2.1934862036317537,2.011041741860989,1
482,2016-10-27,2.0286261240420242,-4.414858051373844,9.263561202752012,2.0286261240420242,2.0286261240420242,0.3273664405610594,0.3273664405610594,0.3273664405610594,0.038648265391907036,0.038648265391907036,0.038648265391907036,0.2887181751691524,0.2887181751691524,0.2887181751691524,0.0,0.0,0.0,2.3559925646030835,2.0485849911477616,1
483,2016-10-28,2.0358098274741563,-3.9612026246261274,9.569069667544788,2.0358098274741563,2.0358098274741563,0.38550892470244263,0.38550892470244263,0.38550892470244263,0.003928796736696696,0.003928796736696696,0.003928796736696696,0.381580127965746,0.381580127965746,0.381580127965746,0.0,0.0,0.0,2.421318752176599,2.097395074821582,1
484,2016-10-31,2.057360997822717,-3.777359874948542,9.447799335377354,2.057360997822717,2.057360997822717,0.766682539491029,0.766682539491029,0.766682539491029,0.06302283964509672,0.06302283964509672,0.06302283964509672,0.7036596998459324,0.7036596998459324,0.7036596998459324,0.0,0.0,0.0,2.824043537313746,2.1836481146935975,1
485,2016-11-01,2.064544721272237,-3.6793540289711464,9.453121016490886,2.064544721272237,2.064544721272237,0.8641974454366266,0.8641974454366266,0.8641974454366266,0.04431353265992255,0.04431353265992255,0.04431353265992255,0.819883912776704,0.819883912776704,0.819883912776704,0.0,0.0,0.0,2.928742166708864,2.282405463560398,1
486,2016-11-02,2.071728444721756,-3.6188050910424816,9.918001423574099,2.071728444721756,2.071728444721756,0.9039848812974662,0.9039848812974662,0.9039848812974662,-0.033337252191255266,-0.033337252191255266,-0.033337252191255266,0.9373221334887215,0.9373221334887215,0.9373221334887215,0.0,0.0,0.0,2.975713326019222,2.3930732083501427,1
487,2016-11-03,2.0789121681712763,-4.158437881118339,10.324676408456646,2.0789121681712763,2.0789121681712763,1.0925440909785422,1.0925440909785422,1.0925440909785422,0.03864826539200589,0.03864826539200589,0.03864826539200589,1.0538958255865363,1.0538958255865363,1.0538958255865363,0.0,0.0,0.0,3.1714562591498185,2.5147072911910078,1
488,2016-11-04,2.0860958916207966,-3.659063779625541,9.852485678816096,2.0860958916207966,2.0860958916207966,1.1714225196980648,1.1714225196980648,1.1714225196980648,0.0039287967366442664,0.0039287967366442664,0.0039287967366442664,1.1674937229614206,1.1674937229614206,1.1674937229614206,0.0,0.0,0.0,3.2575184113188613,2.64603454455511,1
489,2016-11-07,2.1076470619693564,-2.858134817569173,10.151579088340405,2.1076470619693564,2.1076470619693564,1.5328391988131482,1.5328391988131482,1.5328391988131482,0.06302283964511056,0.06302283964511056,0.06302283964511056,1.4698163591680375,1.4698163591680375,1.4698163591680375,0.0,0.0,0.0,3.6404862607825046,2.795986907082509,1
490,2016-11-08,2.1148307854188766,-3.1989629234328176,10.81899825193177,2.1148307854188766,2.1148307854188766,1.5956867412704039,1.5956867412704039,1.5956867412704039,0.04431353265988851,0.04431353265988851,0.04431353265988851,1.5513732086105154,1.5513732086105154,1.5513732086105154,0.0,0.0,0.0,3.7105175266892805,2.9479275008393735,1
491,2016-11-09,2.122014508868397,-2.50786317960836,10.754290092396932,2.122014508868397,2.122014508868397,1.5871687090859619,1.5871687090859619,1.5871687090859619,-0.03333725219118914,-0.03333725219118914,-0.03333725219118914,1.6205059612771506,1.6205059612771506,1.6205059612771506,0.0,0.0,0.0,3.709183217954359,3.099497202271634,1
492,2016-11-10,2.129198232317917,-3.4478596742330807,10.47918917106437,2.129198232317917,2.129198232317917,1.714476011074873,1.714476011074873,1.714476011074873,0.038648265392013756,0.038648265392013756,0.038648265392013756,1.6758277456828592,1.6758277456828592,1.6758277456828592,0.0,0.0,0.0,3.84367424339279,3.2482653701506043,1
493,2016-11-11,2.1363819557674373,-2.6314802764238543,10.570701959634311,2.1363819557674373,2.1363819557674373,1.720121443485293,1.720121443485293,1.720121443485293,0.0039287967365918405,0.0039287967365918405,0.0039287967365918405,1.7161926467487012,1.7161926467487012,1.7161926467487012,0.0,0.0,0.0,3.8565033992527304,3.3917838348582174,1
494,2016-11-14,2.1579331261159966,-3.132694326131741,10.26702572594123,2.1579331261159966,2.1579331261159966,1.803105531137028,1.803105531137028,1.803105531137028,0.06302283964500634,0.06302283964500634,0.06302283964500634,1.7400826914920218,1.7400826914920218,1.7400826914920218,0.0,0.0,0.0,3.9610386572530247,3.505483346852145,1
495,2016-11-15,2.165116849565516,-2.6765070215158757,10.869058733433485,2.165116849565516,2.165116849565516,1.7588695748151577,1.7588695748151577,1.7588695748151577,0.044313532659854465,0.044313532659854465,0.044313532659854465,1.7145560421553032,1.7145560421553032,1.7145560421553032,0.0,0.0,0.0,3.923986424380674,3.6050077726193264,1
496,2016-11-16,2.172300573015036,-2.671859247870701,10.455621089168082,2.172300573015036,2.172300573015036,1.6391062879733398,1.6391062879733398,1.6391062879733398,-0.03333725219130489,-0.03333725219130489,-0.03333725219130489,1.6724435401646447,1.6724435401646447,1.6724435401646447,0.0,0.0,0.0,3.811406860988376,3.6885771261162423,1
497,2016-11-17,2.1794842964645573,-3.088156342226654,11.094270477978839,2.1794842964645573,2.1794842964645573,1.6528958073225992,1.6528958073225992,1.6528958073225992,0.038648265391903205,0.038648265391903205,0.038648265391903205,1.614247541930696,1.614247541930696,1.614247541930696,0.0,0.0,0.0,3.8323801037871563,3.7546695105799754,1
498,2016-11-18,2.1866680199140767,-2.9969266286502934,10.48322720848106,2.1866680199140767,2.1866680199140767,1.544649627788667,1.544649627788667,1.544649627788667,0.003928796736680435,0.003928796736680435,0.003928796736680435,1.5407208310519862,1.5407208310519862,1.5407208310519862,0.0,0.0,0.0,3.7313176477027437,3.8020494342183637,-1
499,2016-11-21,2.208219190262637,-2.7000390470367166,10.726002081659301,2.208219190262637,2.208219190262637,1.301980458228554,1.301980458228554,1.301980458228554,0.06302283964514684,0.06302283964514684,0.06302283964514684,1.238957618583407,1.238957618583407,1.238957618583407,0.0,0.0,0.0,3.5101996484911906,3.7890207729892325,-1
500,2016-11-22,2.2154029137121563,-3.1091947850476958,9.849077826813152,2.2154029137121563,2.2154029137121563,1.160117576103979,1.160117576103979,1.160117576103979,0.04431353265982042,0.04431353265982042,0.04431353265982042,1.1158040434441585,1.1158040434441585,1.1158040434441585,0.0,0.0,0.0,3.375520489816135,3.7555210693019183,-1
501,2016-11-23,2.2225866371616765,-3.2004352310230413,10.616946020276101,2.2225866371616765,2.2225866371616765,0.9506142610753321,0.9506142610753321,0.9506142610753321,-0.03333725219122744,-0.03333725219122744,-0.03333725219122744,0.9839515132665596,0.9839515132665596,0.9839515132665596,0.0,0.0,0.0,3.173200898237009,3.7019228373301827,-1
502,2016-11-25,2.236954084060717,-3.8333915554224713,9.863500389714247,2.236954084060717,2.236954084060717,0.7048404080037015,0.7048404080037015,0.7048404080037015,0.003928796736636974,0.003928796736636974,0.003928796736636974,0.7009116112670645,0.7009116112670645,0.7009116112670645,0.0,0.0,0.0,2.9417944920644183,3.6117348621973457,-1
503,2016-11-28,2.2585052544092763,-4.108905361457787,9.227110494688448,2.2585052544092763,2.2585052544092763,0.31669886347320886,0.31669886347320886,0.31669886347320886,0.06302283964516069,0.06302283964516069,0.06302283964516069,0.25367602382804816,0.25367602382804816,0.25367602382804816,0.0,0.0,0.0,2.5752041178824854,3.4836049340603212,-1
504,2016-11-29,2.2656889778587965,-4.325030176615335,9.36264908906748,2.2656889778587965,2.2656889778587965,0.1494298306954124,0.1494298306954124,0.1494298306954124,0.04431353266012225,0.04431353266012225,0.04431353266012225,0.10511629803529013,0.10511629803529013,0.10511629803529013,0.0,0.0,0.0,2.415118808554209,3.3290129491904397,-1
505,2016-11-30,2.2728727013083168,-4.7163870499900495,9.35267122680685,2.2728727013083168,2.2728727013083168,-0.07403375395434426,-0.07403375395434426,-0.07403375395434426,-0.033337252191252255,-0.033337252191252255,-0.033337252191252255,-0.040696501763092016,-0.040696501763092016,-0.040696501763092016,0.0,0.0,0.0,2.1988389473539725,3.1564982014877696,-1
506,2016-12-01,2.280056424757837,-4.3797882702869115,8.624077289379926,2.280056424757837,2.280056424757837,-0.14380606785010436,-0.14380606785010436,-0.14380606785010436,0.03864826539196443,0.03864826539196443,0.03864826539196443,-0.1824543332420688,-0.1824543332420688,-0.1824543332420688,0.0,0.0,0.0,2.1362503569077327,2.9889825510797055,-1
507,2016-12-02,2.2872401482073563,-5.016911445677363,8.741132560582022,2.2872401482073563,2.2872401482073563,-0.3150686939419389,-0.3150686939419389,-0.3150686939419389,0.003928796736575582,0.003928796736575582,0.003928796736575582,-0.31899749067851446,-0.31899749067851446,-0.31899749067851446,0.0,0.0,0.0,1.9721714542654174,2.8029616861275315,-1
508,2016-12-05,2.308791318555917,-4.533245521979937,8.406027516255067,2.308791318555917,2.308791318555917,-0.6251815170145925,-0.6251815170145925,-0.6251815170145925,0.06302283964517882,0.06302283964517882,0.06302283964517882,-0.6882043566597713,-0.6882043566597713,-0.6882043566597713,0.0,0.0,0.0,1.6836098015413246,2.5981909015113893,-1
509,2016-12-06,2.3159750420054372,-5.540818138321411,7.900340043188501,2.3159750420054372,2.3159750420054372,-0.7513020977484112,-0.7513020977484112,-0.7513020977484112,0.04431353266008821,0.04431353266008821,0.04431353266008821,-0.7956156304084995,-0.7956156304084995,-0.7956156304084995,0.0,0.0,0.0,1.5646729442570262,2.4036382310879727,-1
510,2016-12-07,2.3231587654549575,-5.448262375863117,8.511039529568656,2.3231587654549575,2.3231587654549575,-0.9278759554216519,-0.9278759554216519,-0.9278759554216519,-0.03333725219127708,-0.03333725219127708,-0.03333725219127708,-0.8945387032303749,-0.8945387032303749,-0.8945387032303749,0.0,0.0,0.0,1.3952828100333057,2.2056144631096903,-1
511,2016-12-08,2.3303424889044764,-5.726226673643544,8.29151931654816,2.3303424889044764,2.3303424889044764,-0.9461798333118103,-0.9461798333118103,-0.9461798333118103,0.038648265392063286,0.038648265392063286,0.038648265392063286,-0.9848280987038737,-0.9848280987038737,-0.9848280987038737,0.0,0.0,0.0,1.384162655592666,2.026710638845256,-1
512,2016-12-09,2.3375262123539966,-5.26336762345648,7.830532373210429,2.3375262123539966,2.3375262123539966,-1.0625640359578883,-1.0625640359578883,-1.0625640359578883,0.0039287967368321014,0.0039287967368321014,0.0039287967368321014,-1.0664928326947203,-1.0664928326947203,-1.0664928326947203,0.0,0.0,0.0,1.2749621763961083,1.8600274072784249,-1
513,2016-12-12,2.3590773827025573,-5.878033689796808,8.381979065921977,2.3590773827025573,2.3590773827025573,-1.1988487645771886,-1.1988487645771886,-1.1988487645771886,0.06302283964531934,0.06302283964531934,0.06302283964531934,-1.261871604222508,-1.261871604222508,-1.261871604222508,0.0,0.0,0.0,1.1602286181253687,1.7185298573027132,-1
514,2016-12-13,2.3662611061520775,-5.958942208737885,7.626910480353708,2.3662611061520775,2.3662611061520775,-1.2674284670529048,-1.2674284670529048,-1.2674284670529048,0.04431353265993581,0.04431353265993581,0.04431353265993581,-1.3117419997128406,-1.3117419997128406,-1.3117419997128406,0.0,0.0,0.0,1.0988326390991727,1.5869012403572094,-1
515,2016-12-14,2.3734448296015977,-5.773358140263261,8.190992046763249,2.3734448296015977,2.3734448296015977,-1.3881886761680646,-1.3881886761680646,-1.3881886761680646,-0.03333725219129056,-0.03333725219129056,-0.03333725219129056,-1.3548514239767742,-1.3548514239767742,-1.3548514239767742,0.0,0.0,0.0,0.9852561534335331,1.4655429609651656,-1
516,2016-12-15,2.380628553051117,-5.713428304982153,8.131836836783332,2.380628553051117,2.380628553051117,-1.353169354472849,-1.353169354472849,-1.353169354472849,0.038648265391952735,0.038648265391952735,0.038648265391952735,-1.3918176198648018,-1.3918176198648018,-1.3918176198648018,0.0,0.0,0.0,1.0274591985782682,1.3546638451322193,-1
517,2016-12-16,2.3878122765006373,-5.679913040603552,8.260969303782366,2.3878122765006373,2.3878122765006373,-1.4193693386362924,-1.4193693386362924,-1.4193693386362924,0.003928796736770711,0.003928796736770711,0.003928796736770711,-1.4232981353730632,-1.4232981353730632,-1.4232981353730632,0.0,0.0,0.0,0.9684429378643449,1.2542909934921118,-1
518,2016-12-19,2.4093634468491967,-6.132206818741441,7.329695070780104,2.4093634468491967,2.4093634468491967,-1.4286184064173417,-1.4286184064173417,-1.4286184064173417,0.06302283964521511,0.06302283964521511,0.06302283964521511,-1.4916412460625568,-1.4916412460625568,-1.4916412460625568,0.0,0.0,0.0,0.980745040431855,1.1840045173811649,-1
519,2016-12-20,2.416547170298717,-5.780823822464037,7.137994784387879,2.416547170298717,2.416547170298717,-1.4636528412991996,-1.4636528412991996,-1.4636528412991996,0.044313532660188074,0.044313532660188074,0.044313532660188074,-1.5079663739593876,-1.5079663739593876,-1.5079663739593876,0.0,0.0,0.0,0.9528943289995173,1.1228266558554139,-1
520,2016-12-21,2.423730893748237,-5.670159416312589,8.247642498072514,2.423730893748237,2.423730893748237,-1.5554610070082853,-1.5554610070082853,-1.5554610070082853,-0.03333725219122444,-0.03333725219122444,-0.03333725219122444,-1.522123754817061,-1.522123754817061,-1.522123754817061,0.0,0.0,0.0,0.8682698867399519,1.0701253635260786,-1
521,2016-12-22,2.4309146171977574,-5.677652571179921,7.922401273012594,2.4309146171977574,2.4309146171977574,-1.4960405136041122,-1.4960405136041122,-1.4960405136041122,0.03864826539200609,0.03864826539200609,0.03864826539200609,-1.534688778996118,-1.534688778996118,-1.534688778996118,0.0,0.0,0.0,0.9348741035936452,1.0251965083261765,-1
522,2016-12-23,2.4380983406472776,-6.153536180756184,7.7794837057178094,2.4380983406472776,2.4380983406472776,-1.5422550291770472,-1.5422550291770472,-1.5422550291770472,0.003928796736709315,0.003928796736709315,0.003928796736709315,-1.5461838259137564,-1.5461838259137564,-1.5461838259137564,0.0,0.0,0.0,0.8958433114702304,0.9872846218335887,-1
523,2016-12-27,2.466833234445357,-5.777788389638228,7.860653383429269,2.466833234445357,2.466833234445357,-1.545426748053732,-1.545426748053732,-1.545426748053732,0.04431353266003567,0.04431353266003567,0.04431353266003567,-1.5897402807137677,-1.5897402807137677,-1.5897402807137677,0.0,0.0,0.0,0.9214064863916251,0.9634024086602142,-1
524,2016-12-28,2.4740169578948765,-6.185467113588281,7.186371036128055,2.4740169578948765,2.4740169578948765,-1.6348431460204833,-1.6348431460204833,-1.6348431460204833,-0.03333725219124925,-0.03333725219124925,-0.03333725219124925,-1.6015058938292341,-1.6015058938292341,-1.6015058938292341,0.0,0.0,0.0,0.8391738118743932,0.9374365259377365,-1
525,2016-12-29,2.4812006813443968,-5.46168424137113,7.725817061476346,2.4812006813443968,2.4812006813443968,-1.5753273650206243,-1.5753273650206243,-1.5753273650206243,0.038648265392059455,0.038648265392059455,0.038648265392059455,-1.6139756304126838,-1.6139756304126838,-1.6139756304126838,0.0,0.0,0.0,0.9058733163237724,0.9294982422267604,-1
526,2016-12-30,2.488384404793917,-5.753690496015066,8.191039987399709,2.488384404793917,2.488384404793917,-1.623280726110566,-1.623280726110566,-1.623280726110566,0.003928796736815847,0.003928796736815847,0.003928796736815847,-1.627209522847382,-1.627209522847382,-1.627209522847382,0.0,0.0,0.0,0.865103678683351,0.9132626902372685,-1
527,2017-01-03,2.5171192985919966,-6.173211827434634,7.471460851017022,2.5171192985919966,2.5171192985919966,-1.6425712091866826,-1.6425712091866826,-1.6425712091866826,0.04431353265988326,0.04431353265988326,0.04431353265988326,-1.686884741846566,-1.686884741846566,-1.686884741846566,0.0,0.0,0.0,0.8745480894053139,0.9038732053913655,-1
528,2017-01-04,2.524303022041517,-6.505182671293232,8.135735657819119,2.524303022041517,2.524303022041517,-1.7361354601494587,-1.7361354601494587,-1.7361354601494587,-0.03333725219118314,-0.03333725219118314,-0.03333725219118314,-1.7027982079582757,-1.7027982079582757,-1.7027982079582757,0.0,0.0,0.0,0.788167561892058,0.8846154575373857,-1
529,2017-01-05,2.531486745491037,-5.9524525149579155,7.658616425512364,2.531486745491037,2.531486745491037,-1.6800270009686364,-1.6800270009686364,-1.6800270009686364,0.03864826539199439,0.03864826539199439,0.03864826539199439,-1.7186752663606308,-1.7186752663606308,-1.7186752663606308,0.0,0.0,0.0,0.8514597445224006,0.8744719990896742,-1
530,2017-01-06,2.5386704689405573,-6.006085711638957,8.09867608071587,2.5386704689405573,2.5386704689405573,-1.7303058144828005,-1.7303058144828005,-1.7303058144828005,0.003928796736754454,0.003928796736754454,0.003928796736754454,-1.734234611219555,-1.734234611219555,-1.734234611219555,0.0,0.0,0.0,0.8083646544577567,0.8684814758614546,-1
531,2017-01-09,2.560221639289118,-5.45257788553915,7.837553189821882,2.560221639289118,2.560221639289118,-1.7127871908976968,-1.7127871908976968,-1.7127871908976968,0.06302283964513859,0.06302283964513859,0.06302283964513859,-1.7758100305428355,-1.7758100305428355,-1.7758100305428355,0.0,0.0,0.0,0.8474344483914211,0.8597375103412324,-1
532,2017-01-10,2.5674053627386373,-5.7580090258011785,7.625235086811417,2.5674053627386373,2.5674053627386373,-1.742500588407864,-1.742500588407864,-1.742500588407864,0.04431353266013552,0.04431353266013552,0.04431353266013552,-1.7868141210679993,-1.7868141210679993,-1.7868141210679993,0.0,0.0,0.0,0.8249047743307734,0.8526436566272866,-1
533,2017-01-11,2.5745890861881575,-5.747815627284088,7.60520913349464,2.5745890861881575,2.5745890861881575,-1.8291275326715533,-1.8291275326715533,-1.8291275326715533,-0.03333725219128755,-0.03333725219128755,-0.03333725219128755,-1.7957902804802657,-1.7957902804802657,-1.7957902804802657,0.0,0.0,0.0,0.7454615535166043,0.8350491633397844,-1
534,2017-01-12,2.5817728096376777,-5.787488643446786,8.064037605887288,2.5817728096376777,2.5817728096376777,-1.7637275860272008,-1.7637275860272008,-1.7637275860272008,0.03864826539192933,0.03864826539192933,0.03864826539192933,-1.8023758514191301,-1.8023758514191301,-1.8023758514191301,0.0,0.0,0.0,0.8180452236104769,0.8329363045133927,-1
535,2017-01-13,2.5889565330871966,-6.083082512717555,7.6987059010738985,2.5889565330871966,2.5889565330871966,-1.8022861488005095,-1.8022861488005095,-1.8022861488005095,0.003928796736702025,0.003928796736702025,0.003928796736702025,-1.8062149455372114,-1.8062149455372114,-1.8062149455372114,0.0,0.0,0.0,0.7866703842866871,0.8210160113096844,-1
536,2017-01-17,2.6176914268852776,-5.829169400121521,7.765970833214489,2.6176914268852776,2.6176914268852776,-1.7432496816100296,-1.7432496816100296,-1.7432496816100296,0.04431353265998311,0.04431353265998311,0.04431353265998311,-1.7875632142700126,-1.7875632142700126,-1.7875632142700126,0.0,0.0,0.0,0.874441745275248,0.821949817968874,1
537,2017-01-18,2.624875150334798,-5.7841750513233485,6.836780849450811,2.624875150334798,2.624875150334798,-1.806328712132257,-1.806328712132257,-1.806328712132257,-0.03333725219122143,-0.03333725219122143,-0.03333725219122143,-1.7729914599410357,-1.7729914599410357,-1.7729914599410357,0.0,0.0,0.0,0.8185464382025407,0.8163496528485966,1
538,2017-01-19,2.632058873784318,-6.089049129441606,7.453322705925372,2.632058873784318,2.632058873784318,-1.7153708931225478,-1.7153708931225478,-1.7153708931225478,0.0386482653919827,0.0386482653919827,0.0386482653919827,-1.7540191585145302,-1.7540191585145302,-1.7540191585145302,0.0,0.0,0.0,0.9166879806617703,0.8292016947255678,1
539,2017-01-20,2.6392425972338374,-6.205152712193931,7.56700634679428,2.6392425972338374,2.6392425972338374,-1.7265784228481167,-1.7265784228481167,-1.7265784228481167,0.003928796736640628,0.003928796736640628,0.003928796736640628,-1.7305072195847573,-1.7305072195847573,-1.7305072195847573,0.0,0.0,0.0,0.9126641743857207,0.8353221377118999,1
540,2017-01-23,2.6607937675823967,-5.6973319709946395,8.111586824239964,2.6607937675823967,2.6607937675823967,-1.5691619586416736,-1.5691619586416736,-1.5691619586416736,0.0630228396450482,0.0630228396450482,0.0630228396450482,-1.632184798286722,-1.632184798286722,-1.632184798286722,0.0,0.0,0.0,1.091631808940723,0.8636488531601966,1
541,2017-01-24,2.667977491031918,-5.8625884985259304,8.098649817547594,2.667977491031918,2.667977491031918,-1.545963616117653,-1.545963616117653,-1.545963616117653,0.04431353265994908,0.04431353265994908,0.04431353265994908,-1.5902771487776024,-1.5902771487776024,-1.5902771487776024,0.0,0.0,0.0,1.1220138749142647,0.8911067958124809,1
542,2017-01-25,2.675161214481438,-5.8851240112525804,8.309020883957016,2.675161214481438,2.675161214481438,-1.5773719007835838,-1.5773719007835838,-1.5773719007835838,-0.03333725219115531,-0.03333725219115531,-0.03333725219115531,-1.5440346485924283,-1.5440346485924283,-1.5440346485924283,0.0,0.0,0.0,1.0977893136978543,0.918395249749189,1
543,2017-01-26,2.6823449379309574,-5.863818584414533,8.285268881265692,2.6823449379309574,2.6823449379309574,-1.455052940580229,-1.455052940580229,-1.455052940580229,0.03864826539187214,0.03864826539187214,0.03864826539187214,-1.4937012059721009,-1.4937012059721009,-1.4937012059721009,0.0,0.0,0.0,1.2272919973507284,0.9665782941326014,1
544,2017-01-27,2.6895286613804776,-5.3983355763392495,8.221229068351288,2.6895286613804776,2.6895286613804776,-1.4356623383896758,-1.4356623383896758,-1.4356623383896758,0.003928796736738194,0.003928796736738194,0.003928796736738194,-1.439591135126414,-1.439591135126414,-1.439591135126414,0.0,0.0,0.0,1.2538663229908018,1.010160404070634,1
545,2017-01-30,2.711079831729037,-5.004736429626038,8.701973877010696,2.711079831729037,2.711079831729037,-1.1957361744062156,-1.1957361744062156,-1.1957361744062156,0.06302283964506634,0.06302283964506634,0.06302283964506634,-1.2587590140512819,-1.2587590140512819,-1.2587590140512819,0.0,0.0,0.0,1.5153436573228214,1.0830277313742473,1
546,2017-01-31,2.7182635551785572,-5.909751007277482,7.975245078849526,2.7182635551785572,2.7182635551785572,-1.149696510152537,-1.149696510152537,-1.149696510152537,0.04431353265979667,0.04431353265979667,0.04431353265979667,-1.1940100428123337,-1.1940100428123337,-1.1940100428123337,0.0,0.0,0.0,1.5685670450260203,1.1524402613493245,1
547,2017-02-01,2.7254472786280775,-5.1294345442491025,8.195806509430582,2.7254472786280775,2.7254472786280775,-1.161343400228447,-1.161343400228447,-1.161343400228447,-0.033337252191259735,-0.033337252191259735,-0.033337252191259735,-1.1280061480371875,-1.1280061480371875,-1.1280061480371875,0.0,0.0,0.0,1.5641038783996304,1.2269960053690336,1
548,2017-02-02,2.7326310020775977,-4.931203861158786,8.72797907708838,2.7326310020775977,2.7326310020775977,-1.0227497648991586,-1.0227497648991586,-1.0227497648991586,0.03864826539197099,0.03864826539197099,0.03864826539197099,-1.0613980302911297,-1.0613980302911297,-1.0613980302911297,0.0,0.0,0.0,1.709881237178439,1.3063153310207005,1
549,2017-02-03,2.739814725527118,-5.527785772382653,8.255750559537349,2.739814725527118,2.739814725527118,-0.9909344386665071,-0.9909344386665071,-0.9909344386665071,0.003928796736685762,0.003928796736685762,0.003928796736685762,-0.9948632354031929,-0.9948632354031929,-0.9948632354031929,0.0,0.0,0.0,1.7488802868606108,1.3899369422681895,1
550,2017-02-06,2.7613658958756777,-4.837580118981131,9.323347196991786,2.7613658958756777,2.7613658958756777,-0.7395897694301237,-0.7395897694301237,-0.7395897694301237,0.06302283964508018,0.06302283964508018,0.06302283964508018,-0.8026126090752038,-0.8026126090752038,-0.8026126090752038,0.0,0.0,0.0,2.021776126445554,1.4829513740186724,1
551,2017-02-07,2.768549619325198,-4.681934386993914,8.970113191337456,2.768549619325198,2.768549619325198,-0.6989206164608843,-0.6989206164608843,-0.6989206164608843,0.04431353265993055,0.04431353265993055,0.04431353265993055,-0.743234149120815,-0.743234149120815,-0.743234149120815,0.0,0.0,0.0,2.0696290028643136,1.5777128868136774,1
552,2017-02-08,2.775733342774717,-4.637447675495394,8.369277792814048,2.775733342774717,2.775733342774717,-0.7205959122121857,-0.7205959122121857,-0.7205959122121857,-0.033337252191182276,-0.033337252191182276,-0.033337252191182276,-0.6872586600210034,-0.6872586600210034,-0.6872586600210034,0.0,0.0,0.0,2.055137430562531,1.673447698500145,1
553,2017-02-09,2.782917066224237,-4.529821188074579,8.72253056265482,2.782917066224237,2.782917066224237,-0.5965912173052127,-0.5965912173052127,-0.5965912173052127,0.03864826539197886,0.03864826539197886,0.03864826539197886,-0.6352394826971917,-0.6352394826971917,-0.6352394826971917,0.0,0.0,0.0,2.1863258489190245,1.7693510836569746,1
554,2017-02-10,2.7901007896737573,-4.401921746325645,9.393340636564268,2.7901007896737573,2.7901007896737573,-0.5837298511938785,-0.5837298511938785,-0.5837298511938785,0.003928796736633334,0.003928796736633334,0.003928796736633334,-0.5876586479305119,-0.5876586479305119,-0.5876586479305119,0.0,0.0,0.0,2.206370938479879,1.8646015452058822,1
555,2017-02-13,2.811651960022318,-5.030491313529806,9.002318919141352,2.811651960022318,2.811651960022318,-0.41200746813551153,-0.41200746813551153,-0.41200746813551153,0.06302283964497597,0.06302283964497597,0.06302283964497597,-0.47503030778048755,-0.47503030778048755,-0.47503030778048755,0.0,0.0,0.0,2.3996444918868063,1.953031628662281,1
556,2017-02-14,2.818835683471838,-4.838252797836236,9.350091026286693,2.818835683471838,2.818835683471838,-0.40385396086896513,-0.40385396086896513,-0.40385396086896513,0.044313532659896515,0.044313532659896515,0.044313532659896515,-0.44816749352886165,-0.44816749352886165,-0.44816749352886165,0.0,0.0,0.0,2.414981722602873,2.037673096419966,1
557,2017-02-15,2.8260194069213576,-4.124423766313543,9.079251398715972,2.8260194069213576,2.8260194069213576,-0.4600156784038556,-0.4600156784038556,-0.4600156784038556,-0.033337252191298024,-0.033337252191298024,-0.033337252191298024,-0.4266784262125575,-0.4266784262125575,-0.4266784262125575,0.0,0.0,0.0,2.366003728517502,2.1178630814317536,1
558,2017-02-16,2.833203130370878,-4.354655823907912,9.182815723878123,2.833203130370878,2.833203130370878,-0.37175318360910253,-0.37175318360910253,-0.37175318360910253,0.03864826539203221,0.03864826539203221,0.03864826539203221,-0.4104014490011348,-0.4104014490011348,-0.4104014490011348,0.0,0.0,0.0,2.461449946761775,2.1930199523900873,1
559,2017-02-17,2.840386853820398,-3.915698707218093,8.674807535892706,2.840386853820398,2.840386853820398,-0.3951236208814083,-0.3951236208814083,-0.3951236208814083,0.003928796736721935,0.003928796736721935,0.003928796736721935,-0.3990524176181302,-0.3990524176181302,-0.3990524176181302,0.0,0.0,0.0,2.4452632329389896,2.262658246997925,1
560,2017-02-21,2.8691217476184785,-4.664288633823851,9.237551275936532,2.8691217476184785,2.8691217476184785,-0.3489147425552055,-0.3489147425552055,-0.3489147425552055,0.04431353265986248,0.04431353265986248,0.04431353265986248,-0.393228275215068,-0.393228275215068,-0.393228275215068,0.0,0.0,0.0,2.520207005063273,2.312501334859697,1
561,2017-02-22,2.876305471067998,-4.208030202573057,9.340576468836664,2.876305471067998,2.876305471067998,-0.43169936190340275,-0.43169936190340275,-0.43169936190340275,-0.03333725219122058,-0.03333725219122058,-0.03333725219122058,-0.39836210971218217,-0.39836210971218217,-0.39836210971218217,0.0,0.0,0.0,2.444606109164595,2.3499990454897253,1
562,2017-02-23,2.883489194517518,-4.519921279290016,9.391337782778043,2.883489194517518,2.883489194517518,-0.36588812867051684,-0.36588812867051684,-0.36588812867051684,0.03864826539192167,0.03864826539192167,0.03864826539192167,-0.4045363940624385,-0.4045363940624385,-0.4045363940624385,0.0,0.0,0.0,2.517601065847001,2.3962454090181717,1
563,2017-02-24,2.8906729179670383,-4.578105959971077,9.190814909098878,2.8906729179670383,2.8906729179670383,-0.4069363286439603,-0.4069363286439603,-0.4069363286439603,0.003928796736678472,0.003928796736678472,0.003928796736678472,-0.4108651253806388,-0.4108651253806388,-0.4108651253806388,0.0,0.0,0.0,2.483736589323078,2.425986483058577,1
564,2017-02-27,2.9122240841226246,-4.582635429507804,9.545467545685124,2.9122240841226246,2.9122240841226246,-0.3587686955289582,-0.3587686955289582,-0.3587686955289582,0.06302283964513461,0.06302283964513461,0.06302283964513461,-0.4217915351740928,-0.4217915351740928,-0.4217915351740928,0.0,0.0,0.0,2.553455388593666,2.460694928069956,1
565,2017-02-28,2.9194078061744864,-4.382371070795417,9.032496074577336,2.9194078061744864,2.9194078061744864,-0.37555732400861114,-0.37555732400861114,-0.37555732400861114,0.04431353265987801,0.04431353265987801,0.04431353265987801,-0.4198708566684892,-0.4198708566684892,-0.4198708566684892,0.0,0.0,0.0,2.543850482165875,2.475115527097863,1
566,2017-03-01,2.9265915282263486,-4.527277445448987,9.729611963991374,2.9265915282263486,2.9265915282263486,-0.44720903976681314,-0.44720903976681314,-0.44720903976681314,-0.0333372521912454,-0.0333372521912454,-0.0333372521912454,-0.41387178757556775,-0.41387178757556775,-0.41387178757556775,0.0,0.0,0.0,2.4793824884595352,2.481555603683529,-1
567,2017-03-02,2.9337752502782104,-3.8498051184727293,9.393618998466373,2.9337752502782104,2.9337752502782104,-0.3644997385966338,-0.3644997385966338,-0.3644997385966338,0.03864826539192953,0.03864826539192953,0.03864826539192953,-0.4031480039885634,-0.4031480039885634,-0.4031480039885634,0.0,0.0,0.0,2.5692755116815764,2.5018827819999365,1
568,2017-03-03,2.9409589723300726,-4.272350613546997,8.614190324546673,2.9409589723300726,2.9409589723300726,-0.38324115118459046,-0.38324115118459046,-0.38324115118459046,0.00392879673661708,0.00392879673661708,0.00392879673661708,-0.3871699479212076,-0.3871699479212076,-0.3871699479212076,0.0,0.0,0.0,2.557717821145482,2.5115095694383074,1
569,2017-03-06,2.9625101384856594,-3.686629677072888,9.480911988283781,2.9625101384856594,2.9625101384856594,-0.24149521352888736,-0.24149521352888736,-0.24149521352888736,0.06302283964514846,0.06302283964514846,0.06302283964514846,-0.3045180531740358,-0.3045180531740358,-0.3045180531740358,0.0,0.0,0.0,2.721014924956772,2.5390847386400854,1
570,2017-03-07,2.9696938605375207,-4.368063442221848,9.509461805759987,2.9696938605375207,2.9696938605375207,-0.2208066633465678,-0.2208066633465678,-0.2208066633465678,0.044313532660130266,0.044313532660130266,0.044313532660130266,-0.26512019600669806,-0.26512019600669806,-0.26512019600669806,0.0,0.0,0.0,2.7488871971909528,2.561952757852853,1
571,2017-03-08,2.976877582589384,-3.595431794373114,9.374257270945655,2.976877582589384,2.976877582589384,-0.2534204060349469,-0.2534204060349469,-0.2534204060349469,-0.03333725219127021,-0.03333725219127021,-0.03333725219127021,-0.2200831538436767,-0.2200831538436767,-0.2200831538436767,0.0,0.0,0.0,2.723457176554437,2.5898378645918374,1
572,2017-03-09,2.9840613046412456,-4.311534830284447,9.68115180194583,2.9840613046412456,2.9840613046412456,-0.13118727872893454,-0.13118727872893454,-0.13118727872893454,0.03864826539202838,0.03864826539202838,0.03864826539202838,-0.1698355441209629,-0.1698355441209629,-0.1698355441209629,0.0,0.0,0.0,2.8528740259123113,2.623365160598369,1
573,2017-03-10,2.991245026693108,-4.1309198712843695,9.442095915508782,2.991245026693108,2.991245026693108,-0.11104444986347976,-0.11104444986347976,-0.11104444986347976,0.00392879673656465,0.00392879673656465,0.00392879673656465,-0.11497324660004442,-0.11497324660004442,-0.11497324660004442,0.0,0.0,0.0,2.880200576829628,2.6630115593490236,1
574,2017-03-13,3.0127961928486937,-4.016053176101702,10.086946204886347,3.0127961928486937,3.0127961928486937,0.13207798311343436,0.13207798311343436,0.13207798311343436,0.06302283964528896,0.06302283964528896,0.06302283964528896,0.06905514346814538,0.06905514346814538,0.06905514346814538,0.0,0.0,0.0,3.144874175962128,2.72215343808587,1
575,2017-03-14,3.019979914900556,-3.3906038054592025,10.169427977064565,3.019979914900556,3.019979914900556,0.17779195202599363,0.17779195202599363,0.17779195202599363,0.04431353265997786,0.04431353265997786,0.04431353265997786,0.13347841936601576,0.13347841936601576,0.13347841936601576,0.0,0.0,0.0,3.1977718669265496,2.787545576561937,1
576,2017-03-15,3.0271636369524177,-3.4822024493634123,9.82769264059051,3.0271636369524177,3.0271636369524177,0.1641517356796721,0.1641517356796721,0.1641517356796721,-0.033337252191295026,-0.033337252191295026,-0.033337252191295026,0.19748898787096708,0.19748898787096708,0.19748898787096708,0.0,0.0,0.0,3.19131537263209,2.8587388649791925,1
577,2017-03-16,3.034347359004281,-3.8359619600769994,10.021539008563671,3.034347359004281,3.034347359004281,0.2984636456934774,0.2984636456934774,0.2984636456934774,0.038648265391917826,0.038648265391917826,0.038648265391917826,0.2598153803015595,0.2598153803015595,0.2598153803015595,0.0,0.0,0.0,3.332811004697758,2.935092414280811,1
578,2017-03-17,3.041531081056142,-3.1485549411886637,10.710184457235423,3.041531081056142,3.041531081056142,0.3230874375895329,0.3230874375895329,0.3230874375895329,0.0039287967366532445,0.0039287967366532445,0.0039287967366532445,0.3191586408528797,0.3191586408528797,0.3191586408528797,0.0,0.0,0.0,3.3646185186456745,3.0157824840308303,1
579,2017-03-20,3.063082247211729,-2.9043044299040703,10.488479025126697,3.063082247211729,3.063082247211729,0.529537886613203,0.529537886613203,0.529537886613203,0.06302283964518474,0.06302283964518474,0.06302283964518474,0.46651504696801827,0.46651504696801827,0.46651504696801827,0.0,0.0,0.0,3.5926201338249317,3.102943004917646,1
580,2017-03-21,3.070265969263591,-3.039460153973621,10.498309913729502,3.070265969263591,3.070265969263591,0.54574583136772,0.54574583136772,0.54574583136772,0.04431353266023013,0.04431353266023013,0.04431353266023013,0.50143229870749,0.50143229870749,0.50143229870749,0.0,0.0,0.0,3.6160118006313113,3.189655465261682,1
581,2017-03-22,3.077449691315453,-3.395500145249934,10.318584200806997,3.077449691315453,3.077449691315453,0.4941637762297903,0.4941637762297903,0.4941637762297903,-0.033337252191217574,-0.033337252191217574,-0.033337252191217574,0.5275010284210079,0.5275010284210079,0.5275010284210079,0.0,0.0,0.0,3.571613467545243,3.274471094360763,1
582,2017-03-23,3.0846334133673152,-3.1389420895212607,10.563460505099842,3.0846334133673152,3.0846334133673152,0.5825200694098103,0.5825200694098103,0.5825200694098103,0.03864826539197119,0.03864826539197119,0.03864826539197119,0.5438718040178391,0.5438718040178391,0.5438718040178391,0.0,0.0,0.0,3.6671534827771257,3.3558990400472437,1
583,2017-03-24,3.091817135419177,-2.8730389133602694,9.989782714638187,3.091817135419177,3.091817135419177,0.5537879867920165,0.5537879867920165,0.5537879867920165,0.003928796736759779,0.003928796736759779,0.003928796736759779,0.5498591900552567,0.5498591900552567,0.5498591900552567,0.0,0.0,0.0,3.6456051222111934,3.4324394945854,1
584,2017-03-27,3.1133683015747633,-2.6289384193167846,10.793234633968845,3.1133683015747633,3.1133683015747633,0.564484594304651,0.564484594304651,0.564484594304651,0.06302283964519857,0.06302283964519857,0.06302283964519857,0.5014617546594524,0.5014617546594524,0.5014617546594524,0.0,0.0,0.0,3.6778528958794143,3.485737366577129,1
585,2017-03-28,3.1205520236266264,-3.0342546003565567,10.10838127679455,3.1205520236266264,3.1205520236266264,0.5071711515677544,0.5071711515677544,0.5071711515677544,0.04431353266007772,0.04431353266007772,0.04431353266007772,0.4628576189076767,0.4628576189076767,0.4628576189076767,0.0,0.0,0.0,3.627723175194381,3.5287324974039125,1
586,2017-03-29,3.127735745678488,-2.798960099079223,9.978772755107762,3.127735745678488,3.127735745678488,0.38001716909525557,0.38001716909525557,0.38001716909525557,-0.03333725219124239,-0.03333725219124239,-0.03333725219124239,0.41335442128649796,0.41335442128649796,0.41335442128649796,0.0,0.0,0.0,3.507752914773744,3.560376251618078,-1
587,2017-03-30,3.1349194677303505,-3.2385856687155163,10.169509331924111,3.1349194677303505,3.1349194677303505,0.3921031846414849,0.3921031846414849,0.3921031846414849,0.03864826539202456,0.03864826539202456,0.03864826539202456,0.3534549192494603,0.3534549192494603,0.3534549192494603,0.0,0.0,0.0,3.5270226523718353,3.5797974163854853,-1
588,2017-03-31,3.1421031897822123,-3.016607830028253,10.408468900147522,3.1421031897822123,3.1421031897822123,0.2877772405093622,0.2877772405093622,0.2877772405093622,0.00392879673670735,0.00392879673670735,0.00392879673670735,0.2838484437726549,0.2838484437726549,0.2838484437726549,0.0,0.0,0.0,3.4298804302915746,3.5863236075500757,-1
589,2017-04-03,3.1636543559377985,-3.109827510159675,9.909490555278982,3.1636543559377985,3.1636543559377985,0.08913329648143839,0.08913329648143839,0.08913329648143839,0.06302283964521672,0.06302283964521672,0.06302283964521672,0.026110456836221662,0.026110456836221662,0.026110456836221662,0.0,0.0,0.0,3.252787652419237,3.5523403594095058,-1
590,2017-04-04,3.170838077989661,-3.858152222162272,9.837043366451129,3.170838077989661,3.170838077989661,-0.028036174819444842,-0.028036174819444842,-0.028036174819444842,0.044313532660043675,0.044313532660043675,0.044313532660043675,-0.07234970747948852,-0.07234970747948852,-0.07234970747948852,0.0,0.0,0.0,3.1428019031702163,3.5050193696633962,-1
591,2017-04-05,3.1780218000415226,-3.7203003422352015,9.274628805305184,3.1780218000415226,3.1780218000415226,-0.20831000264284877,-0.20831000264284877,-0.20831000264284877,-0.03333725219117627,-0.03333725219117627,-0.03333725219117627,-0.1749727504516725,-0.1749727504516725,-0.1749727504516725,0.0,0.0,0.0,2.969711797398674,3.4448292026487395,-1
592,2017-04-06,3.1852055220933857,-3.6685138174563914,9.633179572871688,3.1852055220933857,3.1852055220933857,-0.24176734298723226,-0.24176734298723226,-0.24176734298723226,0.03864826539207791,0.03864826539207791,0.03864826539207791,-0.2804156083793102,-0.2804156083793102,-0.2804156083793102,0.0,0.0,0.0,2.9434381791061535,3.372457672281642,-1
593,2017-04-07,3.1923892441452475,-4.22972910319495,9.353239729631216,3.1923892441452475,3.1923892441452475,-0.3833990458023215,-0.3833990458023215,-0.3833990458023215,0.0039287967368049174,0.0039287967368049174,0.0039287967368049174,-0.38732784253912644,-0.38732784253912644,-0.38732784253912644,0.0,0.0,0.0,2.808990198342926,3.2887961798948155,-1
594,2017-04-10,3.2139404103008338,-4.540734093314581,9.406397980515122,3.2139404103008338,3.2139404103008338,-0.6408891645889371,-0.6408891645889371,-0.6408891645889371,0.06302283964510821,0.06302283964510821,0.06302283964510821,-0.7039120042340453,-0.7039120042340453,-0.7039120042340453,0.0,0.0,0.0,2.5730512457118966,3.178316014878064,-1
595,2017-04-11,3.2211241323526956,-4.6043947876914375,9.08213459720795,3.2211241323526956,3.2211241323526956,-0.7597984913585424,-0.7597984913585424,-0.7597984913585424,0.04431353266000964,0.04431353266000964,0.04431353266000964,-0.804112024018552,-0.804112024018552,-0.804112024018552,0.0,0.0,0.0,2.4613256409941533,3.061676261458041,-1
596,2017-04-12,3.228307854404558,-4.787670323067309,9.558938225617148,3.228307854404558,3.228307854404558,-0.9332909346492604,-0.9332909346492604,-0.9332909346492604,-0.03333725219128069,-0.03333725219128069,-0.03333725219128069,-0.8999536824579796,-0.8999536824579796,-0.8999536824579796,0.0,0.0,0.0,2.295016919755297,2.9404026619561963,-1
597,2017-04-13,3.2354915764564196,-4.79478881623073,8.684700858421659,3.2354915764564196,3.2354915764564196,-0.9519815858469329,-0.9519815858469329,-0.9519815858469329,0.03864826539196736,0.03864826539196736,0.03864826539196736,-0.9906298512389003,-0.9906298512389003,-0.9906298512389003,0.0,0.0,0.0,2.2835099906094865,2.8160513957799616,-1
598,2017-04-17,3.264226464663869,-4.801331354905451,8.975824183401363,3.264226464663869,3.264226464663869,-1.2282601719167725,-1.2282601719167725,-1.2282601719167725,0.06302283964499969,0.06302283964499969,0.06302283964499969,-1.2912830115617722,-1.2912830115617722,-1.2912830115617722,0.0,0.0,0.0,2.0359662927470965,2.6766599820255133,-1
599,2017-04-18,3.27141018671573,-4.656708241358059,9.075642447863704,3.27141018671573,3.27141018671573,-1.3054996700836765,-1.3054996700836765,-1.3054996700836765,0.04431353266014353,0.04431353266014353,0.04431353266014353,-1.3498132027438199,-1.3498132027438199,-1.3498132027438199,0.0,0.0,0.0,1.9659105166320534,2.547972268446795,-1
600,2017-04-19,3.278593908767593,-4.998101633010943,8.576428849000406,3.278593908767593,3.278593908767593,-1.4351442285830365,-1.4351442285830365,-1.4351442285830365,-0.03333725219121457,-0.03333725219121457,-0.03333725219121457,-1.401806976391822,-1.401806976391822,-1.401806976391822,0.0,0.0,0.0,1.8434496801845566,2.4180370461482292,-1
601,2017-04-20,3.285777630819455,-5.2530621388799,8.781800391586208,3.285777630819455,3.285777630819455,-1.4089227038789387,-1.4089227038789387,-1.4089227038789387,0.03864826539194779,0.03864826539194779,0.03864826539194779,-1.4475709692708865,-1.4475709692708865,-1.4475709692708865,0.0,0.0,0.0,1.8768549269405161,2.3087513591024136,-1
602,2017-04-21,3.292961352871317,-5.309410466754309,8.741385065923641,3.292961352871317,3.292961352871317,-1.4835945989048238,-1.4835945989048238,-1.4835945989048238,0.003928796736682126,0.003928796736682126,0.003928796736682126,-1.487523395641506,-1.487523395641506,-1.487523395641506,0.0,0.0,0.0,1.8093667539664933,2.1953442165884476,-1
603,2017-04-24,3.3145125190269042,-5.490624021519623,8.352139385686232,3.3145125190269042,3.3145125190269042,-1.5148135439008907,-1.5148135439008907,-1.5148135439008907,0.06302283964501783,0.06302283964501783,0.06302283964501783,-1.5778363835459086,-1.5778363835459086,-1.5778363835459086,0.0,0.0,0.0,1.7996989751260135,2.0944150942667563,-1
604,2017-04-25,3.321696241078765,-5.102833930810547,8.257123617792681,3.321696241078765,3.321696241078765,-1.5557380227005904,-1.5557380227005904,-1.5557380227005904,0.04431353265999113,0.04431353265999113,0.04431353265999113,-1.6000515553605814,-1.6000515553605814,-1.6000515553605814,0.0,0.0,0.0,1.7659582183781748,2.013705791533384,-1
605,2017-04-26,3.3288799631306283,-4.571793684942345,8.083639113031676,3.3288799631306283,3.3288799631306283,-1.652627516367264,-1.652627516367264,-1.652627516367264,-0.0333372521912394,-0.0333372521912394,-0.0333372521912394,-1.6192902641760243,-1.6192902641760243,-1.6192902641760243,0.0,0.0,0.0,1.6762524467633644,1.9351984721103055,-1
606,2017-04-27,3.33606368518249,-4.952188808861874,8.202422383739748,3.33606368518249,3.33606368518249,-1.5974168374012823,-1.5974168374012823,-1.5974168374012823,0.03864826539195566,0.03864826539195566,0.03864826539195566,-1.636065102793238,-1.636065102793238,-1.636065102793238,0.0,0.0,0.0,1.7386468477812078,1.8795614649128964,-1
607,2017-04-28,3.3432474072343523,-5.1739265494865485,8.361334664461738,3.3432474072343523,3.3432474072343523,-1.6468759905292154,-1.6468759905292154,-1.6468759905292154,0.003928796736779694,0.003928796736779694,0.003928796736779694,-1.6508047872659952,-1.6508047872659952,-1.6508047872659952,0.0,0.0,0.0,1.696371416705137,1.8208476075224613,-1
608,2017-05-01,3.364798573389938,-5.356277091505364,8.390111410351253,3.364798573389938,3.364798573389938,-1.6223420107087954,-1.6223420107087954,-1.6223420107087954,0.06302283964503597,0.06302283964503597,0.06302283964503597,-1.6853648503538314,-1.6853648503538314,-1.6853648503538314,0.0,0.0,0.0,1.7424565626811428,1.791496634515866,-1
609,2017-05-02,3.3719822954418004,-4.964878784699162,8.510549484135073,3.3719822954418004,3.3719822954418004,-1.649502624807246,-1.649502624807246,-1.649502624807246,0.04431353265983871,0.04431353265983871,0.04431353265983871,-1.6938161574670847,-1.6938161574670847,-1.6938161574670847,0.0,0.0,0.0,1.7224796706345544,1.7671535499161162,-1
610,2017-05-03,3.379166017493662,-5.136901935595662,8.806811435691163,3.379166017493662,3.379166017493662,-1.7337579489161947,-1.7337579489161947,-1.7337579489161947,-0.033337252191264204,-0.033337252191264204,-0.033337252191264204,-1.7004206967249305,-1.7004206967249305,-1.7004206967249305,0.0,0.0,0.0,1.6454080685774675,1.747349388755407,-1
611,2017-05-04,3.3863497395455253,-4.811910963836658,9.020174708645563,3.3863497395455253,3.3863497395455253,-1.666102383609916,-1.666102383609916,-1.666102383609916,0.038648265391936096,0.038648265391936096,0.038648265391936096,-1.704750649001852,-1.704750649001852,-1.704750649001852,0.0,0.0,0.0,1.7202473559356093,1.7316886316549163,-1
612,2017-05-05,3.3935334615973862,-5.121115018995932,8.56696846331907,3.3935334615973862,3.3935334615973862,-1.7022947833397761,-1.7022947833397761,-1.7022947833397761,0.003928796736727264,0.003928796736727264,0.003928796736727264,-1.7062235800765035,-1.7062235800765035,-1.7062235800765035,0.0,0.0,0.0,1.69123867825761,1.7198758240840282,-1
613,2017-05-08,3.4150846277529734,-4.82909962937242,8.909397487296108,3.4150846277529734,3.4150846277529734,-1.6226192630787064,-1.6226192630787064,-1.6226192630787064,0.06302283964517648,0.06302283964517648,0.06302283964517648,-1.6856421027238828,-1.6856421027238828,-1.6856421027238828,0.0,0.0,0.0,1.792465364674267,1.7191524630388535,1
614,2017-05-09,3.4222683498048356,-4.956403247643552,8.856631361750892,3.4222683498048356,3.4222683498048356,-1.6229821628405854,-1.6229821628405854,-1.6229821628405854,0.044313532659972614,0.044313532659972614,0.044313532659972614,-1.667295695500558,-1.667295695500558,-1.667295695500558,0.0,0.0,0.0,1.7992861869642502,1.7224852598974612,1
615,2017-05-10,3.4294520718566974,-4.646175251758738,8.746807898729864,3.4294520718566974,3.4294520718566974,-1.6747949287857997,-1.6747949287857997,-1.6747949287857997,-0.033337252191277686,-0.033337252191277686,-0.033337252191277686,-1.641457676594522,-1.641457676594522,-1.641457676594522,0.0,0.0,0.0,1.7546571430708977,1.7303257295282144,1
616,2017-05-11,3.4366357939085597,-5.228551859744539,9.009774102177364,3.4366357939085597,3.4366357939085597,-1.5683941273718656,-1.5683941273718656,-1.5683941273718656,0.03864826539194396,0.03864826539194396,0.03864826539194396,-1.6070423927638093,-1.6070423927638093,-1.6070423927638093,0.0,0.0,0.0,1.868241666536694,1.743285211403763,1
617,2017-05-12,3.4438195159604215,-4.732400714622815,9.278205724868801,3.4438195159604215,3.4438195159604215,-1.5590606580565871,-1.5590606580565871,-1.5590606580565871,0.003928796736674834,0.003928796736674834,0.003928796736674834,-1.5629894547932617,-1.5629894547932617,-1.5629894547932617,0.0,0.0,0.0,1.8847588579038344,1.762123955523633,1
618,2017-05-15,3.4653706821160077,-4.618599036458361,9.083956796694826,3.4653706821160077,3.4653706821160077,-1.3005371060931128,-1.3005371060931128,-1.3005371060931128,0.0630228396449456,0.0630228396449456,0.0630228396449456,-1.3635599457380585,-1.3635599457380585,-1.3635599457380585,0.0,0.0,0.0,2.164833576022895,1.804361656857808,1
619,2017-05-16,3.472554404167871,-4.794736474069631,8.613488688866353,3.472554404167871,3.472554404167871,-1.2278382627452986,-1.2278382627452986,-1.2278382627452986,0.04431353265993858,0.04431353265993858,0.04431353265993858,-1.2721517954052373,-1.2721517954052373,-1.2721517954052373,0.0,0.0,0.0,2.2447161414225723,1.8565853039366096,1
620,2017-05-17,3.4797381262197327,-4.496181605602342,8.341393538831541,3.4797381262197327,3.4797381262197327,-1.2007982545358282,-1.2007982545358282,-1.2007982545358282,-0.033337252191211565,-0.033337252191211565,-0.033337252191211565,-1.1674610023446166,-1.1674610023446166,-1.1674610023446166,0.0,0.0,0.0,2.2789398716839044,1.9199384842472533,1
621,2017-05-18,3.486921848271595,-4.263400652067818,9.091619136531747,3.486921848271595,3.486921848271595,-1.0106721452796834,-1.0106721452796834,-1.0106721452796834,0.03864826539199732,0.03864826539199732,0.03864826539199732,-1.0493204106716807,-1.0493204106716807,-1.0493204106716807,0.0,0.0,0.0,2.4762497029919115,1.9955387189528835,1
622,2017-05-19,3.4941055703234567,-3.8018723410928734,9.577508422080568,3.4941055703234567,3.4941055703234567,-0.9138809860159215,-0.9138809860159215,-0.9138809860159215,0.003928796736613441,0.003928796736613441,0.003928796736613441,-0.917809782752535,-0.917809782752535,-0.917809782752535,0.0,0.0,0.0,2.580224584307535,2.0844373095578765,1
623,2017-05-22,3.515656736479043,-3.952393669641658,10.45545555571976,3.515656736479043,3.515656736479043,-0.38480259789104093,-0.38480259789104093,-0.38480259789104093,0.06302283964508609,0.06302283964508609,0.06302283964508609,-0.4478254375361271,-0.4478254375361271,-0.4478254375361271,0.0,0.0,0.0,3.130854138588002,2.2182761869492498,1
624,2017-05-23,3.522840458530906,-2.8490228560827124,10.41987105519143,3.522840458530906,3.522840458530906,-0.22463731716489493,-0.22463731716489493,-0.22463731716489493,0.044313532659904536,0.044313532659904536,0.044313532659904536,-0.26895084982479944,-0.26895084982479944,-0.26895084982479944,0.0,0.0,0.0,3.2982031413660113,2.3681678823894257,1
625,2017-05-24,3.530024180582768,-2.834588707847367,10.449396300140217,3.530024180582768,3.530024180582768,-0.11442890932423451,-0.11442890932423451,-0.11442890932423451,-0.03333725219131598,-0.03333725219131598,-0.03333725219131598,-0.08109165713291851,-0.08109165713291851,-0.08109165713291851,0.0,0.0,0.0,3.4155952712585336,2.5342616952081896,1
626,2017-05-25,3.537207902634629,-2.9821895140994674,10.742448665939905,3.537207902634629,3.537207902634629,0.1527683312444223,0.1527683312444223,0.1527683312444223,0.03864826539188677,0.03864826539188677,0.03864826539188677,0.11412006585253551,0.11412006585253551,0.11412006585253551,0.0,0.0,0.0,3.689976233879051,2.716435151942425,1
627,2017-05-26,3.544391624686492,-2.564029490672959,10.83770838059642,3.544391624686492,3.544391624686492,0.31877680048590473,0.31877680048590473,0.31877680048590473,0.00392879673671997,0.00392879673671997,0.00392879673671997,0.31484800374918476,0.31484800374918476,0.31484800374918476,0.0,0.0,0.0,3.863168425172397,2.9142761086692817,1
628,2017-05-30,3.57312651289394,-2.627065614051096,11.881012229526812,3.57312651289394,3.57312651289394,1.1753841595273486,1.1753841595273486,1.1753841595273486,0.044313532659752124,0.044313532659752124,0.044313532659752124,1.1310706268675963,1.1310706268675963,1.1310706268675963,0.0,0.0,0.0,4.748510672421289,3.1726438183091203,1
629,2017-05-31,3.580310234945803,-2.1247827718879853,11.49360885524532,3.580310234945803,3.580310234945803,1.2939760006362668,1.2939760006362668,1.2939760006362668,-0.03333725219123853,-0.03333725219123853,-0.03333725219123853,1.3273132528275051,1.3273132528275051,1.3273132528275051,0.0,0.0,0.0,4.87428623558207,3.4356008277250702,1
630,2017-06-01,3.5874939569976654,-2.030400971449104,11.979951870834515,3.5874939569976654,3.5874939569976654,1.5546189018252978,1.5546189018252978,1.5546189018252978,0.03864826539194012,0.03864826539194012,0.03864826539194012,1.5159706364333578,1.5159706364333578,1.5159706364333578,0.0,0.0,0.0,5.142112858822963,3.7219181264389762,1
631,2017-06-02,3.5946776790495263,-1.2392514539313084,12.086604614535515,3.5946776790495263,3.5946776790495263,1.6988791552459885,1.6988791552459885,1.6988791552459885,0.003928796736658578,0.003928796736658578,0.003928796736658578,1.6949503585093302,1.6949503585093302,1.6949503585093302,0.0,0.0,0.0,5.293556834295515,4.003648839569337,1
632,2017-06-05,3.6162288452051135,-1.0522631467505121,12.557512214631702,3.6162288452051135,3.6162288452051135,2.2185474886864402,2.2185474886864402,2.2185474886864402,0.06302283964511808,0.06302283964511808,0.06302283964511808,2.1555246490413222,2.1555246490413222,2.1555246490413222,0.0,0.0,0.0,5.834776333891554,4.329104014527739,1
633,2017-06-06,3.6234125672569752,-0.804529257115796,12.323830169749188,3.6234125672569752,3.6234125672569752,2.3229807044181943,2.3229807044181943,2.3229807044181943,0.04431353266000439,0.04431353266000439,0.04431353266000439,2.27866717175819,2.27866717175819,2.27866717175819,0.0,0.0,0.0,5.94639327167517,4.610657927836455,1
634,2017-06-07,3.6305962893088375,-1.161326403284547,12.449980091031675,3.6305962893088375,3.6305962893088375,2.351528147758667,2.351528147758667,2.351528147758667,-0.03333725219135429,-0.03333725219135429,-0.03333725219135429,2.384865399950021,2.384865399950021,2.384865399950021,0.0,0.0,0.0,5.982124437067505,4.879050057406604,1
635,2017-06-08,3.6377800113606984,-1.0787935921584189,12.814852407046642,3.6377800113606984,3.6377800113606984,2.512198208401898,2.512198208401898,2.512198208401898,0.03864826539199349,0.03864826539199349,0.03864826539199349,2.4735499430099046,2.4735499430099046,2.4735499430099046,0.0,0.0,0.0,6.1499782197625965,5.152488352257011,1
636,2017-06-09,3.6449637334125615,-0.8033418131614463,12.982207980851872,3.6449637334125615,3.6449637334125615,2.548425134471853,2.548425134471853,2.548425134471853,0.003928796736606143,0.003928796736606143,0.003928796736606143,2.544496337735247,2.544496337735247,2.544496337735247,0.0,0.0,0.0,6.193388867884415,5.402829615657548,1
637,2017-06-12,3.6665148995681487,-0.5163930354299601,13.289878713903002,3.6665148995681487,3.6665148995681487,2.716910684877397,2.716910684877397,2.716910684877397,0.06302283964513623,0.06302283964513623,0.06302283964513623,2.653887845232261,2.653887845232261,2.653887845232261,0.0,0.0,0.0,6.383425584445545,5.654855331584862,1
638,2017-06-13,3.6736986216200105,-0.3511788149999381,12.93812124932321,3.6736986216200105,3.6736986216200105,2.7028534074636585,2.7028534074636585,2.7028534074636585,0.04431353265985198,0.04431353265985198,0.04431353265985198,2.6585398748038065,2.6585398748038065,2.6585398748038065,0.0,0.0,0.0,6.376552029083669,5.8176594672511,1
639,2017-06-14,3.6808823436718727,-0.3485229467567504,13.179592913857963,3.6808823436718727,3.6808823436718727,2.616049899084304,2.616049899084304,2.616049899084304,-0.033337252191288164,-0.033337252191288164,-0.033337252191288164,2.6493871512755924,2.6493871512755924,2.6493871512755924,0.0,0.0,0.0,6.296932242756177,5.959924067968511,1
640,2017-06-15,3.6880660657237336,-0.2467412322902703,13.366281345127836,3.6880660657237336,3.6880660657237336,2.6667318698339266,2.6667318698339266,2.6667318698339266,0.03864826539204685,0.03864826539204685,0.03864826539204685,2.62808360444188,2.62808360444188,2.62808360444188,0.0,0.0,0.0,6.35479793555766,6.08119257564198,1
641,2017-06-16,3.6952497877755954,-0.5710474328108467,12.950946078319538,3.6952497877755954,3.6952497877755954,2.600416642112021,2.600416642112021,2.600416642112021,0.003928796736694749,0.003928796736694749,0.003928796736694749,2.596487845375326,2.596487845375326,2.596487845375326,0.0,0.0,0.0,6.295666429887616,6.181403535201191,1
642,2017-06-19,3.7168009539311826,-0.6591664855035215,13.113836683504823,3.7168009539311826,3.7168009539311826,2.5235704747025696,2.5235704747025696,2.5235704747025696,0.06302283964515436,0.06302283964515436,0.06302283964515436,2.4605476350574156,2.4605476350574156,2.4605476350574156,0.0,0.0,0.0,6.240371428633752,6.221963044675411,1
643,2017-06-20,3.7239846759830457,-0.723067137756349,12.577097903280624,3.7239846759830457,3.7239846759830457,2.4529831896929393,2.4529831896929393,2.4529831896929393,0.044313532660104245,0.044313532660104245,0.044313532660104245,2.408669657032835,2.408669657032835,2.408669657032835,0.0,0.0,0.0,6.176967865675985,6.245020504075492,-1
644,2017-06-21,3.7311683980349066,-0.8512315751951564,12.550898820650353,3.7311683980349066,3.7311683980349066,2.3236913427620607,2.3236913427620607,2.3236913427620607,-0.03333725219121071,-0.03333725219121071,-0.03333725219121071,2.357028594953271,2.357028594953271,2.357028594953271,0.0,0.0,0.0,6.054859740796967,6.252294034448438,-1
645,2017-06-22,3.7383521097303953,-0.7185988287482075,13.158080633764344,3.7383521097303953,3.7383521097303953,2.346230272050383,2.346230272050383,2.346230272050383,0.0386482653919363,0.0386482653919363,0.0386482653919363,2.3075820066584463,2.3075820066584463,2.3075820066584463,0.0,0.0,0.0,6.084582381780779,6.2457544506502565,-1
646,2017-06-23,3.7455358214258854,-0.4624082516747214,13.439223973317748,3.7455358214258854,3.7455358214258854,2.266038061294432,2.266038061294432,2.266038061294432,0.003928796736642315,0.003928796736642315,0.003928796736642315,2.26210926455779,2.26210926455779,2.26210926455779,0.0,0.0,0.0,6.011573882720318,6.227572952133846,-1
647,2017-06-26,3.7670869565123524,-0.8268851838379098,13.303594999406805,3.7670869565123524,3.7670869565123524,2.2267035185802473,2.2267035185802473,2.2267035185802473,0.06302283964517251,0.06302283964517251,0.06302283964517251,2.1636806789350747,2.1636806789350747,2.1636806789350747,0.0,0.0,0.0,5.9937904750926,6.188609441198553,-1
648,2017-06-27,3.774270668207841,-1.123806318705862,13.06304389464062,3.774270668207841,3.774270668207841,2.1910844257427264,2.1910844257427264,2.1910844257427264,0.044313532660119774,0.044313532660119774,0.044313532660119774,2.1467708930826066,2.1467708930826066,2.1467708930826066,0.0,0.0,0.0,5.965355093950567,6.147489747685243,-1
649,2017-06-28,3.781454379903329,-0.8977726881159932,13.021321516088612,3.781454379903329,3.781454379903329,2.105258039929921,2.105258039929921,2.105258039929921,-0.03333725219123553,-0.03333725219123553,-0.03333725219123553,2.1385952921211566,2.1385952921211566,2.1385952921211566,0.0,0.0,0.0,5.88671241983325,6.106467765392949,-1
650,2017-06-29,3.7886380915988176,-0.7115293713013289,13.150734094232122,3.7886380915988176,3.7886380915988176,2.1777409270963153,2.1777409270963153,2.1777409270963153,0.03864826539203515,0.03864826539203515,0.03864826539203515,2.13909266170428,2.13909266170428,2.13909266170428,0.0,0.0,0.0,5.966379018695132,6.067625873706697,-1
651,2017-06-30,3.795821803294307,-0.8965022056883993,12.80150423387704,3.795821803294307,3.795821803294307,2.15177317419579,2.15177317419579,2.15177317419579,0.003928796736589893,0.003928796736589893,0.003928796736589893,2.1478443774592004,2.1478443774592004,2.1478443774592004,0.0,0.0,0.0,5.947594977490097,6.032818728466944,-1
652,2017-07-03,3.8173729383807746,-0.9603708651367598,12.463538012433425,3.8173729383807746,3.8173729383807746,2.277404391383694,2.277404391383694,2.277404391383694,0.06302283964518636,0.06302283964518636,0.06302283964518636,2.2143815517385077,2.2143815517385077,2.2143815517385077,0.0,0.0,0.0,6.094777329764469,6.018259318580016,1
653,2017-07-05,3.831740361771751,-0.22033199662189615,13.065460919275342,3.831740361771751,3.831740361771751,2.24462487182148,2.24462487182148,2.24462487182148,-0.03333725219116941,-0.03333725219116941,-0.03333725219116941,2.2779621240126495,2.2779621240126495,2.2779621240126495,0.0,0.0,0.0,6.076365233593231,6.008199055371741,1
654,2017-07-06,3.83892407346724,-0.29345593421434996,12.95506008457095,3.83892407346724,3.83892407346724,2.348678246647963,2.348678246647963,2.348678246647963,0.03864826539204301,0.03864826539204301,0.03864826539204301,2.31002998125592,2.31002998125592,2.31002998125592,0.0,0.0,0.0,6.187602320115203,6.021473313303565,1
655,2017-07-07,3.8461077851627294,-0.21812174787322364,13.38390984319525,3.8461077851627294,3.8461077851627294,2.343437219028264,2.343437219028264,2.343437219028264,0.0039287967368464155,0.0039287967368464155,0.0039287967368464155,2.3395084222914178,2.3395084222914178,2.3395084222914178,0.0,0.0,0.0,6.189545004190993,6.0319695755445855,1
656,2017-07-10,3.867658920249197,-0.14388857177870146,12.92844904640961,3.867658920249197,3.867658920249197,2.4542047671502427,2.4542047671502427,2.4542047671502427,0.06302283964508214,0.06302283964508214,0.06302283964508214,2.3911819275051607,2.3911819275051607,2.3911819275051607,0.0,0.0,0.0,6.321863687399439,6.062998556012498,1
657,2017-07-11,3.8748426319446843,-0.3022048586260905,12.961746375376787,3.8748426319446843,3.8748426319446843,2.4337783819501513,2.4337783819501513,2.4337783819501513,0.04431353266005169,0.04431353266005169,0.04431353266005169,2.3894648492900994,2.3894648492900994,2.3894648492900994,0.0,0.0,0.0,6.308621013894836,6.094481609892722,1
658,2017-07-12,3.8820263436401734,-0.2865279556522321,13.650951242695587,3.8820263436401734,3.8820263436401734,2.3420060337043656,2.3420060337043656,2.3420060337043656,-0.03333725219128516,-0.03333725219128516,-0.03333725219128516,2.3753432858956507,2.3753432858956507,2.3753432858956507,0.0,0.0,0.0,6.224032377344539,6.120349338232119,1
659,2017-07-13,3.889210055335662,-0.9025758393845449,12.786270785530306,3.889210055335662,3.889210055335662,2.386071622815596,2.386071622815596,2.386071622815596,0.03864826539193245,0.03864826539193245,0.03864826539193245,2.347423357423663,2.347423357423663,2.347423357423663,0.0,0.0,0.0,6.2752816781512575,6.15920626406392,1
660,2017-07-14,3.8963937670311517,-0.832979616079534,12.80027476197467,3.8963937670311517,3.8963937670311517,2.3085541466907733,2.3085541466907733,2.3085541466907733,0.003928796736785021,0.003928796736785021,0.003928796736785021,2.304625349953988,2.304625349953988,2.304625349953988,0.0,0.0,0.0,6.2049479137219254,6.183063153566598,1
661,2017-07-17,3.9179449021176187,-1.0760643098849711,12.477417279715826,3.9179449021176187,3.9179449021176187,2.144681057873922,2.144681057873922,2.144681057873922,0.06302283964509597,0.06302283964509597,0.06302283964509597,2.081658218228826,2.081658218228826,2.081658218228826,0.0,0.0,0.0,6.062625959991541,6.1945662518167435,-1
662,2017-07-18,3.9251286138131065,-1.2479071433922868,12.57188400633934,3.9251286138131065,3.9251286138131065,2.020359449885175,2.020359449885175,2.020359449885175,0.04431353266018558,0.04431353266018558,0.04431353266018558,1.9760459172249891,1.9760459172249891,1.9760459172249891,0.0,0.0,0.0,5.945488063698281,6.179637325210125,-1
663,2017-07-19,3.932312325508595,-0.7772589457525634,12.656745283125304,3.932312325508595,3.932312325508595,1.822607179624773,1.822607179624773,1.822607179624773,-0.0333372521912077,-0.0333372521912077,-0.0333372521912077,1.8559444318159808,1.8559444318159808,1.8559444318159808,0.0,0.0,0.0,5.754919505133368,6.147492752364139,-1
664,2017-07-20,3.939496037204084,-1.253639963079729,12.61320252338219,3.939496037204084,3.939496037204084,1.761310207636008,1.761310207636008,1.761310207636008,0.03864826539198582,0.03864826539198582,0.03864826539198582,1.7226619422440221,1.7226619422440221,1.7226619422440221,0.0,0.0,0.0,5.700806244840092,6.098813144836628,-1
665,2017-07-21,3.946679748899574,-1.6291892563274593,12.073793820581422,3.946679748899574,3.946679748899574,1.5818189512581575,1.5818189512581575,1.5818189512581575,0.003928796736732589,0.003928796736732589,0.003928796736732589,1.577890154521425,1.577890154521425,1.577890154521425,0.0,0.0,0.0,5.528498700157732,6.032708514433301,-1
666,2017-07-24,3.968230883986039,-1.9587784579931955,11.741384226001433,3.968230883986039,3.968230883986039,1.1595701645899565,1.1595701645899565,1.1595701645899565,0.0630228396448651,0.0630228396448651,0.0630228396448651,1.0965473249450914,1.0965473249450914,1.0965473249450914,0.0,0.0,0.0,5.1278010485759955,5.913302250550957,-1
667,2017-07-25,3.975414595681528,-2.3637209596516726,11.639728410815195,3.975414595681528,3.975414595681528,0.9733636740385996,0.9733636740385996,0.9733636740385996,0.04431353266003318,0.04431353266003318,0.04431353266003318,0.9290501413785662,0.9290501413785662,0.9290501413785662,0.0,0.0,0.0,4.948778269720128,5.777317976133486,-1
668,2017-07-26,3.9825983073770175,-1.8274411824346306,11.486096411872506,3.9825983073770175,3.9825983073770175,0.7294594572224399,0.7294594572224399,0.7294594572224399,-0.03333725219123253,-0.03333725219123253,-0.03333725219123253,0.7627967094136724,0.7627967094136724,0.7627967094136724,0.0,0.0,0.0,4.712057764599457,5.626120514858978,-1
669,2017-07-27,3.989782019072506,-2.157834024995787,11.731747167941412,3.989782019072506,3.989782019072506,0.6394293386363408,0.6394293386363408,0.6394293386363408,0.03864826539199369,0.03864826539199369,0.03864826539199369,0.600781073244347,0.600781073244347,0.600781073244347,0.0,0.0,0.0,4.629211357708847,5.461513482814737,-1
670,2017-07-28,3.996965730767995,-2.1753142611961866,11.74500938032397,3.996965730767995,3.996965730767995,0.4499140746835724,0.4499140746835724,0.4499140746835724,0.003928796736671201,0.003928796736671201,0.003928796736671201,0.44598527794690124,0.44598527794690124,0.44598527794690124,0.0,0.0,0.0,4.446879805451568,5.285706671987701,-1
671,2017-07-31,4.018516865854461,-3.265763481654405,10.877369087226445,4.018516865854461,4.018516865854461,0.1160383637061971,0.1160383637061971,0.1160383637061971,0.0630228396450056,0.0630228396450056,0.0630228396450056,0.05301552406119151,0.05301552406119151,0.05301552406119151,0.0,0.0,0.0,4.134555229560658,5.092899598944613,-1
672,2017-08-01,4.02570057754995,-3.083200718516062,11.324101453421216,4.02570057754995,4.02570057754995,-0.0015579227784486775,-0.0015579227784486775,-0.0015579227784486775,0.04431353265999914,0.04431353265999914,0.04431353265999914,-0.04587145543844782,-0.04587145543844782,-0.04587145543844782,0.0,0.0,0.0,4.024142654771501,4.900765058051935,-1
673,2017-08-02,4.032884289245439,-2.826160127719791,10.621245814666999,4.032884289245439,4.032884289245439,-0.15865747227501847,-0.15865747227501847,-0.15865747227501847,-0.03333725219125734,-0.03333725219125734,-0.03333725219125734,-0.12532022008376115,-0.12532022008376115,-0.12532022008376115,0.0,0.0,0.0,3.874226816970421,4.7126957892356405,-1
674,2017-08-03,4.040068000940928,-2.5861508523321706,10.868367087423481,4.040068000940928,4.040068000940928,-0.1452254911463969,-0.1452254911463969,-0.1452254911463969,0.038648265391901186,0.038648265391901186,0.038648265391901186,-0.1838737565382981,-0.1838737565382981,-0.1838737565382981,0.0,0.0,0.0,3.894842509794531,4.532099415731084,-1
675,2017-08-04,4.047251712636417,-3.0769184052345255,10.697720730511193,4.047251712636417,4.047251712636417,-0.21659237388908376,-0.21659237388908376,-0.21659237388908376,0.003928796736777723,0.003928796736777723,0.003928796736777723,-0.22052117062586146,-0.22052117062586146,-0.22052117062586146,0.0,0.0,0.0,3.830659338747333,4.362315479590044,-1
676,2017-08-07,4.068802847722884,-3.497214586403148,10.715797900420313,4.068802847722884,4.068802847722884,-0.13316454548191606,-0.13316454548191606,-0.13316454548191606,0.0630228396451461,0.0630228396451461,0.0630228396451461,-0.19618738512706216,-0.19618738512706216,-0.19618738512706216,0.0,0.0,0.0,3.935638302240968,4.2430992049565415,-1
677,2017-08-08,4.075986559418372,-2.5679529947465496,10.603168675448845,4.075986559418372,4.075986559418372,-0.10056446013357571,-0.10056446013357571,-0.10056446013357571,0.04431353265984672,0.04431353265984672,0.04431353265984672,-0.14487799279342242,-0.14487799279342242,-0.14487799279342242,0.0,0.0,0.0,3.975422099284797,4.145763587913008,-1
678,2017-08-09,4.083170271113862,-2.0066982393982427,10.383816157743746,4.083170271113862,4.083170271113862,-0.10732573833955536,-0.10732573833955536,-0.10732573833955536,-0.03333725219127083,-0.03333725219127083,-0.03333725219127083,-0.07398848614828453,-0.07398848614828453,-0.07398848614828453,0.0,0.0,0.0,3.975844532774307,4.072142264730493,-1
679,2017-08-10,4.090353982809351,-3.0142953000746773,11.207470317684484,4.090353982809351,4.090353982809351,0.05321769539516392,0.05321769539516392,0.05321769539516392,0.038648265391909055,0.038648265391909055,0.038648265391909055,0.014569430003254854,0.014569430003254854,0.014569430003254854,0.0,0.0,0.0,4.143571678204514,4.02357829678006,1
680,2017-08-11,4.097537694504839,-2.2076161423641913,11.20499079540406,4.097537694504839,4.097537694504839,0.12239625279592606,0.12239625279592606,0.12239625279592606,0.003928796736716332,0.003928796736716332,0.003928796736716332,0.11846745605920973,0.11846745605920973,0.11846745605920973,0.0,0.0,0.0,4.219933947300765,4.000883710964979,1
681,2017-08-14,4.1190888295913055,-2.6370217660855837,11.410227305983238,4.1190888295913055,4.1190888295913055,0.5568087297180653,0.5568087297180653,0.5568087297180653,0.06302283964491523,0.06302283964491523,0.06302283964491523,0.49378589007315,0.49378589007315,0.49378589007315,0.0,0.0,0.0,4.675897559309371,4.05501794393985,1
682,2017-08-15,4.126272541286794,-2.1192921025700193,11.719146475517011,4.126272541286794,4.126272541286794,0.6736806168256289,0.6736806168256289,0.6736806168256289,0.04431353266009899,0.04431353266009899,0.04431353266009899,0.6293670841655298,0.6293670841655298,0.6293670841655298,0.0,0.0,0.0,4.799953158112423,4.132598994273943,1
683,2017-08-16,4.133456252982284,-2.0777713641278988,12.140149094276193,4.133456252982284,4.133456252982284,0.7311063648012992,0.7311063648012992,0.7311063648012992,-0.0333372521912047,-0.0333372521912047,-0.0333372521912047,0.7644436169925038,0.7644436169925038,0.7644436169925038,0.0,0.0,0.0,4.864562617783583,4.231632574355259,1
684,2017-08-17,4.1406399646777725,-2.1874025757211117,11.661099196455522,4.1406399646777725,4.1406399646777725,0.9341574520709967,0.9341574520709967,0.9341574520709967,0.038648265391962415,0.038648265391962415,0.038648265391962415,0.8955091866790342,0.8955091866790342,0.8955091866790342,0.0,0.0,0.0,5.074797416748769,4.349628065050683,1
685,2017-08-18,4.147823676373261,-1.346053326478899,11.66176101754523,4.147823676373261,4.147823676373261,1.0230583290766002,1.0230583290766002,1.0230583290766002,0.003928796736654936,0.003928796736654936,0.003928796736654936,1.0191295323399452,1.0191295323399452,1.0191295323399452,0.0,0.0,0.0,5.170882005449862,4.483650331720936,1
686,2017-08-21,4.169374811459727,-1.456033732409208,12.044436721439446,4.169374811459727,4.169374811459727,1.3767208667751807,1.3767208667751807,1.3767208667751807,0.06302283964505573,0.06302283964505573,0.06302283964505573,1.313698027130125,1.313698027130125,1.313698027130125,0.0,0.0,0.0,5.546095678234908,4.6446960693203305,1
687,2017-08-22,4.176558523155216,-0.4503694016671421,12.47502368953353,4.176558523155216,4.176558523155216,1.4216425873972354,1.4216425873972354,1.4216425873972354,0.044313532659946586,0.044313532659946586,0.044313532659946586,1.3773290547372887,1.3773290547372887,1.3773290547372887,0.0,0.0,0.0,5.598201110552451,4.806973970447095,1
688,2017-08-23,4.1837422348507065,-1.5378200786564504,12.783742953652204,4.1837422348507065,4.1837422348507065,1.3867078076673227,1.3867078076673227,1.3867078076673227,-0.03333725219122952,-0.03333725219122952,-0.03333725219122952,1.4200450598585521,1.4200450598585521,1.4200450598585521,0.0,0.0,0.0,5.570450042518029,4.966434521421467,1
689,2017-08-24,4.190925946546195,-1.0222913966387634,12.190378957454904,4.190925946546195,4.190925946546195,1.478978358881229,1.478978358881229,1.478978358881229,0.03864826539197029,0.03864826539197029,0.03864826539197029,1.440330093489259,1.440330093489259,1.440330093489259,0.0,0.0,0.0,5.6699043054274245,5.119067784143759,1
690,2017-08-25,4.198109658241684,-0.9809908001096884,12.253600755620788,4.198109658241684,4.198109658241684,1.441093916209206,1.441093916209206,1.441093916209206,0.003928796736761474,0.003928796736761474,0.003928796736761474,1.4371651194724444,1.4371651194724444,1.4371651194724444,0.0,0.0,0.0,5.63920357445089,5.260994746858771,1
691,2017-08-28,4.21966079332815,-1.361519436107965,12.246444553138481,4.21966079332815,4.21966079332815,1.3476454404717657,1.3476454404717657,1.3476454404717657,0.06302283964507388,0.06302283964507388,0.06302283964507388,1.284622600826692,1.284622600826692,1.284622600826692,0.0,0.0,0.0,5.567306233799916,5.350135614307826,1
692,2017-08-29,4.226844505023639,-1.3372994064936006,11.81391261095696,4.226844505023639,4.226844505023639,1.2322518782940068,1.2322518782940068,1.2322518782940068,0.04431353265979418,0.04431353265979418,0.04431353265979418,1.187938345634213,1.187938345634213,1.187938345634213,0.0,0.0,0.0,5.459096383317646,5.416049936828348,1
693,2017-08-30,4.234028216719128,-1.7021708229924233,12.407851330525771,4.234028216719128,4.234028216719128,1.0371847874157403,1.0371847874157403,1.0371847874157403,-0.03333725219116341,-0.03333725219116341,-0.03333725219116341,1.0705220396069037,1.0705220396069037,1.0705220396069037,0.0,0.0,0.0,5.271213004134869,5.456714975463476,-1
694,2017-08-31,4.241211928414617,-1.409855415456784,12.307660093354173,4.241211928414617,4.241211928414617,0.9730281782633537,0.9730281782633537,0.9730281782633537,0.038648265391905225,0.038648265391905225,0.038648265391905225,0.9343799128714485,0.9343799128714485,0.9343799128714485,0.0,0.0,0.0,5.214240106677971,5.470659244456397,-1
695,2017-09-01,4.248395640110106,-2.318964757511165,11.334769156089909,4.248395640110106,4.248395640110106,0.7858472517172209,0.7858472517172209,0.7858472517172209,0.003928796736700078,0.003928796736700078,0.003928796736700078,0.7819184549805208,0.7819184549805208,0.7819184549805208,0.0,0.0,0.0,5.0342428918273265,5.456995333094143,-1
696,2017-09-05,4.2771304868920605,-2.412900254458618,10.996815060933596,4.2771304868920605,4.2771304868920605,0.11191767457527108,0.11191767457527108,0.11191767457527108,0.044313532660046444,0.044313532660046444,0.044313532660046444,0.06760414191522464,0.06760414191522464,0.06760414191522464,0.0,0.0,0.0,4.389048161467332,5.341290581417385,-1
697,2017-09-06,4.284314198587549,-3.5816014288954325,10.802201901502393,4.284314198587549,4.284314198587549,-0.15408263849806514,-0.15408263849806514,-0.15408263849806514,-0.03333725219134743,-0.03333725219134743,-0.03333725219134743,-0.12074538630671772,-0.12074538630671772,-0.12074538630671772,0.0,0.0,0.0,4.130231560089484,5.194493626371089,-1
698,2017-09-07,4.291497910283039,-2.937470880604864,11.271174702568803,4.291497910283039,4.291497910283039,-0.2675749885827603,-0.2675749885827603,-0.2675749885827603,0.038648265391958585,0.038648265391958585,0.038648265391958585,-0.3062232539747189,-0.3062232539747189,-0.3062232539747189,0.0,0.0,0.0,4.0239229217002785,5.0398409142893135,-1
699,2017-09-08,4.298681621978527,-2.91935914384545,10.728418549134231,4.298681621978527,4.298681621978527,-0.481606267724626,-0.481606267724626,-0.481606267724626,0.003928796736647647,0.003928796736647647,0.003928796736647647,-0.4855350644612737,-0.4855350644612737,-0.4855350644612737,0.0,0.0,0.0,3.817075354253901,4.854558019171961,-1
700,2017-09-11,4.320232757064994,-3.4473412057589368,10.728159674287465,4.320232757064994,4.320232757064994,-0.893523695364301,-0.893523695364301,-0.893523695364301,0.06302283964510585,0.06302283964510585,0.06302283964510585,-0.9565465350094069,-0.9565465350094069,-0.9565465350094069,0.0,0.0,0.0,3.426709061700693,4.6333085678969415,-1
701,2017-09-12,4.327416468760483,-4.017900424907382,9.663025973348287,4.327416468760483,4.327416468760483,-1.038403786720214,-1.038403786720214,-1.038403786720214,0.04431353265989404,0.04431353265989404,0.04431353265989404,-1.082717319380108,-1.082717319380108,-1.082717319380108,0.0,0.0,0.0,3.289012682040269,4.405479212720977,-1
702,2017-09-13,4.334600180455972,-3.8548933575789293,9.942188403913352,4.334600180455972,4.334600180455972,-1.2234577077063518,-1.2234577077063518,-1.2234577077063518,-0.0333372521912813,-0.0333372521912813,-0.0333372521912813,-1.1901204555150704,-1.1901204555150704,-1.1901204555150704,0.0,0.0,0.0,3.11114247274962,4.170683821664174,-1
703,2017-09-14,4.3417838921514615,-3.2357738823129223,10.499927377175183,4.3417838921514615,4.3417838921514615,-1.2387290639464816,-1.2387290639464816,-1.2387290639464816,0.038648265392011945,0.038648265392011945,0.038648265392011945,-1.2773773293384934,-1.2773773293384934,-1.2773773293384934,0.0,0.0,0.0,3.10305482820498,3.953868004071186,-1
704,2017-09-15,4.348967603846949,-3.6607028410183733,10.35051019735189,4.348967603846949,4.348967603846949,-1.3396389862695943,-1.3396389862695943,-1.3396389862695943,0.0039287967365862495,0.0039287967365862495,0.0039287967365862495,-1.3435677830061807,-1.3435677830061807,-1.3435677830061807,0.0,0.0,0.0,3.009328617577355,3.7333768551611244,-1
705,2017-09-18,4.370518738933416,-3.613432137509531,10.121448916025114,4.370518738933416,4.370518738933416,-1.3505524961264432,-1.3505524961264432,-1.3505524961264432,0.06302283964512399,0.06302283964512399,0.06302283964512399,-1.4135753357715672,-1.4135753357715672,-1.4135753357715672,0.0,0.0,0.0,3.019966242806973,3.5319491902590885,-1
706,2017-09-19,4.377702450628905,-3.95083016303728,10.145413816723948,4.377702450628905,4.377702450628905,-1.3513132879058982,-1.3513132879058982,-1.3513132879058982,0.04431353265986,0.04431353265986,0.04431353265986,-1.395626820565758,-1.395626820565758,-1.395626820565758,0.0,0.0,0.0,3.0263891627230066,3.395683290384656,-1
707,2017-09-20,4.384886162324394,-3.354296756866022,9.626355882054863,4.384886162324394,4.384886162324394,-1.392226748802014,-1.392226748802014,-1.392226748802014,-0.03333725219130612,-0.03333725219130612,-0.03333725219130612,-1.3588894966107081,-1.3588894966107081,-1.3588894966107081,0.0,0.0,0.0,2.9926594135223796,3.281926075727946,-1
708,2017-09-21,4.392069874019882,-3.782338870424527,9.739033779598442,4.392069874019882,4.392069874019882,-1.2663933856187808,-1.2663933856187808,-1.2663933856187808,0.038648265391901394,0.038648265391901394,0.038648265391901394,-1.305041651010682,-1.305041651010682,-1.305041651010682,0.0,0.0,0.0,3.125676488401101,3.1921014323980277,-1
709,2017-09-22,4.399253585715371,-3.659815598856863,9.925047343550695,4.399253585715371,4.399253585715371,-1.2321442376525125,-1.2321442376525125,-1.2321442376525125,0.003928796736683813,0.003928796736683813,0.003928796736683813,-1.2360730343891961,-1.2360730343891961,-1.2360730343891961,0.0,0.0,0.0,3.1671093480628585,3.1271048317789236,1
710,2017-09-25,4.420804720801838,-4.136474325532405,10.317158853257803,4.420804720801838,4.420804720801838,-0.898766438910686,-0.898766438910686,-0.898766438910686,0.06302283964514213,0.06302283964514213,0.06302283964514213,-0.961789278555828,-0.961789278555828,-0.961789278555828,0.0,0.0,0.0,3.5220382818911524,3.1366377537979693,1
711,2017-09-26,4.427988432497327,-3.0958701444731678,10.757715999254502,4.427988432497327,4.427988432497327,-0.8120736774160014,-0.8120736774160014,-0.8120736774160014,0.04431353265970759,0.04431353265970759,0.04431353265970759,-0.8563872100757091,-0.8563872100757091,-0.8563872100757091,0.0,0.0,0.0,3.6159147550813255,3.169327961102075,1
712,2017-09-27,4.435172144192816,-3.6081608945192896,10.393088908061378,4.435172144192816,4.435172144192816,-0.7816963790568637,-0.7816963790568637,-0.7816963790568637,-0.03333725219122866,-0.03333725219122866,-0.03333725219122866,-0.748359126865635,-0.748359126865635,-0.748359126865635,0.0,0.0,0.0,3.6534757651359517,3.223561290340708,1
713,2017-09-28,4.442355855888303,-3.0273639142813455,10.439273737885047,4.442355855888303,4.442355855888303,-0.6016051274633325,-0.6016051274633325,-0.6016051274633325,0.03864826539200024,0.03864826539200024,0.03864826539200024,-0.6402533928553328,-0.6402533928553328,-0.6402533928553328,0.0,0.0,0.0,3.840750728424971,3.2973308803627077,1
714,2017-09-29,4.449539567583793,-2.6430930245924174,11.027619955455245,4.449539567583793,4.449539567583793,-0.5305554523894194,-0.5305554523894194,-0.5305554523894194,0.003928796736631387,0.003928796736631387,0.003928796736631387,-0.5344842491260507,-0.5344842491260507,-0.5344842491260507,0.0,0.0,0.0,3.9189841151943736,3.3882964301244094,1
715,2017-10-02,4.471090702670261,-2.2811015825459524,11.696185089670635,4.471090702670261,4.471090702670261,-0.18914040327482262,-0.18914040327482262,-0.18914040327482262,0.06302283964515597,0.06302283964515597,0.06302283964515597,-0.2521632429199786,-0.2521632429199786,-0.2521632429199786,0.0,0.0,0.0,4.281950299395438,3.514494835783256,1
716,2017-10-03,4.47827441436575,-2.5449864532877267,11.052995045633091,4.47827441436575,4.47827441436575,-0.13101097643008264,-0.13101097643008264,-0.13101097643008264,0.044313532660127795,0.044313532660127795,0.044313532660127795,-0.17532450909021044,-0.17532450909021044,-0.17532450909021044,0.0,0.0,0.0,4.347263437935667,3.646582263304522,1
717,2017-10-04,4.485458126061238,-2.351106733217239,10.509043275920524,4.485458126061238,4.485458126061238,-0.14244467766504879,-0.14244467766504879,-0.14244467766504879,-0.03333725219116255,-0.03333725219116255,-0.03333725219116255,-0.10910742547388622,-0.10910742547388622,-0.10910742547388622,0.0,0.0,0.0,4.3430134483961895,3.7816176667919024,1
718,2017-10-05,4.492641837756726,-2.387314429809556,11.205397082371853,4.492641837756726,4.492641837756726,-0.01551798311330407,-0.01551798311330407,-0.01551798311330407,0.03864826539200811,0.03864826539200811,0.03864826539200811,-0.05416624850531218,-0.05416624850531218,-0.05416624850531218,0.0,0.0,0.0,4.477123854643422,3.916762403416135,1
719,2017-10-06,4.499825549452216,-2.102327179946071,11.441004797405089,4.499825549452216,4.499825549452216,-0.00685310752675534,-0.00685310752675534,-0.00685310752675534,0.003928796736578959,0.003928796736578959,0.003928796736578959,-0.010781904263334299,-0.010781904263334299,-0.010781904263334299,0.0,0.0,0.0,4.492972441925461,4.049348712802395,1
720,2017-10-09,4.521376684538683,-1.4157114963308075,11.652904731705565,4.521376684538683,4.521376684538683,0.11571746095000714,0.11571746095000714,0.11571746095000714,0.06302283964505177,0.06302283964505177,0.06302283964505177,0.05269462130495536,0.05269462130495536,0.05269462130495536,0.0,0.0,0.0,4.63709414548869,4.160854299162149,1
721,2017-10-10,4.528560396234171,-1.9427664951142125,11.527946334602682,4.528560396234171,4.528560396234171,0.09852504253338855,0.09852504253338855,0.09852504253338855,0.04431353266009375,0.04431353266009375,0.04431353266009375,0.05421150987329478,0.05421150987329478,0.05421150987329478,0.0,0.0,0.0,4.62708543876756,4.261971367530773,1
722,2017-10-11,4.535744107929659,-2.3984757445103972,11.588327618175772,4.535744107929659,4.535744107929659,0.014605428236398018,0.014605428236398018,0.014605428236398018,-0.033337252191278303,-0.033337252191278303,-0.033337252191278303,0.04794268042767632,0.04794268042767632,0.04794268042767632,0.0,0.0,0.0,4.550349536166057,4.351658744633783,1
723,2017-10-12,4.542927819625148,-2.6355515253085255,11.388084665217981,4.542927819625148,4.542927819625148,0.07412065062712432,0.07412065062712432,0.07412065062712432,0.038648265392061475,0.038648265392061475,0.038648265392061475,0.03547238523506284,0.03547238523506284,0.03547238523506284,0.0,0.0,0.0,4.617048470252272,4.429288518816513,1
724,2017-10-13,4.550111531320636,-2.4415644038269537,11.316379783352117,4.550111531320636,4.550111531320636,0.022489480190638896,0.022489480190638896,0.022489480190638896,0.003928796736667556,0.003928796736667556,0.003928796736667556,0.018560683453971338,0.018560683453971338,0.018560683453971338,0.0,0.0,0.0,4.572601011511274,4.494650208448203,1
725,2017-10-16,4.571662553157569,-1.9546226651939511,11.210570651970167,4.571662553157569,4.571662553157569,0.023311490910631717,0.023311490910631717,0.023311490910631717,0.06302283964519226,0.06302283964519226,0.06302283964519226,-0.039711348734560545,-0.039711348734560545,-0.039711348734560545,0.0,0.0,0.0,4.594974044068201,4.525952582915479,1
726,2017-10-17,4.578846227103213,-2.458597296642334,11.617407963965421,4.578846227103213,4.578846227103213,-0.010849700320881023,-0.010849700320881023,-0.010849700320881023,0.044313532660059704,0.044313532660059704,0.044313532660059704,-0.05516323298094073,-0.05516323298094073,-0.05516323298094073,0.0,0.0,0.0,4.567996526782332,4.548025891800146,1
727,2017-10-18,4.586029901048856,-2.101371434893184,11.349986044007593,4.586029901048856,4.586029901048856,-0.0988603932817312,-0.0988603932817312,-0.0988603932817312,-0.033337252191200845,-0.033337252191200845,-0.033337252191200845,-0.06552314109053035,-0.06552314109053035,-0.06552314109053035,0.0,0.0,0.0,4.487169507767125,4.56244149773724,-1
728,2017-10-19,4.5932135749945004,-2.499564110393732,11.393905644263203,4.5932135749945004,4.5932135749945004,-0.030470973792218067,-0.030470973792218067,-0.030470973792218067,0.03864826539195092,0.03864826539195092,0.03864826539195092,-0.06911923918416898,-0.06911923918416898,-0.06911923918416898,0.0,0.0,0.0,4.562742601202283,4.571003372393125,-1
729,2017-10-20,4.600397248940145,-1.8319102827707694,11.198964007340576,4.600397248940145,4.600397248940145,-0.06054482572707687,-0.06054482572707687,-0.06054482572707687,0.003928796736774081,0.003928796736774081,0.003928796736774081,-0.06447362246385095,-0.06447362246385095,-0.06447362246385095,0.0,0.0,0.0,4.539852423213068,4.575691370521886,-1
730,2017-10-23,4.621948270777077,-2.1255855837952318,11.897903641629958,4.621948270777077,4.621948270777077,0.07301077678900983,0.07301077678900983,0.07301077678900983,0.06302283964521041,0.06302283964521041,0.06302283964521041,0.009987937143799412,0.009987937143799412,0.009987937143799412,0.0,0.0,0.0,4.694959047566087,4.581477860729626,1
731,2017-10-24,4.62913194472272,-1.8432173257431008,11.0838819627066,4.62913194472272,4.62913194472272,0.10155340970907843,0.10155340970907843,0.10155340970907843,0.04431353266007524,0.04431353266007524,0.04431353266007524,0.05723987704900319,0.05723987704900319,0.05723987704900319,0.0,0.0,0.0,4.730685354431798,4.59183785229605,1
732,2017-10-25,4.636315618668364,-2.5507980111027533,11.483855254308576,4.636315618668364,4.636315618668364,0.08271712080012969,0.08271712080012969,0.08271712080012969,-0.033337252191225665,-0.033337252191225665,-0.033337252191225665,0.11605437299135536,0.11605437299135536,0.11605437299135536,0.0,0.0,0.0,4.719032739468494,4.6087061726262935,1
733,2017-10-26,4.643499292614008,-1.998384860487095,11.445189517088322,4.643499292614008,4.643499292614008,0.22480343138764738,0.22480343138764738,0.22480343138764738,0.038648265391958786,0.038648265391958786,0.038648265391958786,0.1861551659956886,0.1861551659956886,0.1861551659956886,0.0,0.0,0.0,4.868302724001655,4.6338315980012315,1
734,2017-10-27,4.6506829665596525,-1.9595087586160793,12.005498231822152,4.6506829665596525,4.6506829665596525,0.27087690690950833,0.27087690690950833,0.27087690690950833,0.003928796736712694,0.003928796736712694,0.003928796736712694,0.2669481101727956,0.2669481101727956,0.2669481101727956,0.0,0.0,0.0,4.921559873469161,4.668727484197021,1
735,2017-10-30,4.672233988396584,-1.7152935111609247,12.237188727008379,4.672233988396584,4.672233988396584,0.6261425471975807,0.6261425471975807,0.6261425471975807,0.06302283964497522,0.06302283964497522,0.06302283964497522,0.5631197075526054,0.5631197075526054,0.5631197075526054,0.0,0.0,0.0,5.298376535594165,4.739067733349617,1
736,2017-10-31,4.679417662342228,-1.1360426123749188,11.892418636171444,4.679417662342228,4.679417662342228,0.719343485177746,0.719343485177746,0.719343485177746,0.0443135326600412,0.0443135326600412,0.0443135326600412,0.6750299525177049,0.6750299525177049,0.6750299525177049,0.0,0.0,0.0,5.398761147519974,4.82214419542338,1
737,2017-11-01,4.686601336287874,-1.3179075345417597,12.548235117500758,4.686601336287874,4.686601336287874,0.7572970004885428,0.7572970004885428,0.7572970004885428,-0.03333725219125048,-0.03333725219125048,-0.03333725219125048,0.7906342526797933,0.7906342526797933,0.7906342526797933,0.0,0.0,0.0,5.443898336776416,4.91781707832431,1
738,2017-11-02,4.693785010233516,-1.5700162056648745,12.278238459992195,4.693785010233516,4.693785010233516,0.9466097745345937,0.9466097745345937,0.9466097745345937,0.03864826539205763,0.03864826539205763,0.03864826539205763,0.9079615091425361,0.9079615091425361,0.9079615091425361,0.0,0.0,0.0,5.64039478476811,5.025582296680893,1
739,2017-11-03,4.70096868417916,-1.5078082146103398,12.275075824102323,4.70096868417916,4.70096868417916,1.028877597318014,1.028877597318014,1.028877597318014,0.0039287967368192185,0.0039287967368192185,0.0039287967368192185,1.0249488005811946,1.0249488005811946,1.0249488005811946,0.0,0.0,0.0,5.729846281497174,5.144581682509303,1
740,2017-11-06,4.722519706016092,-0.41822456168649447,13.02751007175333,4.722519706016092,4.722519706016092,1.415879483982276,1.415879483982276,1.415879483982276,0.06302283964499336,0.06302283964499336,0.06302283964499336,1.3528566443372827,1.3528566443372827,1.3528566443372827,0.0,0.0,0.0,6.138399189998368,5.288925696752531,1
741,2017-11-07,4.729703379961736,-0.33322699044256043,12.850405611855068,4.729703379961736,4.729703379961736,1.4919828096610785,1.4919828096610785,1.4919828096610785,0.0443135326598888,0.0443135326598888,0.0443135326598888,1.4476692770011899,1.4476692770011899,1.4476692770011899,0.0,0.0,0.0,6.221686189622814,5.438025780271633,1
742,2017-11-08,4.736887053907381,-1.0625926701478088,13.455126593137567,4.736887053907381,4.736887053907381,1.4987523856786813,1.4987523856786813,1.4987523856786813,-0.0333372521912753,-0.0333372521912753,-0.0333372521912753,1.5320896378699564,1.5320896378699564,1.5320896378699564,0.0,0.0,0.0,6.235639439586063,5.58968645028339,1
743,2017-11-09,4.744070727853025,-0.38706038863844194,13.357088493281097,4.744070727853025,4.744070727853025,1.6431155782935034,1.6431155782935034,1.6431155782935034,0.03864826539194709,0.03864826539194709,0.03864826539194709,1.6044673129015563,1.6044673129015563,1.6044673129015563,0.0,0.0,0.0,6.387186306146528,5.7415748084978775,1
744,2017-11-10,4.75125440179867,-0.5153529274378131,13.71590007964207,4.75125440179867,4.75125440179867,1.6672878723199662,1.6672878723199662,1.6672878723199662,0.00392879673675783,0.00392879673675783,0.00392879673675783,1.6633590755832084,1.6633590755832084,1.6633590755832084,0.0,0.0,0.0,6.418542274118637,5.891273048562825,1
745,2017-11-13,4.7728054236356,-0.6418212145227391,13.249712499851372,4.7728054236356,4.7728054236356,1.8113580701533258,1.8113580701533258,1.8113580701533258,0.0630228396450115,0.0630228396450115,0.0630228396450115,1.7483352305083142,1.7483352305083142,1.7483352305083142,0.0,0.0,0.0,6.584163493788926,6.019851744382301,1
746,2017-11-14,4.779989097581246,-0.22745025294816953,12.94745369611775,4.779989097581246,4.779989097581246,1.7881527291812338,1.7881527291812338,1.7881527291812338,0.04431353266014105,0.04431353266014105,0.04431353266014105,1.7438391965210929,1.7438391965210929,1.7438391965210929,0.0,0.0,0.0,6.56814182676248,6.136789812306551,1
747,2017-11-15,4.787172771526889,-0.4687761763659223,12.959343215094886,4.787172771526889,4.787172771526889,1.6891692358779782,1.6891692358779782,1.6891692358779782,-0.03333725219119784,-0.03333725219119784,-0.03333725219119784,1.7225064880691758,1.7225064880691758,1.7225064880691758,0.0,0.0,0.0,6.476342007404867,6.240034179369397,1
748,2017-11-16,4.794356445472532,-0.30514652405530196,13.224491951478312,4.794356445472532,4.794356445472532,1.7231518088271844,1.7231518088271844,1.7231518088271844,0.03864826539192751,0.03864826539192751,0.03864826539192751,1.6845035434352569,1.6845035434352569,1.6845035434352569,0.0,0.0,0.0,6.517508254299717,6.327745526322557,1
749,2017-11-17,4.801540119418178,-0.5737041395255644,12.580010421375396,4.801540119418178,4.801540119418178,1.6341960906712367,1.6341960906712367,1.6341960906712367,0.0039287967367054024,0.0039287967367054024,0.0039287967367054024,1.6302672939345313,1.6302672939345313,1.6302672939345313,0.0,0.0,0.0,6.435736210089415,6.398334519181782,1
750,2017-11-20,4.823091141255108,-0.6893181057100972,13.27432083763488,4.823091141255108,4.823091141255108,1.4412500710753848,1.4412500710753848,1.4412500710753848,0.06302283964490299,0.06302283964490299,0.06302283964490299,1.378227231430482,1.378227231430482,1.378227231430482,0.0,0.0,0.0,6.264341212330493,6.410928721414995,-1
751,2017-11-21,4.830274815200753,-0.8642076484611056,12.772330762310146,4.830274815200753,4.830274815200753,1.3125098240800854,1.3125098240800854,1.3125098240800854,0.04431353265998864,0.04431353265998864,0.04431353265998864,1.2681962914200968,1.2681962914200968,1.2681962914200968,0.0,0.0,0.0,6.142784639280839,6.403038566380796,-1
752,2017-11-22,4.837458489146397,-0.9505772926744962,12.445889007561348,4.837458489146397,4.837458489146397,1.1141350324999637,1.1141350324999637,1.1141350324999637,-0.03333725219122266,-0.03333725219122266,-0.03333725219122266,1.1474722846911865,1.1474722846911865,1.1474722846911865,0.0,0.0,0.0,5.951593521646361,6.374633974586827,-1
753,2017-11-24,4.851825837037685,-1.2356570782215468,12.269902946563954,4.851825837037685,4.851825837037685,0.884291623221017,0.884291623221017,0.884291623221017,0.003928796736652969,0.003928796736652969,0.003928796736652969,0.8803628264843639,0.8803628264843639,0.8803628264843639,0.0,0.0,0.0,5.736117460258702,6.309527089998044,-1
754,2017-11-27,4.873376858874618,-1.6323694859264797,11.99040247448639,4.873376858874618,4.873376858874618,0.5040574107187031,0.5040574107187031,0.5040574107187031,0.0630228396450435,0.0630228396450435,0.0630228396450435,0.4410345710736597,0.4410345710736597,0.4410345710736597,0.0,0.0,0.0,5.377434269593321,6.2054162895455125,-1
755,2017-11-28,4.880560532820261,-1.3549260514133818,11.843989673120513,4.880560532820261,4.880560532820261,0.335392605049089,0.335392605049089,0.335392605049089,0.04431353265995461,0.04431353265995461,0.04431353265995461,0.2910790723891344,0.2910790723891344,0.2910790723891344,0.0,0.0,0.0,5.2159531378693496,6.068595253953554,-1
756,2017-11-29,4.8877442067659045,-1.5595698496743373,11.908264704917379,4.8877442067659045,4.8877442067659045,0.10871558444853968,0.10871558444853968,0.10871558444853968,-0.03333725219115654,-0.03333725219115654,-0.03333725219115654,0.14205283663969623,0.14205283663969623,0.14205283663969623,0.0,0.0,0.0,4.996459791214444,5.911427050398752,-1
757,2017-11-30,4.89492788071155,-1.559848816732323,12.118750777681734,4.89492788071155,4.89492788071155,0.03407348562265426,0.03407348562265426,0.03407348562265426,0.03864826539187032,0.03864826539187032,0.03864826539187032,-0.004574779769216061,-0.004574779769216061,-0.004574779769216061,0.0,0.0,0.0,4.929001366334204,5.756692986291685,-1
758,2017-12-01,4.902111554657194,-2.4432468791265745,12.013545453058345,4.902111554657194,4.902111554657194,-0.14353232240566444,-0.14353232240566444,-0.14353232240566444,0.003928796736750534,0.003928796736750534,0.003928796736750534,-0.14746111914241497,-0.14746111914241497,-0.14746111914241497,0.0,0.0,0.0,4.758579232251529,5.5808000840868655,-1
759,2017-12-04,4.9236625764941255,-2.126907959741197,11.56310254076266,4.9236625764941255,4.9236625764941255,-0.47946902098582633,-0.47946902098582633,-0.47946902098582633,0.063022839645184,0.063022839645184,0.063022839645184,-0.5424918606310103,-0.5424918606310103,-0.5424918606310103,0.0,0.0,0.0,4.444193555508299,5.381645818628754,-1
760,2017-12-05,4.930846250439769,-2.138182973885548,11.22884546680879,4.930846250439769,4.930846250439769,-0.6157443046627877,-0.6157443046627877,-0.6157443046627877,0.044313532659920565,0.044313532659920565,0.044313532659920565,-0.6600578373227084,-0.6600578373227084,-0.6600578373227084,0.0,0.0,0.0,4.3151019457769815,5.186721891973403,-1
761,2017-12-06,4.938029924385415,-2.797779430261615,10.79292319814165,4.938029924385415,4.938029924385415,-0.8028866038163671,-0.8028866038163671,-0.8028866038163671,-0.033337252191260956,-0.033337252191260956,-0.033337252191260956,-0.7695493516251062,-0.7695493516251062,-0.7695493516251062,0.0,0.0,0.0,4.135143320569048,4.985957760102225,-1
762,2017-12-07,4.9452135983310574,-2.941061801127662,11.385138890875528,4.9452135983310574,4.9452135983310574,-0.8319661197321089,-0.8319661197321089,-0.8319661197321089,0.03864826539192368,0.03864826539192368,0.03864826539192368,-0.8706143851240326,-0.8706143851240326,-0.8706143851240326,0.0,0.0,0.0,4.113247478598948,4.802123155797483,-1
763,2017-12-08,4.952397272276701,-2.885378914733965,10.599887795985447,4.952397272276701,4.952397272276701,-0.9591383992769712,-0.9591383992769712,-0.9591383992769712,0.003928796736689142,0.003928796736689142,0.003928796736689142,-0.9630671960136603,-0.9630671960136603,-0.9630671960136603,0.0,0.0,0.0,3.99325887299973,4.6278372970715855,-1
764,2017-12-11,4.973948294113633,-3.0537877270538525,11.033322732935481,4.973948294113633,4.973948294113633,-1.126157052645863,-1.126157052645863,-1.126157052645863,0.06302283964507548,0.06302283964507548,0.06302283964507548,-1.1891798922909385,-1.1891798922909385,-1.1891798922909385,0.0,0.0,0.0,3.84779124146777,4.474872994259031,-1
765,2017-12-12,4.981131968059277,-2.42460670959973,11.183395654017307,4.981131968059277,4.981131968059277,-1.2039669200198304,-1.2039669200198304,-1.2039669200198304,0.044313532660054465,0.044313532660054465,0.044313532660054465,-1.248280452679885,-1.248280452679885,-1.248280452679885,0.0,0.0,0.0,3.7771650480394463,4.33099418527604,-1
766,2017-12-13,4.988315642004922,-3.699145350278352,10.223174083592435,4.988315642004922,4.988315642004922,-1.3332684950850677,-1.3332684950850677,-1.3332684950850677,-0.03333725219127444,-0.03333725219127444,-0.03333725219127444,-1.2999312428937935,-1.2999312428937935,-1.2999312428937935,0.0,0.0,0.0,3.6550471469198547,4.196852920846581,-1
767,2017-12-14,4.995499315950565,-2.692468879840073,10.927417261671113,4.995499315950565,4.995499315950565,-1.306026677587367,-1.306026677587367,-1.306026677587367,0.038648265391977035,0.038648265391977035,0.038648265391977035,-1.3446749429793439,-1.3446749429793439,-1.3446749429793439,0.0,0.0,0.0,3.689472638363198,4.072900048049481,-1
768,2017-12-15,5.00268298989621,-2.8600548486953055,11.03114923316462,5.00268298989621,5.00268298989621,-1.3791877565580035,-1.3791877565580035,-1.3791877565580035,0.003928796736627754,0.003928796736627754,0.003928796736627754,-1.3831165532946315,-1.3831165532946315,-1.3831165532946315,0.0,0.0,0.0,3.6234952333382067,3.959391648158148,-1
769,2017-12-18,5.0242340117331405,-3.563395756622189,10.734545699480067,5.0242340117331405,5.0242340117331405,-1.4042155264900074,-1.4042155264900074,-1.4042155264900074,0.06302283964509363,0.06302283964509363,0.06302283964509363,-1.467238366135101,-1.467238366135101,-1.467238366135101,0.0,0.0,0.0,3.620018485243133,3.876974141131632,-1
770,2017-12-19,5.031417685678786,-3.0103322412599463,11.038635362764884,5.031417685678786,5.031417685678786,-1.4428359013188012,-1.4428359013188012,-1.4428359013188012,0.04431353265990205,0.04431353265990205,0.04431353265990205,-1.4871494339787035,-1.4871494339787035,-1.4871494339787035,0.0,0.0,0.0,3.5885817843599845,3.8043221249899317,-1
771,2017-12-20,5.03860135962443,-3.646417607553906,10.714127507431678,5.03860135962443,5.03860135962443,-1.5374490999778827,-1.5374490999778827,-1.5374490999778827,-0.03333725219129926,-0.03333725219129926,-0.03333725219129926,-1.5041118477865834,-1.5041118477865834,-1.5041118477865834,0.0,0.0,0.0,3.501152259646547,3.740923018897682,-1
772,2017-12-21,5.045785033570073,-2.9719677256934536,10.202758105544982,5.045785033570073,5.045785033570073,-1.4801070555545783,-1.4801070555545783,-1.4801070555545783,0.03864826539198491,0.03864826539198491,0.03864826539198491,-1.5187553209465632,-1.5187553209465632,-1.5187553209465632,0.0,0.0,0.0,3.5656779780154952,3.6861660688393365,-1
773,2017-12-22,5.052968707515716,-2.840873159101497,10.686556741363352,5.052968707515716,5.052968707515716,-1.5277384684578694,-1.5277384684578694,-1.5277384684578694,0.003928796736725315,0.003928796736725315,0.003928796736725315,-1.5316672651945948,-1.5316672651945948,-1.5316672651945948,0.0,0.0,0.0,3.525230239057847,3.639363205445149,-1
774,2017-12-26,5.081703403298294,-2.931554275877308,10.553370625738458,5.081703403298294,5.081703403298294,-1.5315120872391426,-1.5315120872391426,-1.5315120872391426,0.04431353265974964,0.04431353265974964,0.04431353265974964,-1.5758256198988925,-1.5758256198988925,-1.5758256198988925,0.0,0.0,0.0,3.550191316059152,3.609603212904286,-1
775,2017-12-27,5.088887077243937,-3.6467026888496097,10.187495950086765,5.088887077243937,5.088887077243937,-1.6202329041887695,-1.6202329041887695,-1.6202329041887695,-0.03333725219122181,-0.03333725219122181,-0.03333725219122181,-1.5868956519975477,-1.5868956519975477,-1.5868956519975477,0.0,0.0,0.0,3.4686541730551674,3.5787521254058587,-1
776,2017-12-28,5.096070751189583,-3.147891043474663,10.401249586900631,5.096070751189583,5.096070751189583,-1.5598539793977613,-1.5598539793977613,-1.5598539793977613,0.03864826539196534,0.03864826539196534,0.03864826539196534,-1.5985022447897266,-1.5985022447897266,-1.5985022447897266,0.0,0.0,0.0,3.536216771791821,3.5668690878930556,-1
777,2017-12-29,5.1032544251352245,-3.3538840642751735,10.76288087056563,5.1032544251352245,5.1032544251352245,-1.6068590103437448,-1.6068590103437448,-1.6068590103437448,0.003928796736672887,0.003928796736672887,0.003928796736672887,-1.6107878070804178,-1.6107878070804178,-1.6107878070804178,0.0,0.0,0.0,3.49639541479148,3.5475613655358833,-1
778,2018-01-02,5.131989120917802,-3.3986323189135335,10.803915197678299,5.131989120917802,5.131989120917802,-1.62300222322372,-1.62300222322372,-1.62300222322372,0.04431353265988354,0.04431353265988354,0.04431353265988354,-1.6673157558836036,-1.6673157558836036,-1.6673157558836036,0.0,0.0,0.0,3.508986897694082,3.536110531971471,-1
779,2018-01-03,5.139172794863446,-3.881646045113185,9.828876734993798,5.139172794863446,5.139172794863446,-1.7162678033292948,-1.7162678033292948,-1.7162678033292948,-0.03333725219124662,-0.03333725219124662,-0.03333725219124662,-1.6829305511380483,-1.6829305511380483,-1.6829305511380483,0.0,0.0,0.0,3.4229049915341507,3.5163991826005727,-1
780,2018-01-04,5.146356468809091,-3.0058288116528735,10.043533969051207,5.146356468809091,5.146356468809091,-1.6601646919330697,-1.6601646919330697,-1.6601646919330697,0.03864826539197321,0.03864826539197321,0.03864826539197321,-1.6988129573250428,-1.6988129573250428,-1.6988129573250428,0.0,0.0,0.0,3.486191776876021,3.5061601818521764,-1
781,2018-01-05,5.153540142754734,-3.7369873832182927,9.816753477255116,5.153540142754734,5.153540142754734,-1.7107954836655954,-1.7107954836655954,-1.7107954836655954,0.003928796736620457,0.003928796736620457,0.003928796736620457,-1.7147242804022158,-1.7147242804022158,-1.7147242804022158,0.0,0.0,0.0,3.442744659089138,3.5003194217964357,-1
782,2018-01-08,5.175091164591667,-3.5227320740463783,10.5115686955562,5.175091164591667,5.175091164591667,-1.6967336972562994,-1.6967336972562994,-1.6967336972562994,0.0630228396450214,0.0630228396450214,0.0630228396450214,-1.7597565369013206,-1.7597565369013206,-1.7597565369013206,0.0,0.0,0.0,3.478357467335367,3.4915873707284226,-1
783,2018-01-09,5.182274838537309,-3.051300166925281,10.09541896459097,5.182274838537309,5.182274838537309,-1.7284712750723834,-1.7284712750723834,-1.7284712750723834,0.0443135326598495,0.0443135326598495,0.0443135326598495,-1.7727848077322328,-1.7727848077322328,-1.7727848077322328,0.0,0.0,0.0,3.453803563464926,3.484444703169131,-1
784,2018-01-10,5.189458512482955,-3.076584681020879,10.500285519639174,5.189458512482955,5.189458512482955,-1.8175762389157297,-1.8175762389157297,-1.8175762389157297,-0.03333725219127144,-0.03333725219127144,-0.03333725219127144,-1.7842389867244586,-1.7842389867244586,-1.7842389867244586,0.0,0.0,0.0,3.371882273567225,3.466613798919938,-1
785,2018-01-11,5.196642186428597,-3.0231113011225097,10.392598735291319,5.196642186428597,5.196642186428597,-1.7551079965268908,-1.7551079965268908,-1.7551079965268908,0.03864826539202657,0.03864826539202657,0.03864826539202657,-1.7937562619189173,-1.7937562619189173,-1.7937562619189173,0.0,0.0,0.0,3.441534189901706,3.4639018006045914,-1
786,2018-01-12,5.203825860374242,-3.788693171145846,10.438505109930045,5.203825860374242,5.203825860374242,-1.7970444139941295,-1.7970444139941295,-1.7970444139941295,0.003928796736559071,0.003928796736559071,0.003928796736559071,-1.8009732107306886,-1.8009732107306886,-1.8009732107306886,0.0,0.0,0.0,3.406781446380113,3.450958268063421,-1
787,2018-01-16,5.232560556156818,-3.5374373816012366,10.436550624226708,5.232560556156818,5.232560556156818,-1.7555666315194922,-1.7555666315194922,-1.7555666315194922,0.04431353266010177,0.04431353266010177,0.04431353266010177,-1.7998801641795938,-1.7998801641795938,-1.7998801641795938,0.0,0.0,0.0,3.4769939246373256,3.449018119048006,1
788,2018-01-17,5.239744230102463,-3.7810727259689454,10.305995201898664,5.239744230102463,5.239744230102463,-1.8238768523408189,-1.8238768523408189,-1.8238768523408189,-0.033337252191296254,-0.033337252191296254,-0.033337252191296254,-1.7905396001495226,-1.7905396001495226,-1.7905396001495226,0.0,0.0,0.0,3.4158673777616446,3.4397061670547613,-1
789,2018-01-18,5.246927904048106,-3.195745750503678,10.722943423568791,5.246927904048106,5.246927904048106,-1.7383921345400786,-1.7383921345400786,-1.7383921345400786,0.03864826539191602,0.03864826539191602,0.03864826539191602,-1.7770403999319944,-1.7770403999319944,-1.7770403999319944,0.0,0.0,0.0,3.5085357695080273,3.448269244852149,1
790,2018-01-19,5.25411157799375,-3.677954543104831,10.014587159918444,5.25411157799375,5.25411157799375,-1.7552544819976426,-1.7552544819976426,-1.7552544819976426,0.003928796736665585,0.003928796736665585,0.003928796736665585,-1.759183278734308,-1.759183278734308,-1.759183278734308,0.0,0.0,0.0,3.498857095996107,3.449535776764158,1
791,2018-01-22,5.275662599830682,-3.0186091574510145,10.405544448595283,5.275662599830682,5.275662599830682,-1.6151929682493493,-1.6151929682493493,-1.6151929682493493,0.06302283964518003,0.06302283964518003,0.06302283964518003,-1.6782158078945293,-1.6782158078945293,-1.6782158078945293,0.0,0.0,0.0,3.660469631581332,3.471308274013378,1
792,2018-01-23,5.282846273776327,-3.2170369126068845,10.620629260401774,5.282846273776327,5.282846273776327,-1.5976489937182903,-1.5976489937182903,-1.5976489937182903,0.04431353266011729,0.04431353266011729,0.04431353266011729,-1.6419625263784074,-1.6419625263784074,-1.6419625263784074,0.0,0.0,0.0,3.685197280058037,3.491992255285645,1
793,2018-01-24,5.290029947721969,-2.6734232954035573,10.324107294426005,5.290029947721969,5.290029947721969,-1.6345056802727354,-1.6345056802727354,-1.6345056802727354,-0.0333372521912188,-0.0333372521912188,-0.0333372521912188,-1.6011684280815164,-1.6011684280815164,-1.6011684280815164,0.0,0.0,0.0,3.6555242674492336,3.5121643256840747,1
794,2018-01-25,5.2972136216676144,-2.6191508719898096,10.714955370343715,5.2972136216676144,5.2972136216676144,-1.5173412700187325,-1.5173412700187325,-1.5173412700187325,0.038648265391969375,0.038648265391969375,0.038648265391969375,-1.5559895354107018,-1.5559895354107018,-1.5559895354107018,0.0,0.0,0.0,3.7798723516488817,3.552963333492241,1
795,2018-01-26,5.304397295613257,-3.29792437901055,11.11687788177128,5.304397295613257,5.304397295613257,-1.5027233015088242,-1.5027233015088242,-1.5027233015088242,0.003928796736754192,0.003928796736754192,0.003928796736754192,-1.5066520982455782,-1.5066520982455782,-1.5066520982455782,0.0,0.0,0.0,3.801673994104433,3.588977313912514,1
796,2018-01-29,5.32594831745019,-2.902985546733767,11.106628470827633,5.32594831745019,5.32594831745019,-1.2739782714765224,-1.2739782714765224,-1.2739782714765224,0.06302283964519387,0.06302283964519387,0.06302283964519387,-1.3370011111217162,-1.3370011111217162,-1.3370011111217162,0.0,0.0,0.0,4.051970045973667,3.6534961738718694,1
797,2018-01-30,5.3331319913958355,-2.827539302180748,11.032442388767764,5.3331319913958355,5.3331319913958355,-1.2303638433456503,-1.2303638433456503,-1.2303638433456503,0.044313532660083255,0.044313532660083255,0.044313532660083255,-1.2746773760057335,-1.2746773760057335,-1.2746773760057335,0.0,0.0,0.0,4.102768148050185,3.7160735962131546,1
798,2018-01-31,5.3403156653414765,-2.3113718013905067,11.166254101328466,5.3403156653414765,5.3403156653414765,-1.243676853070559,-1.243676853070559,-1.243676853070559,-0.03333725219133455,-0.03333725219133455,-0.03333725219133455,-1.2103396008792244,-1.2103396008792244,-1.2103396008792244,0.0,0.0,0.0,4.096638812270918,3.7841507396640823,1
799,2018-02-01,5.347499339287122,-2.3125745912187194,11.037458570277433,5.347499339287122,5.347499339287122,-1.1059414679553126,-1.1059414679553126,-1.1059414679553126,0.038648265392022735,0.038648265392022735,0.038648265392022735,-1.1445897333473354,-1.1445897333473354,-1.1445897333473354,0.0,0.0,0.0,4.24155787133181,3.85745294984646,1
800,2018-02-02,5.354683013232766,-2.3725345113567213,10.860689232179677,5.354683013232766,5.354683013232766,-1.0741412036438767,-1.0741412036438767,-1.0741412036438767,0.0039287967367107254,0.0039287967367107254,0.0039287967367107254,-1.0780700003805874,-1.0780700003805874,-1.0780700003805874,0.0,0.0,0.0,4.280541809588889,3.935621421205738,1
801,2018-02-05,5.376234035069699,-2.140994341005817,11.01980555502242,5.376234035069699,5.376234035069699,-0.8176639362919816,-0.8176639362919816,-0.8176639362919816,0.06302283964521202,0.06302283964521202,0.06302283964521202,-0.8806867759371936,-0.8806867759371936,-0.8806867759371936,0.0,0.0,0.0,4.558570098777718,4.025431467925378,1
802,2018-02-06,5.383417709015341,-1.9735208705745917,11.462712932016856,5.383417709015341,5.383417709015341,-0.7736049085693913,-0.7736049085693913,-0.7736049085693913,0.044313532659930835,0.044313532659930835,0.044313532659930835,-0.8179184412293222,-0.8179184412293222,-0.8179184412293222,0.0,0.0,0.0,4.60981280044595,4.117893019964169,1
803,2018-02-07,5.390601382960987,-2.073105439431679,11.376413547955844,5.390601382960987,5.390601382960987,-0.7911199706507889,-0.7911199706507889,-0.7911199706507889,-0.033337252191268436,-0.033337252191268436,-0.033337252191268436,-0.7577827184595205,-0.7577827184595205,-0.7577827184595205,0.0,0.0,0.0,4.5994814123101975,4.212288734450265,1
804,2018-02-08,5.3977850569066295,-2.1821102052075787,11.525057547405352,5.3977850569066295,5.3977850569066295,-0.662253864834578,-0.662253864834578,-0.662253864834578,0.038648265392076095,0.038648265392076095,0.038648265392076095,-0.7009021302266542,-0.7009021302266542,-0.7009021302266542,0.0,0.0,0.0,4.7355311920720515,4.3078546184925814,1
805,2018-02-09,5.404968730852273,-1.586695864473234,11.20659472594684,5.404968730852273,5.404968730852273,-0.6439168683848987,-0.6439168683848987,-0.6439168683848987,0.0039287967367993264,0.0039287967367993264,0.0039287967367993264,-0.647845665121698,-0.647845665121698,-0.647845665121698,0.0,0.0,0.0,4.761051862467374,4.4037924053288755,1
806,2018-02-12,5.403477433653061,-1.491818320932089,11.476946487350116,5.403477433653061,5.403477433653061,-0.453190874665379,-0.453190874665379,-0.453190874665379,0.06302283964498114,0.06302283964498114,0.06302283964498114,-0.5162137143103601,-0.5162137143103601,-0.5162137143103601,0.0,0.0,0.0,4.950286558987681,4.493624056630277,1
807,2018-02-13,5.4029803345866565,-1.9413424629553142,11.717791312096345,5.4029803345866565,5.4029803345866565,-0.438279370709228,-0.438279370709228,-0.438279370709228,0.04431353266001518,0.04431353266001518,0.04431353266001518,-0.4825929033692432,-0.4825929033692432,-0.4825929033692432,0.0,0.0,0.0,4.964700963877428,4.579817338213002,1
808,2018-02-14,5.402483235520252,-2.1219395013054396,11.818006668259583,5.402483235520252,5.402483235520252,-0.48771305089888267,-0.48771305089888267,-0.48771305089888267,-0.03333725219119098,-0.03333725219119098,-0.03333725219119098,-0.45437579870769174,-0.45437579870769174,-0.45437579870769174,0.0,0.0,0.0,4.91477018462137,4.661630475448047,1
809,2018-02-15,5.401986136453849,-1.7455101908932031,12.133413111649217,5.401986136453849,5.401986136453849,-0.39290537490773614,-0.39290537490773614,-0.39290537490773614,0.038648265391965544,0.038648265391965544,0.038648265391965544,-0.4315536402997016,-0.4315536402997016,-0.4315536402997016,0.0,0.0,0.0,5.009080761546113,4.738382764469478,1
810,2018-02-16,5.401489037387445,-2.329003490724964,12.08785606598325,5.401489037387445,5.401489037387445,-0.41006672755871854,-0.41006672755871854,-0.41006672755871854,0.003928796736746896,0.003928796736746896,0.003928796736746896,-0.41399552429546543,-0.41399552429546543,-0.41399552429546543,0.0,0.0,0.0,4.991422309828726,4.809470814493461,1
811,2018-02-20,5.399500641121827,-1.7111743963960255,11.66852214977683,5.399500641121827,5.399500641121827,-0.34524557243956966,-0.34524557243956966,-0.34524557243956966,0.04431353266003069,0.04431353266003069,0.04431353266003069,-0.38955910509960034,-0.38955910509960034,-0.38955910509960034,0.0,0.0,0.0,5.054255068682258,4.859039311483914,1
812,2018-02-21,5.399003542055424,-2.0492342210239722,11.641014661479264,5.399003542055424,5.399003542055424,-0.4255450426162317,-0.4255450426162317,-0.4255450426162317,-0.033337252191215805,-0.033337252191215805,-0.033337252191215805,-0.3922077904250159,-0.3922077904250159,-0.3922077904250159,0.0,0.0,0.0,4.973458499439192,4.895403881383239,1
813,2018-02-22,5.398506442989019,-1.8676199856279712,11.765196728859555,5.398506442989019,5.398506442989019,-0.3582989327067124,-0.3582989327067124,-0.3582989327067124,0.038648265392064396,0.038648265392064396,0.038648265392064396,-0.3969471980987768,-0.3969471980987768,-0.3969471980987768,0.0,0.0,0.0,5.040207510282307,4.93947649118045,1
814,2018-02-23,5.398009343922615,-1.7056076130447297,11.545897010680429,5.398009343922615,5.398009343922615,-0.39901446712753436,-0.39901446712753436,-0.39901446712753436,0.003928796736694462,0.003928796736694462,0.003928796736694462,-0.4029432638642288,-0.4029432638642288,-0.4029432638642288,0.0,0.0,0.0,4.998994876795081,4.965822859652754,1
815,2018-02-26,5.396518046723402,-2.2295475305440093,12.047448721218315,5.396518046723402,5.396518046723402,-0.35657372468823567,-0.35657372468823567,-0.35657372468823567,0.06302283964501312,0.06302283964501312,0.06302283964501312,-0.41959656433324877,-0.41959656433324877,-0.41959656433324877,0.0,0.0,0.0,5.039944322035167,4.993712105609532,1
816,2018-02-27,5.396020947656998,-1.5949076481670543,11.625559886350699,5.396020947656998,5.396020947656998,-0.37740617827960826,-0.37740617827960826,-0.37740617827960826,0.04431353265999666,0.04431353265999666,0.04431353265999666,-0.4217197109396049,-0.4217197109396049,-0.4217197109396049,0.0,0.0,0.0,5.01861476937739,5.000544926648503,1
817,2018-02-28,5.395523848590594,-1.786835689113923,11.263145516747324,5.395523848590594,5.395523848590594,-0.4540430931651176,-0.4540430931651176,-0.4540430931651176,-0.033337252191149684,-0.033337252191149684,-0.033337252191149684,-0.4207058409739679,-0.4207058409739679,-0.4207058409739679,0.0,0.0,0.0,4.941480755425476,4.998222905803308,-1
818,2018-03-01,5.39502674952419,-1.728799023344322,11.598295383241043,5.39502674952419,5.39502674952419,-0.37714283292846934,-0.37714283292846934,-0.37714283292846934,0.03864826539195384,0.03864826539195384,0.03864826539195384,-0.41579109832042316,-0.41579109832042316,-0.41579109832042316,0.0,0.0,0.0,5.0178839165957205,5.008534279000743,1
819,2018-03-02,5.394529650457785,-1.8914186571449494,12.167434263384663,5.394529650457785,5.394529650457785,-0.4023742267965286,-0.4023742267965286,-0.4023742267965286,0.003928796736792036,0.003928796736792036,0.003928796736792036,-0.4063030235333207,-0.4063030235333207,-0.4063030235333207,0.0,0.0,0.0,4.992155423661257,5.006841745212258,-1
820,2018-03-05,5.393038353258573,-2.007515746136767,11.875021362772667,5.393038353258573,5.393038353258573,-0.2824380641795658,-0.2824380641795658,-0.2824380641795658,0.06302283964503126,0.06302283964503126,0.06302283964503126,-0.34546090382459704,-0.34546090382459704,-0.34546090382459704,0.0,0.0,0.0,5.110600289079008,5.018759543137286,1
821,2018-03-06,5.392541254192169,-2.1973022168184135,12.008379409733989,5.392541254192169,5.392541254192169,-0.2691389927479767,-0.2691389927479767,-0.2691389927479767,0.04431353265996262,0.04431353265996262,0.04431353265996262,-0.31345252540793933,-0.31345252540793933,-0.31345252540793933,0.0,0.0,0.0,5.123402261444192,5.02567426241348,1
822,2018-03-07,5.392044155125766,-2.1951003175752044,12.096423230279722,5.392044155125766,5.392044155125766,-0.3088485668864028,-0.3088485668864028,-0.3088485668864028,-0.03333725219126543,-0.03333725219126543,-0.03333725219126543,-0.2755113146951373,-0.2755113146951373,-0.2755113146951373,0.0,0.0,0.0,5.083195588239363,5.036647971293496,1
823,2018-03-08,5.391547056059361,-1.896669874681187,12.229365941644977,5.391547056059361,5.391547056059361,-0.19320229342231063,-0.19320229342231063,-0.19320229342231063,0.03864826539193427,0.03864826539193427,0.03864826539193427,-0.2318505588142449,-0.2318505588142449,-0.2318505588142449,0.0,0.0,0.0,5.19834476263705,5.052461696528971,1
824,2018-03-09,5.391049956992957,-1.648446944543678,11.914914674056257,5.391049956992957,5.391049956992957,-0.17892734102883293,-0.17892734102883293,-0.17892734102883293,0.003928796736730636,0.003928796736730636,0.003928796736730636,-0.18285613776556356,-0.18285613776556356,-0.18285613776556356,0.0,0.0,0.0,5.212122615964124,5.0737744704458745,1
825,2018-03-12,5.389558659793743,-1.7286381092556722,11.893608394997239,5.389558659793743,5.389558659793743,0.05281269373447121,0.05281269373447121,0.05281269373447121,0.06302283964517177,0.06302283964517177,0.06302283964517177,-0.010210145910700566,-0.010210145910700566,-0.010210145910700566,0.0,0.0,0.0,5.442371353528214,5.11401717359518,1
826,2018-03-13,5.38906156072734,-1.2652702147395605,12.059964987316635,5.38906156072734,5.38906156072734,0.09734242882651586,0.09734242882651586,0.09734242882651586,0.04431353266009651,0.04431353266009651,0.04431353266009651,0.05302889616641936,0.05302889616641936,0.05302889616641936,0.0,0.0,0.0,5.486403989553856,5.160796095612826,1
827,2018-03-14,5.388564461660936,-1.1882300216008737,12.496559849361448,5.388564461660936,5.388564461660936,0.08402539097841843,0.08402539097841843,0.08402539097841843,-0.03333725219118798,-0.03333725219118798,-0.03333725219118798,0.11736264316960641,0.11736264316960641,0.11736264316960641,0.0,0.0,0.0,5.472589852639354,5.213907005334214,1
828,2018-03-15,5.388067362594532,-1.2177777742046025,12.75307983158545,5.388067362594532,5.388067362594532,0.22024214131009373,0.22024214131009373,0.22024214131009373,0.03864826539194214,0.03864826539194214,0.03864826539194214,0.1815938759181516,0.1815938759181516,0.1815938759181516,0.0,0.0,0.0,5.608309503904626,5.2729495640651045,1
829,2018-03-16,5.3875702635281275,-1.201744226146304,13.099112920466895,5.3875702635281275,5.3875702635281275,0.2483913139893542,0.2483913139893542,0.2483913139893542,0.0039287967366782115,0.0039287967366782115,0.0039287967366782115,0.24446251725267598,0.24446251725267598,0.24446251725267598,0.0,0.0,0.0,5.635961577517482,5.337330179450727,1
830,2018-03-19,5.386078966328915,-0.9375083026685149,13.038444277700844,5.386078966328915,5.386078966328915,0.4749712805341089,0.4749712805341089,0.4749712805341089,0.06302283964494089,0.06302283964494089,0.06302283964494089,0.4119484408891681,0.4119484408891681,0.4119484408891681,0.0,0.0,0.0,5.861050246863024,5.412375175229129,1
831,2018-03-20,5.385581867262511,-1.355597147786703,12.746146326926997,5.385581867262511,5.385581867262511,0.5008301588770341,0.5008301588770341,0.5008301588770341,0.044313532659944095,0.044313532659944095,0.044313532659944095,0.45651662621709,0.45651662621709,0.45651662621709,0.0,0.0,0.0,5.886412026139545,5.488676151698664,1
832,2018-03-21,5.385084768196106,-0.7689635927957709,12.13481948777849,5.385084768196106,5.385084768196106,0.4601587868761636,0.4601587868761636,0.4601587868761636,-0.03333725219121279,-0.03333725219121279,-0.03333725219121279,0.4934960390673764,0.4934960390673764,0.4934960390673764,0.0,0.0,0.0,5.845243555072269,5.564880948381954,1
833,2018-03-22,5.384587669129702,-1.0796500167484129,12.7829624568203,5.384587669129702,5.384587669129702,0.5605107656033307,0.5605107656033307,0.5605107656033307,0.03864826539195001,0.03864826539195001,0.03864826539195001,0.5218625002113807,0.5218625002113807,0.5218625002113807,0.0,0.0,0.0,5.9450984347330325,5.639556315591553,1
834,2018-03-23,5.3840905700632975,-1.3740769909226753,12.919157327584747,5.3840905700632975,5.3840905700632975,0.5446575556254453,0.5446575556254453,0.5446575556254453,0.003928796736616815,0.003928796736616815,0.003928796736616815,0.5407287588888284,0.5407287588888284,0.5407287588888284,0.0,0.0,0.0,5.928748125688743,5.711218866564015,1
835,2018-03-26,5.382599272864085,-0.8342354758248784,12.9778579602486,5.382599272864085,5.382599272864085,0.5969683456282618,0.5969683456282618,0.5969683456282618,0.06302283964508139,0.06302283964508139,0.06302283964508139,0.5339455059831805,0.5339455059831805,0.5339455059831805,0.0,0.0,0.0,5.9795676184923465,5.764938493060428,1
836,2018-03-27,5.382102173797681,-1.206468395767855,12.931281507083245,5.382102173797681,5.382102173797681,0.5536831756008126,0.5536831756008126,0.5536831756008126,0.04431353265991007,0.04431353265991007,0.04431353265991007,0.5093696429409025,0.5093696429409025,0.5093696429409025,0.0,0.0,0.0,5.935785349398493,5.809876629044892,1
837,2018-03-28,5.381605074731278,-1.1415585415917855,12.311768702221901,5.381605074731278,5.381605074731278,0.4402085419045195,0.4402085419045195,0.4402085419045195,-0.033337252191226276,-0.033337252191226276,-0.033337252191226276,0.4735457940957458,0.4735457940957458,0.4735457940957458,0.0,0.0,0.0,5.821813616635797,5.844799005444536,-1
838,2018-03-29,5.381107975664873,-1.1627190841567328,12.150346056185155,5.381107975664873,5.381107975664873,0.4653760728825592,0.4653760728825592,0.4653760728825592,0.038648265391930434,0.038648265391930434,0.038648265391930434,0.4267278074906288,0.4267278074906288,0.4267278074906288,0.0,0.0,0.0,5.846484048547433,5.868616459908816,-1
839,2018-04-02,5.379119579399257,-1.0976234528750466,11.971267059881393,5.379119579399257,5.379119579399257,0.20437369661644458,0.20437369661644458,0.20437369661644458,0.06302283964522189,0.06302283964522189,0.06302283964522189,0.14135085697122268,0.14135085697122268,0.14135085697122268,0.0,0.0,0.0,5.583493276015702,5.863369629758639,-1
840,2018-04-03,5.378622480332853,-1.4271989785021413,12.43033017984727,5.378622480332853,5.378622480332853,0.09423444053533425,0.09423444053533425,0.09423444053533425,0.044313532659757654,0.044313532659757654,0.044313532659757654,0.04992090787557659,0.04992090787557659,0.04992090787557659,0.0,0.0,0.0,5.472856920868187,5.8245502971591545,-1
841,2018-04-04,5.378125381266448,-1.6313145923606824,12.086155701121097,5.378125381266448,5.378125381266448,-0.08062979741613445,-0.08062979741613445,-0.08062979741613445,-0.03333725219123976,-0.03333725219123976,-0.03333725219123976,-0.04729254522489469,-0.04729254522489469,-0.04729254522489469,0.0,0.0,0.0,5.2974955838503135,5.765658652930232,-1
842,2018-04-05,5.377628282200043,-1.641776001752223,12.35355930628787,5.377628282200043,5.377628282200043,-0.11035153492549496,-0.11035153492549496,-0.11035153492549496,0.03864826539193831,0.03864826539193831,0.03864826539193831,-0.14899980031743326,-0.14899980031743326,-0.14899980031743326,0.0,0.0,0.0,5.267276747274549,5.707861972150459,-1
843,2018-04-06,5.377131183133639,-1.3593886309832655,12.529070781657198,5.377131183133639,5.377131183133639,-0.24993576121920932,-0.24993576121920932,-0.24993576121920932,0.003928796736661951,0.003928796736661951,0.003928796736661951,-0.25386455795587126,-0.25386455795587126,-0.25386455795587126,0.0,0.0,0.0,5.12719542191443,5.626071670868599,-1
844,2018-04-09,5.375639885934427,-1.6407048926963628,12.06146482237439,5.375639885934427,5.375639885934427,-0.5109764236239739,-0.5109764236239739,-0.5109764236239739,0.06302283964499102,0.06302283964499102,0.06302283964499102,-0.5739992632689649,-0.5739992632689649,-0.5739992632689649,0.0,0.0,0.0,4.864663462310453,5.5196632045307705,-1
845,2018-04-10,5.375142786868023,-1.766136004837944,11.46203149423326,5.375142786868023,5.375142786868023,-0.6339762954383764,-0.6339762954383764,-0.6339762954383764,0.044313532660009924,0.044313532660009924,0.044313532660009924,-0.6782898280983863,-0.6782898280983863,-0.6782898280983863,0.0,0.0,0.0,4.741166491429646,5.395823091824501,-1
846,2018-04-11,5.374645687801618,-2.475221279169017,11.65468474012519,5.374645687801618,5.374645687801618,-0.8127729866916744,-0.8127729866916744,-0.8127729866916744,-0.03333725219126457,-0.03333725219126457,-0.03333725219126457,-0.7794357345004099,-0.7794357345004099,-0.7794357345004099,0.0,0.0,0.0,4.5618727011099445,5.258431826995645,-1
847,2018-04-12,5.374148588735214,-2.1340297220498847,11.744324629532263,5.374148588735214,5.374148588735214,-0.8378003928787565,-0.8378003928787565,-0.8378003928787565,0.03864826539199167,0.03864826539199167,0.03864826539199167,-0.8764486582707481,-0.8764486582707481,-0.8764486582707481,0.0,0.0,0.0,4.5363481958564575,5.1298852849177115,-1
848,2018-04-13,5.373651489668811,-2.4207847647578196,11.250849262813528,5.373651489668811,5.373651489668811,-0.9645544869211251,-0.9645544869211251,-0.9645544869211251,0.003928796736600564,0.003928796736600564,0.003928796736600564,-0.9684832836577257,-0.9684832836577257,-0.9684832836577257,0.0,0.0,0.0,4.409097002747686,4.986146580337737,-1
849,2018-04-16,5.372160192469598,-2.474210566016059,10.598656373450053,5.372160192469598,5.372160192469598,-1.1456544969236817,-1.1456544969236817,-1.1456544969236817,0.0630228396451315,0.0630228396451315,0.0630228396451315,-1.2086773365688133,-1.2086773365688133,-1.2086773365688133,0.0,0.0,0.0,4.2265056955459155,4.850447822290758,-1
850,2018-04-17,5.371663093403194,-2.7582603398821592,10.821078967944409,5.371663093403194,5.371663093403194,-1.2312920463318198,-1.2312920463318198,-1.2312920463318198,0.04431353265985751,0.04431353265985751,0.04431353265985751,-1.2756055789916774,-1.2756055789916774,-1.2756055789916774,0.0,0.0,0.0,4.140371047071374,4.717199234911077,-1
851,2018-04-18,5.37116599433679,-2.758321446750389,11.182050167044075,5.37116599433679,5.37116599433679,-1.3691399065011973,-1.3691399065011973,-1.3691399065011973,-0.033337252191289385,-0.033337252191289385,-0.033337252191289385,-1.335802654309908,-1.335802654309908,-1.335802654309908,0.0,0.0,0.0,4.002026087835593,4.587652285309605,-1
852,2018-04-19,5.370668895270385,-2.869174213766151,11.048010549716524,5.370668895270385,5.370668895270385,-1.3507583691805913,-1.3507583691805913,-1.3507583691805913,0.03864826539199954,0.03864826539199954,0.03864826539199954,-1.3894066345725908,-1.3894066345725908,-1.3894066345725908,0.0,0.0,0.0,4.019910526089793,4.462915663191129,-1
853,2018-04-20,5.370171796203981,-2.7400947311083113,11.123432210181582,5.370171796203981,5.370171796203981,-1.4327640330717637,-1.4327640330717637,-1.4327640330717637,0.003928796736707081,0.003928796736707081,0.003928796736707081,-1.436692829808471,-1.436692829808471,-1.436692829808471,0.0,0.0,0.0,3.9374077631322173,4.343936897312909,-1
854,2018-04-23,5.3686804990047685,-2.872984943444543,10.668893952880955,5.3686804990047685,5.3686804990047685,-1.4819879465173813,-1.4819879465173813,-1.4819879465173813,0.06302283964514967,0.06302283964514967,0.06302283964514967,-1.5450107861625308,-1.5450107861625308,-1.5450107861625308,0.0,0.0,0.0,3.8866925524873874,4.246139806330602,-1
855,2018-04-24,5.368183399938364,-2.8133965111941617,11.082334810660216,5.368183399938364,5.368183399938364,-1.5274380766273126,-1.5274380766273126,-1.5274380766273126,0.044313532660109775,0.044313532660109775,0.044313532660109775,-1.5717516092874224,-1.5717516092874224,-1.5717516092874224,0.0,0.0,0.0,3.840745323311052,4.156097689518742,-1
856,2018-04-25,5.36768630087196,-3.0552042242195037,10.797568858475113,5.36768630087196,5.36768630087196,-1.6281355510160254,-1.6281355510160254,-1.6281355510160254,-0.03333725219121194,-0.03333725219121194,-0.03333725219121194,-1.5947982988248135,-1.5947982988248135,-1.5947982988248135,0.0,0.0,0.0,3.739550749855935,4.073865494393341,-1
857,2018-04-26,5.367189201805556,-3.4012238987251275,10.265823179955067,5.367189201805556,5.367189201805556,-1.5760820966460116,-1.5760820966460116,-1.5760820966460116,0.03864826539193447,0.03864826539193447,0.03864826539193447,-1.614730362037946,-1.614730362037946,-1.614730362037946,0.0,0.0,0.0,3.7911071051595444,3.9993413853236506,-1
858,2018-04-27,5.366692102739153,-3.1130155753090634,10.420000717971643,5.366692102739153,5.366692102739153,-1.6281484685192456,-1.6281484685192456,-1.6281484685192456,0.003928796736645703,0.003928796736645703,0.003928796736645703,-1.6320772652558915,-1.6320772652558915,-1.6320772652558915,0.0,0.0,0.0,3.738543634219907,3.932286048470872,-1
859,2018-04-30,5.365200805539939,-2.848091762867847,10.783479526579699,5.365200805539939,5.365200805539939,-1.609572625410551,-1.609572625410551,-1.609572625410551,0.06302283964529017,0.06302283964529017,0.06302283964529017,-1.6725954650558414,-1.6725954650558414,-1.6725954650558414,0.0,0.0,0.0,3.7556281801293885,3.8851982969292194,-1
860,2018-05-01,5.364703706473535,-3.0934537894674987,10.722934785136061,5.364703706473535,5.364703706473535,-1.638684804944948,-1.638684804944948,-1.638684804944948,0.044313532660125304,0.044313532660125304,0.044313532660125304,-1.6829983376050734,-1.6829983376050734,-1.6829983376050734,0.0,0.0,0.0,3.726018901528587,3.8437630823749402,-1
861,2018-05-02,5.36420660740713,-3.469554103446734,10.240578678378666,5.36420660740713,5.36420660740713,-1.7252005125578258,-1.7252005125578258,-1.7252005125578258,-0.033337252191327695,-0.033337252191327695,-0.033337252191327695,-1.6918632603664978,-1.6918632603664978,-1.6918632603664978,0.0,0.0,0.0,3.6390060948493046,3.807461083076312,-1
862,2018-05-03,5.363709508340727,-3.310926482758662,11.075434368343531,5.363709508340727,5.363709508340727,-1.6603151185270792,-1.6603151185270792,-1.6603151185270792,0.03864826539198783,0.03864826539198783,0.03864826539198783,-1.698963383919067,-1.698963383919067,-1.698963383919067,0.0,0.0,0.0,3.7033943898136474,3.775809469448697,-1
863,2018-05-04,5.363212409274323,-2.8913914604838555,10.54295177501682,5.363212409274323,5.363212409274323,-1.6999819066125914,-1.6999819066125914,-1.6999819066125914,0.0039287967365932664,0.0039287967365932664,0.0039287967365932664,-1.7039107033491847,-1.7039107033491847,-1.7039107033491847,0.0,0.0,0.0,3.6632305026617313,3.7483917434016485,-1
864,2018-05-07,5.361721112075109,-2.6899373593233573,10.840099404804178,5.361721112075109,5.361721112075109,-1.63665070752484,-1.63665070752484,-1.63665070752484,0.06302283964518166,0.06302283964518166,0.06302283964518166,-1.6996735471700217,-1.6996735471700217,-1.6996735471700217,0.0,0.0,0.0,3.7250704045502694,3.7322295286079368,-1
865,2018-05-08,5.361224013008706,-3.347581357420358,10.662479786723353,5.361224013008706,5.361224013008706,-1.6448712933303669,-1.6448712933303669,-1.6448712933303669,0.04431353265997289,0.04431353265997289,0.04431353265997289,-1.6891848259903397,-1.6891848259903397,-1.6891848259903397,0.0,0.0,0.0,3.7163527196783392,3.7197902682446653,-1
866,2018-05-09,5.360726913942302,-3.1056782754830836,10.44666234693898,5.360726913942302,5.360726913942302,-1.7058794481036836,-1.7058794481036836,-1.7058794481036836,-0.033337252191261574,-0.033337252191261574,-0.033337252191261574,-1.6725421959124218,-1.6725421959124218,-1.6725421959124218,0.0,0.0,0.0,3.6548474658386185,3.7113199398429337,-1
867,2018-05-10,5.360229814875898,-3.1321219651515793,10.813411107459455,5.360229814875898,5.360229814875898,-1.6100307744178146,-1.6100307744178146,-1.6100307744178146,0.0386482653920412,0.0386482653920412,0.0386482653920412,-1.6486790398098559,-1.6486790398098559,-1.6486790398098559,0.0,0.0,0.0,3.7501990404580834,3.7072291333727874,1
868,2018-05-11,5.359732715809494,-3.144175263245447,10.752560145886962,5.359732715809494,5.359732715809494,-1.6125803054529364,-1.6125803054529364,-1.6125803054529364,0.003928796736840829,0.003928796736840829,0.003928796736840829,-1.6165091021897775,-1.6165091021897775,-1.6165091021897775,0.0,0.0,0.0,3.7471524103565574,3.708090010986453,1
869,2018-05-14,5.358241418610281,-2.649709047625538,10.755462881776301,5.358241418610281,5.358241418610281,-1.3967370180786631,-1.3967370180786631,-1.3967370180786631,0.06302283964519978,0.06302283964519978,0.06302283964519978,-1.4597598577238629,-1.4597598577238629,-1.4597598577238629,0.0,0.0,0.0,3.9615044005316182,3.7286776330266753,1
870,2018-05-15,5.357744319543877,-3.5495779408534944,10.478120552243658,5.357744319543877,5.357744319543877,-1.3400645006747858,-1.3400645006747858,-1.3400645006747858,0.04431353266005722,0.04431353266005722,0.04431353266005722,-1.3843780333348428,-1.3843780333348428,-1.3843780333348428,0.0,0.0,0.0,4.017679818869091,3.7578437247607264,1
871,2018-05-16,5.357247220477472,-3.0185344366318185,10.61933746783581,5.357247220477472,5.357247220477472,-1.3295746532255712,-1.3295746532255712,-1.3295746532255712,-0.03333725219128639,-0.03333725219128639,-0.03333725219128639,-1.2962374010342848,-1.2962374010342848,-1.2962374010342848,0.0,0.0,0.0,4.0276725672519005,3.796710372000986,1
872,2018-05-17,5.356750121411068,-2.933068542085457,10.998217159238383,5.356750121411068,5.356750121411068,-1.15624390339485,-1.15624390339485,-1.15624390339485,0.03864826539193065,0.03864826539193065,0.03864826539193065,-1.1948921687867808,-1.1948921687867808,-1.1948921687867808,0.0,0.0,0.0,4.200506218016217,3.846421554821243,1
873,2018-05-18,5.3562530223446645,-2.3118065444400395,10.908617752017157,5.3562530223446645,5.3562530223446645,-1.0761877007462295,-1.0761877007462295,-1.0761877007462295,0.003928796736788397,0.003928796736788397,0.003928796736788397,-1.0801164974830177,-1.0801164974830177,-1.0801164974830177,0.0,0.0,0.0,4.2800653215984354,3.9081050367149133,1
874,2018-05-21,5.354761725145451,-2.0335936756443327,11.972890354617656,5.354761725145451,5.354761725145451,-0.5936513824019887,-0.5936513824019887,-0.5936513824019887,0.06302283964521793,0.06302283964521793,0.06302283964521793,-0.6566742220472067,-0.6566742220472067,-0.6566742220472067,0.0,0.0,0.0,4.7611103427434625,4.011709030534233,1
875,2018-05-22,5.354264626079047,-1.7188262340681137,12.144692075488123,5.354264626079047,5.354264626079047,-0.446657172340806,-0.446657172340806,-0.446657172340806,0.04431353266007275,0.04431353266007275,0.04431353266007275,-0.4909707050008788,-0.4909707050008788,-0.4909707050008788,0.0,0.0,0.0,4.907607453738241,4.130834503940223,1
876,2018-05-23,5.353767527012644,-1.9106714795202087,12.120290803348952,5.353767527012644,5.353767527012644,-0.3479079034160752,-0.3479079034160752,-0.3479079034160752,-0.033337252191208935,-0.033337252191208935,-0.033337252191208935,-0.31457065122486627,-0.31457065122486627,-0.31457065122486627,0.0,0.0,0.0,5.005859623596568,4.265935719716017,1
877,2018-05-24,5.3532704279462395,-1.6448800087012312,12.511136105347713,5.3532704279462395,5.3532704279462395,-0.09016496596685049,-0.09016496596685049,-0.09016496596685049,0.03864826539202949,0.03864826539202949,0.03864826539202949,-0.12881323135887998,-0.12881323135887998,-0.12881323135887998,0.0,0.0,0.0,5.263105461979389,4.417226361868147,1
878,2018-05-25,5.352773328879835,-0.9683595456806823,12.026178502063015,5.352773328879835,5.352773328879835,0.06865385966623078,0.06865385966623078,0.06865385966623078,0.003928796736735965,0.003928796736735965,0.003928796736735965,0.06472506292949481,0.06472506292949481,0.06472506292949481,0.0,0.0,0.0,5.421427188546066,4.584653839687099,1
879,2018-05-29,5.350784932614219,-0.07601034326064958,13.167750298993393,5.350784932614219,5.350784932614219,0.922773687865772,0.922773687865772,0.922773687865772,0.044313532660038714,0.044313532660038714,0.044313532660038714,0.8784601552057332,0.8784601552057332,0.8784601552057332,0.0,0.0,0.0,6.2735586204799905,4.815859261681936,1
880,2018-05-30,5.350287833547814,-0.18952839174372033,12.389811621108006,5.350287833547814,5.350287833547814,1.0477437901866604,1.0477437901866604,1.0477437901866604,-0.033337252191142815,-0.033337252191142815,-0.033337252191142815,1.0810810423778032,1.0810810423778032,1.0810810423778032,0.0,0.0,0.0,6.398031623734474,5.053894442168475,1
881,2018-05-31,5.3497907344814095,-0.49382785228826626,13.355351502500191,5.3497907344814095,5.3497907344814095,1.3175274733579403,1.3175274733579403,1.3175274733579403,0.038648265392037355,0.038648265392037355,0.038648265392037355,1.2788792079659028,1.2788792079659028,1.2788792079659028,0.0,0.0,0.0,6.66731820783935,5.317859006227219,1
882,2018-06-01,5.349293635415005,0.03553108313043913,13.630335679056897,5.349293635415005,5.349293635415005,1.4735629539491761,1.4735629539491761,1.4735629539491761,0.003928796736683533,0.003928796736683533,0.003928796736683533,1.4696341572124925,1.4696341572124925,1.4696341572124925,0.0,0.0,0.0,6.822856589364181,5.580094043362015,1
883,2018-06-04,5.347802338215793,0.5853413642181251,14.448801204306841,5.347802338215793,5.347802338215793,2.042192870686517,2.042192870686517,2.042192870686517,0.06302283964500088,0.06302283964500088,0.06302283964500088,1.9791700310415163,1.9791700310415163,1.9791700310415163,0.0,0.0,0.0,7.3899952089023095,5.891087032092403,1
884,2018-06-05,5.347305239149389,0.7056597028089308,14.030777294953497,5.347305239149389,5.347305239149389,2.166503525998412,2.166503525998412,2.166503525998412,0.04431353266000467,0.04431353266000467,0.04431353266000467,2.122189993338407,2.122189993338407,2.122189993338407,0.0,0.0,0.0,7.5138087651478,6.166356874332837,1
885,2018-06-06,5.346808140082984,0.45368582477544483,14.011424216995573,5.346808140082984,5.346808140082984,2.216103160539823,2.216103160539823,2.216103160539823,-0.03333725219125856,-0.03333725219125856,-0.03333725219125856,2.2494404127310816,2.2494404127310816,2.2494404127310816,0.0,0.0,0.0,7.562911300622806,6.431887259021293,1
886,2018-06-07,5.343890061428408,0.7296499117633309,14.189259704160472,5.343890061428408,5.343890061428408,2.3985895913362185,2.3985895913362185,2.3985895913362185,0.03864826539189937,0.03864826539189937,0.03864826539189937,2.359941325944319,2.359941325944319,2.359941325944319,0.0,0.0,0.0,7.742479652764627,6.7055492619381,1
887,2018-06-08,5.340971982773834,1.7740611488328504,14.644130468315005,5.340971982773834,5.340971982773834,2.456967763745052,2.456967763745052,2.456967763745052,0.0039287967367721355,0.0039287967367721355,0.0039287967367721355,2.4530389670082804,2.4530389670082804,2.4530389670082804,0.0,0.0,0.0,7.797939746518885,6.95903269039205,1
888,2018-06-11,5.332217746810108,1.4635160005027457,14.885714293437868,5.332217746810108,5.332217746810108,2.6895675208880627,2.6895675208880627,2.6895675208880627,0.0630228396451414,0.0630228396451414,0.0630228396451414,2.6265446812429207,2.6265446812429207,2.6265446812429207,0.0,0.0,0.0,8.02178526769817,7.21906849830726,1
889,2018-06-12,5.329299668155534,1.6275572235953673,15.00644269811198,5.329299668155534,5.329299668155534,2.694710617411707,2.694710617411707,2.694710617411707,0.044313532659970636,0.044313532659970636,0.044313532659970636,2.650397084751736,2.650397084751736,2.650397084751736,0.0,0.0,0.0,8.024010285567241,7.394113664815984,1
890,2018-06-13,5.326381589500959,0.5910925713337843,15.034184048974948,5.326381589500959,5.326381589500959,2.625393275248766,2.625393275248766,2.625393275248766,-0.03333725219118112,-0.03333725219118112,-0.03333725219118112,2.658730527439947,2.658730527439947,2.658730527439947,0.0,0.0,0.0,7.951774864749725,7.54948798891751,1
891,2018-06-14,5.323463510846383,1.1667753118755013,14.649709648524391,5.323463510846383,5.323463510846383,2.6915311965518587,2.6915311965518587,2.6915311965518587,0.03864826539190724,0.03864826539190724,0.03864826539190724,2.6528829311599518,2.6528829311599518,2.6528829311599518,0.0,0.0,0.0,8.014994707398241,7.684255638873398,1
892,2018-06-15,5.320545432191809,1.2856665788090853,14.5618762975388,5.320545432191809,5.320545432191809,2.63837884055312,2.63837884055312,2.63837884055312,0.003928796736719706,0.003928796736719706,0.003928796736719706,2.6344500438164005,2.6344500438164005,2.6344500438164005,0.0,0.0,0.0,7.9589242727449285,7.797862407211473,1
893,2018-06-18,5.311791196228083,0.7596434222943932,14.03576646794148,5.311791196228083,5.311791196228083,2.5855707759552895,2.5855707759552895,2.5855707759552895,0.06302283964491052,0.06302283964491052,0.06302283964491052,2.5225479363103784,2.5225479363103784,2.5225479363103784,0.0,0.0,0.0,7.897361972183372,7.84859908353958,1
894,2018-06-19,5.308873117573508,1.0727575906750473,15.042750431375216,5.308873117573508,5.308873117573508,2.5176255669986647,2.5176255669986647,2.5176255669986647,0.044313532659986166,0.044313532659986166,0.044313532659986166,2.4733120343386785,2.4733120343386785,2.4733120343386785,0.0,0.0,0.0,7.826498684572173,7.879868075482017,-1
895,2018-06-20,5.305955038918934,0.6244049944368628,14.26517426134219,5.305955038918934,5.305955038918934,2.388359329287597,2.388359329287597,2.388359329287597,-0.033337252191205924,-0.033337252191205924,-0.033337252191205924,2.4216965814788027,2.4216965814788027,2.4216965814788027,0.0,0.0,0.0,7.6943143682065305,7.8930083822403905,-1
896,2018-06-21,5.3030369602643574,1.293097727717974,14.328952530970398,5.3030369602643574,5.3030369602643574,2.4084552096793073,2.4084552096793073,2.4084552096793073,0.038648265391960604,0.038648265391960604,0.038648265391960604,2.369806944287346,2.369806944287346,2.369806944287346,0.0,0.0,0.0,7.711492169943664,7.889909633958294,-1
897,2018-06-22,5.300118881609784,0.9095377359238079,14.239907522822449,5.300118881609784,5.300118881609784,2.323565890001468,2.323565890001468,2.323565890001468,0.003928796736658313,0.003928796736658313,0.003928796736658313,2.31963709326481,2.31963709326481,2.31963709326481,0.0,0.0,0.0,7.623684771611252,7.87248413646753,-1
898,2018-06-25,5.291364645646058,1.0538918708893654,14.361040594972039,5.291364645646058,5.291364645646058,2.259636541931367,2.259636541931367,2.259636541931367,0.06302283964505101,0.06302283964505101,0.06302283964505101,2.196613702286316,2.196613702286316,2.196613702286316,0.0,0.0,0.0,7.551001187577425,7.825405728455455,-1
899,2018-06-26,5.2884465669914835,0.49063028017032295,14.447075073177054,5.2884465669914835,5.2884465669914835,2.213559316745958,2.213559316745958,2.213559316745958,0.04431353265995212,0.04431353265995212,0.04431353265995212,2.1692457840860055,2.1692457840860055,2.1692457840860055,0.0,0.0,0.0,7.502005883737441,7.773205288272476,-1
900,2018-06-27,5.285528488336908,0.5766262471917177,14.306133934066064,5.285528488336908,5.285528488336908,2.1168477787842264,2.1168477787842264,2.1168477787842264,-0.03333725219123075,-0.03333725219123075,-0.03333725219123075,2.150185030975457,2.150185030975457,2.150185030975457,0.0,0.0,0.0,7.402376267121134,7.718265428509616,-1
901,2018-06-28,5.2826104096823325,1.0015880821594927,14.293971192525518,5.2826104096823325,5.2826104096823325,2.1784658227733145,2.1784658227733145,2.1784658227733145,0.03864826539201396,0.03864826539201396,0.03864826539201396,2.1398175573813005,2.1398175573813005,2.1398175573813005,0.0,0.0,0.0,7.461076232455647,7.662873581015357,-1
902,2018-06-29,5.279692331027758,1.1392136302133269,14.487996157084053,5.279692331027758,5.279692331027758,2.142100880844784,2.142100880844784,2.142100880844784,0.003928796736764848,0.003928796736764848,0.003928796736764848,2.1381720841080187,2.1381720841080187,2.1381720841080187,0.0,0.0,0.0,7.421793211872542,7.609160474928119,-1
903,2018-07-02,5.270938095064033,0.3449865633279005,14.309730375060292,5.270938095064033,5.270938095064033,2.243560071711033,2.243560071711033,2.243560071711033,0.06302283964506916,0.06302283964506916,0.06302283964506916,2.1805372320659635,2.1805372320659635,2.1805372320659635,0.0,0.0,0.0,7.514498166775066,7.570874094387287,-1
904,2018-07-03,5.268020016409458,0.7575492397772693,14.306649438460857,5.268020016409458,5.268020016409458,2.2513969448814892,2.2513969448814892,2.2513969448814892,0.04431353265979972,0.04431353265979972,0.04431353265979972,2.2070834122216896,2.2070834122216896,2.2070834122216896,0.0,0.0,0.0,7.519416961290947,7.540165922059165,-1
905,2018-07-05,5.262183859100308,1.0030294663954313,14.801121798827635,5.262183859100308,5.262183859100308,2.3084372643120243,2.3084372643120243,2.3084372643120243,0.038648265391948905,0.038648265391948905,0.038648265391948905,2.2697889989200752,2.2697889989200752,2.2697889989200752,0.0,0.0,0.0,7.570621123412332,7.527796597579744,1
906,2018-07-06,5.259265780445732,0.34294283632210953,14.55589310493526,5.259265780445732,5.259265780445732,2.306101213966258,2.306101213966258,2.306101213966258,0.003928796736703455,0.003928796736703455,0.003928796736703455,2.302172417229554,2.302172417229554,2.302172417229554,0.0,0.0,0.0,7.56536699441199,7.513184080026576,1
907,2018-07-09,5.250511544482008,1.4105267061945121,14.325254587557046,5.250511544482008,5.250511544482008,2.441457435695588,2.441457435695588,2.441457435695588,0.0630228396450873,0.0630228396450873,0.0630228396450873,2.3784345960505004,2.3784345960505004,2.3784345960505004,0.0,0.0,0.0,7.691968980177596,7.520012500883212,1
908,2018-07-10,5.247593465827432,1.3408932549637176,14.784652969492495,5.247593465827432,5.247593465827432,2.434175978315266,2.434175978315266,2.434175978315266,0.04431353266005198,0.04431353266005198,0.04431353266005198,2.389862445655214,2.389862445655214,2.389862445655214,0.0,0.0,0.0,7.681769444142698,7.5330893265397405,1
909,2018-07-11,5.244675387172857,1.1407813215281761,14.42854975719994,5.244675387172857,5.244675387172857,2.3576590909540767,2.3576590909540767,2.3576590909540767,-0.033337252191257716,-0.033337252191257716,-0.033337252191257716,2.3909963431453343,2.3909963431453343,2.3909963431453343,0.0,0.0,0.0,7.602334478126934,7.543122185978689,1
910,2018-07-12,5.241757308518283,1.3406437333383179,14.32980598875229,5.241757308518283,5.241757308518283,2.418766116217904,2.418766116217904,2.418766116217904,0.03864826539195676,0.03864826539195676,0.03864826539195676,2.3801178508259473,2.3801178508259473,2.3801178508259473,0.0,0.0,0.0,7.660523424736187,7.568936901740194,1
911,2018-07-13,5.238839229863706,0.7846444112353087,14.373543347362634,5.238839229863706,5.238839229863706,2.3596905561235224,2.3596905561235224,2.3596905561235224,0.003928796736651025,0.003928796736651025,0.003928796736651025,2.3557617593868714,2.3557617593868714,2.3557617593868714,0.0,0.0,0.0,7.598529785987228,7.582682257093351,1
912,2018-07-16,5.2300849938999825,0.6719590365960662,14.522775200091674,5.2300849938999825,5.2300849938999825,2.254986266689004,2.254986266689004,2.254986266689004,0.06302283964497879,0.06302283964497879,0.06302283964497879,2.1919634270440254,2.1919634270440254,2.1919634270440254,0.0,0.0,0.0,7.485071260588986,7.589010061964996,-1
913,2018-07-17,5.227166915245407,0.6417731434929026,13.844209912348376,5.227166915245407,5.227166915245407,2.149996034173701,2.149996034173701,2.149996034173701,0.04431353265989956,0.04431353265989956,0.04431353265989956,2.105682501513802,2.105682501513802,2.105682501513802,0.0,0.0,0.0,7.377162949419108,7.5752765402294004,-1
914,2018-07-18,5.2242488365908315,0.41655506494887906,13.981806602237322,5.2242488365908315,5.2242488365908315,1.9705124089047659,1.9705124089047659,1.9705124089047659,-0.03333725219128253,-0.03333725219128253,-0.03333725219128253,2.0038496610960483,2.0038496610960483,2.0038496610960483,0.0,0.0,0.0,7.194761245495597,7.542810968649865,-1
915,2018-07-19,5.221330757936258,0.5627279350587842,14.00153396198273,5.221330757936258,5.221330757936258,1.9259116537976801,1.9259116537976801,1.9259116537976801,0.03864826539196464,0.03864826539196464,0.03864826539196464,1.8872633884057155,1.8872633884057155,1.8872633884057155,0.0,0.0,0.0,7.147242411733938,7.500473097482026,-1
916,2018-07-20,5.218412679281681,0.41831184746708217,13.77546133295488,5.218412679281681,5.218412679281681,1.761060845384328,1.761060845384328,1.761060845384328,0.003928796736598594,0.003928796736598594,0.003928796736598594,1.7571320486477295,1.7571320486477295,1.7571320486477295,0.0,0.0,0.0,6.979473524666009,7.441883750507429,-1
917,2018-07-23,5.209658443317956,-0.3168824984777228,13.49641907281292,5.209658443317956,5.209658443317956,1.366233691722097,1.366233691722097,1.366233691722097,0.06302283964511929,0.06302283964511929,0.06302283964511929,1.3032108520769774,1.3032108520769774,1.3032108520769774,0.0,0.0,0.0,6.5758921350400525,7.330276065993674,-1
918,2018-07-24,5.206740364663382,-0.5969536551179321,13.280972264010726,5.206740364663382,5.206740364663382,1.182583404809463,1.182583404809463,1.182583404809463,0.044313532659865526,0.044313532659865526,0.044313532659865526,1.1382698721495974,1.1382698721495974,1.1382698721495974,0.0,0.0,0.0,6.3893237694728455,7.201031498526689,-1
919,2018-07-25,5.203822286008807,-0.9579529641094496,12.92848105423594,5.203822286008807,5.203822286008807,0.9375867522926885,0.9375867522926885,0.9375867522926885,-0.03333725219121641,-0.03333725219121641,-0.03333725219121641,0.9709240044839049,0.9709240044839049,0.9709240044839049,0.0,0.0,0.0,6.141409038301495,7.054938954544144,-1
920,2018-07-26,5.200904207354232,-1.0181137722569615,12.855362296195091,5.200904207354232,5.200904207354232,0.8427283561222648,0.8427283561222648,0.8427283561222648,0.03864826539189957,0.03864826539189957,0.03864826539189957,0.8040800907303652,0.8040800907303652,0.8040800907303652,0.0,0.0,0.0,6.043632563476497,6.8932498684181756,-1
921,2018-07-27,5.1979861286996565,-1.0405033984261118,12.721520044913177,5.1979861286996565,5.1979861286996565,0.6446525058647995,0.6446525058647995,0.6446525058647995,0.003928796736696157,0.003928796736696157,0.003928796736696157,0.6407237091281033,0.6407237091281033,0.6407237091281033,0.0,0.0,0.0,5.842638634564456,6.717660753275898,-1
922,2018-07-30,5.189231892735931,-1.1942187159692301,12.459241464933244,5.189231892735931,5.189231892735931,0.2641119953926538,0.2641119953926538,0.2641119953926538,0.06302283964525979,0.06302283964525979,0.06302283964525979,0.201089155747394,0.201089155747394,0.201089155747394,0.0,0.0,0.0,5.453343888128584,6.514488016029858,-1
923,2018-07-31,5.186313814081356,-1.5928895628834014,11.611571055030666,5.186313814081356,5.186313814081356,0.1248780865347096,0.1248780865347096,0.1248780865347096,0.044313532659831484,0.044313532659831484,0.044313532659831484,0.0805645538748781,0.0805645538748781,0.0805645538748781,0.0,0.0,0.0,5.311191900616066,6.307890911149554,-1
924,2018-08-01,5.183395735426782,-1.6609837552038285,12.354565977752639,5.183395735426782,5.183395735426782,-0.0562431343801243,-0.0562431343801243,-0.0562431343801243,-0.033337252191320825,-0.033337252191320825,-0.033337252191320825,-0.022905882188803475,-0.022905882188803475,-0.022905882188803475,0.0,0.0,0.0,5.1271526010466575,6.10113004670466,-1
925,2018-08-02,5.180477656772205,-1.5159306493522815,11.847430764682935,5.180477656772205,5.180477656772205,-0.06871911448763601,-0.06871911448763601,-0.06871911448763601,0.038648265391952936,0.038648265391952936,0.038648265391952936,-0.10736737987958894,-0.10736737987958894,-0.10736737987958894,0.0,0.0,0.0,5.111758542284569,5.897581659759723,-1
926,2018-08-03,5.177559578117632,-2.1582030672742847,11.35909442940342,5.177559578117632,5.177559578117632,-0.1673287439567322,-0.1673287439567322,-0.1673287439567322,0.003928796736634767,0.003928796736634767,0.003928796736634767,-0.17125754069336696,-0.17125754069336696,-0.17125754069336696,0.0,0.0,0.0,5.010230834160899,5.700657390709212,-1
927,2018-08-06,5.168805342153906,-1.9184573772727882,11.872157874341543,5.168805342153906,5.168805342153906,-0.16759542811896525,-0.16759542811896525,-0.16759542811896525,0.06302283964515126,0.06302283964515126,0.06302283964515126,-0.2306182677641165,-0.2306182677641165,-0.2306182677641165,0.0,0.0,0.0,5.00120991403494,5.5431891686087,-1
928,2018-08-07,5.165887263499331,-1.966810637334247,11.718729536764611,5.165887263499331,5.165887263499331,-0.16146077331921918,-0.16146077331921918,-0.16146077331921918,0.04431353266013331,0.04431353266013331,0.04431353266013331,-0.20577430597935253,-0.20577430597935253,-0.20577430597935253,0.0,0.0,0.0,5.004426490180112,5.404699440679428,-1
929,2018-08-08,5.162969184844757,-2.391610320656947,12.197847516895678,5.162969184844757,5.162969184844757,-0.19294313785464035,-0.19294313785464035,-0.19294313785464035,-0.03333725219125471,-0.03333725219125471,-0.03333725219125471,-0.15960588566338565,-0.15960588566338565,-0.15960588566338565,0.0,0.0,0.0,4.9700260469901165,5.28756114154829,-1
930,2018-08-09,5.160051106190181,-1.359914917641652,12.035453868054148,5.160051106190181,5.160051106190181,-0.05480115016243709,-0.05480115016243709,-0.05480115016243709,0.0386482653920063,0.0386482653920063,0.0386482653920063,-0.09344941555444339,-0.09344941555444339,-0.09344941555444339,0.0,0.0,0.0,5.105249956027744,5.193722880803415,-1
931,2018-08-10,5.157133027535607,-1.6021194912582788,11.723830405720015,5.157133027535607,5.157133027535607,-0.005177019857988717,-0.005177019857988717,-0.005177019857988717,0.003928796736573368,0.003928796736573368,0.003928796736573368,-0.009105816594562085,-0.009105816594562085,-0.009105816594562085,0.0,0.0,0.0,5.151956007677618,5.1246546181147306,1
932,2018-08-13,5.148378791571881,-0.9639494703598133,12.514930424628279,5.148378791571881,5.148378791571881,0.3919435350435191,0.3919435350435191,0.3919435350435191,0.06302283964516942,0.06302283964516942,0.06302283964516942,0.32892069539834967,0.32892069539834967,0.32892069539834967,0.0,0.0,0.0,5.5403223266154,5.133352461963412,1
933,2018-08-14,5.145460712917306,-1.603438873714298,12.777359972367396,5.145460712917306,5.145460712917306,0.504536486989083,0.504536486989083,0.504536486989083,0.044313532660099283,0.044313532660099283,0.044313532660099283,0.46022295432898386,0.46022295432898386,0.46022295432898386,0.0,0.0,0.0,5.649997199906388,5.167232991892444,1
934,2018-08-15,5.14254263426273,-1.2622244091833368,12.675177394034439,5.14254263426273,5.14254263426273,0.5620444503099318,0.5620444503099318,0.5620444503099318,-0.03333725219127952,-0.03333725219127952,-0.03333725219127952,0.5953817025012114,0.5953817025012114,0.5953817025012114,0.0,0.0,0.0,5.704587084572662,5.224976440245046,1
935,2018-08-16,5.1396245556081555,-0.818408218588118,12.976259639738956,5.1396245556081555,5.1396245556081555,0.7695624238273913,0.7695624238273913,0.7695624238273913,0.038648265392014165,0.038648265392014165,0.038648265392014165,0.7309141584353771,0.7309141584353771,0.7309141584353771,0.0,0.0,0.0,5.909186979435547,5.304719283960143,1
936,2018-08-17,5.136706476953582,-1.0402548559028146,12.703261125093965,5.136706476953582,5.136706476953582,0.8672374156704102,0.8672374156704102,0.8672374156704102,0.003928796736670932,0.003928796736670932,0.003928796736670932,0.8633086189337393,0.8633086189337393,0.8633086189337393,0.0,0.0,0.0,6.003943892623992,5.404090589806453,1
937,2018-08-20,5.127952240989856,-0.3266405520874045,12.612511135534861,5.127952240989856,5.127952240989856,1.270824829764375,1.270824829764375,1.270824829764375,0.06302283964518755,0.06302283964518755,0.06302283964518755,1.2078019901191877,1.2078019901191877,1.2078019901191877,0.0,0.0,0.0,6.398777070754231,5.543847305478382,1
938,2018-08-21,5.125034162335281,-0.9374575726759568,13.268544940137938,5.125034162335281,5.125034162335281,1.3390581220461337,1.3390581220461337,1.3390581220461337,0.04431353266006524,0.04431353266006524,0.04431353266006524,1.2947445893860687,1.2947445893860687,1.2947445893860687,0.0,0.0,0.0,6.464092284381414,5.689813884898511,1
939,2018-08-22,5.122116083680706,-0.2728075712427175,13.094256277230501,5.122116083680706,5.122116083680706,1.3299751381074156,1.3299751381074156,1.3299751381074156,-0.03333725219120207,-0.03333725219120207,-0.03333725219120207,1.363312390298618,1.363312390298618,1.363312390298618,0.0,0.0,0.0,6.4520912217881214,5.838020402378312,1
940,2018-08-23,5.1191980050261305,-0.8545744732367367,13.600296357481342,5.1191980050261305,5.1191980050261305,1.4500662786430212,1.4500662786430212,1.4500662786430212,0.0386482653919946,0.0386482653919946,0.0386482653919946,1.4114180132510266,1.4114180132510266,1.4114180132510266,0.0,0.0,0.0,6.569264283669152,5.984421835142452,1
941,2018-08-24,5.116279926371556,-0.3898655632909082,13.744626090757544,5.116279926371556,5.116279926371556,1.4413550116538854,1.4413550116538854,1.4413550116538854,0.003928796736786429,0.003928796736786429,0.003928796736786429,1.4374262149170989,1.4374262149170989,1.4374262149170989,0.0,0.0,0.0,6.5576349380254415,6.124989728177235,1
942,2018-08-27,5.10752569040783,0.20259132062701093,13.284675127201213,5.10752569040783,5.10752569040783,1.4370191525000622,1.4370191525000622,1.4370191525000622,0.06302283964532805,0.06302283964532805,0.06302283964532805,1.373996312854734,1.373996312854734,1.373996312854734,0.0,0.0,0.0,6.544544842907893,6.225411979806484,1
943,2018-08-28,5.104607611753255,-0.2812845904961892,13.35517995386667,5.104607611753255,5.104607611753255,1.3496748288115865,1.3496748288115865,1.3496748288115865,0.04431353266008077,0.04431353266008077,0.04431353266008077,1.3053612961515058,1.3053612961515058,1.3053612961515058,0.0,0.0,0.0,6.454282440564842,6.3058405038723295,1
944,2018-08-29,5.10168953309868,-0.16506748097342036,13.479162780547348,5.10168953309868,5.10168953309868,1.1807846298814795,1.1807846298814795,1.1807846298814795,-0.033337252191226886,-0.033337252191226886,-0.033337252191226886,1.2141218820727064,1.2141218820727064,1.2141218820727064,0.0,0.0,0.0,6.28247416298016,6.3636292117130795,-1
945,2018-08-30,5.098771454444106,-1.266867734889305,13.086998897757702,5.098771454444106,5.098771454444106,1.1403655414740121,1.1403655414740121,1.1403655414740121,0.03864826539200246,0.03864826539200246,0.03864826539200246,1.1017172760820098,1.1017172760820098,1.1017172760820098,0.0,0.0,0.0,6.239136995918118,6.396624213361337,-1
946,2018-08-31,5.095853375789529,-0.430788677010118,12.913586612793459,5.095853375789529,5.095853375789529,0.9739745126363685,0.9739745126363685,0.9739745126363685,0.003928796736725034,0.003928796736725034,0.003928796736725034,0.9700457158996434,0.9700457158996434,0.9700457158996434,0.0,0.0,0.0,6.069827888425897,6.403212612941526,-1
947,2018-09-04,5.08418106117123,-1.5936512660814155,12.306927022717943,5.08418106117123,5.08418106117123,0.3462169580103119,0.3462169580103119,0.3462169580103119,0.0443135326601651,0.0443135326601651,0.0443135326601651,0.30190342535014675,0.30190342535014675,0.30190342535014675,0.0,0.0,0.0,5.430398019181542,6.306374707784258,-1
948,2018-09-05,5.081262982516655,-1.0944414833067257,11.9447967505396,5.081262982516655,5.081262982516655,0.08140621642805976,0.08140621642805976,0.08140621642805976,-0.03333725219125171,-0.03333725219125171,-0.03333725219125171,0.11474346861931145,0.11474346861931145,0.11474346861931145,0.0,0.0,0.0,5.162669198944715,6.176232399240588,-1
949,2018-09-06,5.078344903862081,-1.8622429733506067,11.53470207199571,5.078344903862081,5.078344903862081,-0.03514747239195342,-0.03514747239195342,-0.03514747239195342,0.038648265392055826,0.038648265392055826,0.038648265392055826,-0.07379573778400925,-0.07379573778400925,-0.07379573778400925,0.0,0.0,0.0,5.043197431470127,6.0353430202087885,-1
950,2018-09-07,5.075426825207504,-1.8674168984524788,11.442288605485263,5.075426825207504,5.075426825207504,-0.2563767992189023,-0.2563767992189023,-0.2563767992189023,0.003928796736813634,0.003928796736813634,0.003928796736813634,-0.26030559595571595,-0.26030559595571595,-0.26030559595571595,0.0,0.0,0.0,4.819050025988602,5.860321594440734,-1
951,2018-09-10,5.066672589243779,-2.7657363293239445,11.390197941601176,5.066672589243779,5.066672589243779,-0.7122208997405105,-0.7122208997405105,-0.7122208997405105,0.06302283964511102,0.06302283964511102,0.06302283964511102,-0.7752437393856215,-0.7752437393856215,-0.7752437393856215,0.0,0.0,0.0,4.354451689503268,5.640003269588516,-1
952,2018-09-11,5.063754510589205,-2.134517396294366,10.813369310940775,5.063754510589205,5.063754510589205,-0.8779613327322066,-0.8779613327322066,-0.8779613327322066,0.04431353266001269,0.04431353266001269,0.04431353266001269,-0.9222748653922193,-0.9222748653922193,-0.9222748653922193,0.0,0.0,0.0,4.185793177856999,5.404128103083427,-1
953,2018-09-12,5.0608364319346295,-2.985770518485909,10.793143095834004,5.0608364319346295,5.0608364319346295,-1.0862076965048313,-1.0862076965048313,-1.0862076965048313,-0.03333725219127652,-0.03333725219127652,-0.03333725219127652,-1.0528704443135546,-1.0528704443135546,-1.0528704443135546,0.0,0.0,0.0,3.974628735429798,5.156162732569923,-1
954,2018-09-13,5.057918353280055,-2.844727438827215,11.201010406601421,5.057918353280055,5.057918353280055,-1.1264639650597204,-1.1264639650597204,-1.1264639650597204,0.03864826539194527,0.03864826539194527,0.03864826539194527,-1.1651122304516657,-1.1651122304516657,-1.1651122304516657,0.0,0.0,0.0,3.9314543882203346,4.92106075509394,-1
955,2018-09-14,5.055000274625479,-2.3674712729138414,10.555285045967906,5.055000274625479,5.055000274625479,-1.2535813304920345,-1.2535813304920345,-1.2535813304920345,0.00392879673676121,0.00392879673676121,0.00392879673676121,-1.2575101272287956,-1.2575101272287956,-1.2575101272287956,0.0,0.0,0.0,3.801418944133445,4.677288949915473,-1
956,2018-09-17,5.046246038661754,-3.261261974963844,10.862983793733846,5.046246038661754,5.046246038661754,-1.3445980372222293,-1.3445980372222293,-1.3445980372222293,0.0630228396450068,0.0630228396450068,0.0630228396450068,-1.407620876867236,-1.407620876867236,-1.407620876867236,0.0,0.0,0.0,3.7016480014395245,4.440470961216835,-1
957,2018-09-18,5.04332796000718,-3.315072353557197,10.782971359173013,5.04332796000718,5.04332796000718,-1.3706502802101055,-1.3706502802101055,-1.3706502802101055,0.0443135326600282,0.0443135326600282,0.0443135326600282,-1.4149638128701338,-1.4149638128701338,-1.4149638128701338,0.0,0.0,0.0,3.672677679797075,4.264698927278389,-1
958,2018-09-19,5.040409881352605,-2.867530636972942,10.392548792394013,5.040409881352605,5.040409881352605,-1.4352706224632055,-1.4352706224632055,-1.4352706224632055,-0.03333725219119907,-0.03333725219119907,-0.03333725219119907,-1.4019333702720065,-1.4019333702720065,-1.4019333702720065,0.0,0.0,0.0,3.605139258889399,4.1089459332728575,-1
959,2018-09-20,5.037491802698029,-2.913801584308554,10.069687274264663,5.037491802698029,5.037491802698029,-1.3311009643348106,-1.3311009643348106,-1.3311009643348106,0.0386482653919257,0.0386482653919257,0.0386482653919257,-1.3697492297267364,-1.3697492297267364,-1.3697492297267364,0.0,0.0,0.0,3.7063908383632187,3.9752652739621666,-1
960,2018-09-21,5.0345737240434545,-2.658410151061204,10.30452602641178,5.0345737240434545,5.0345737240434545,-1.3160749242975978,-1.3160749242975978,-1.3160749242975978,0.00392879673669981,0.00392879673669981,0.00392879673669981,-1.3200037210342976,-1.3200037210342976,-1.3200037210342976,0.0,0.0,0.0,3.7184987997458565,3.865210151337892,-1
961,2018-09-24,5.025819488079729,-2.706342089215705,10.790536741221002,5.025819488079729,5.025819488079729,-1.0228329255258064,-1.0228329255258064,-1.0228329255258064,0.06302283964502065,0.06302283964502065,0.06302283964502065,-1.085855765170827,-1.085855765170827,-1.085855765170827,0.0,0.0,0.0,4.0029865625539225,3.830063638642957,1
962,2018-09-25,5.022901409425154,-2.761927264552941,11.193280185665314,5.022901409425154,5.022901409425154,-0.9431095455900218,-0.9431095455900218,-0.9431095455900218,0.04431353265999418,0.04431353265999418,0.04431353265999418,-0.987423078250016,-0.987423078250016,-0.987423078250016,0.0,0.0,0.0,4.0797918638351325,3.8194635072407706,1
963,2018-09-26,5.01998333077058,-2.7057805348063244,10.191792086940225,5.01998333077058,5.01998333077058,-0.9164227872731618,-0.9164227872731618,-0.9164227872731618,-0.033337252191314816,-0.033337252191314816,-0.033337252191314816,-0.883085535081847,-0.883085535081847,-0.883085535081847,0.0,0.0,0.0,4.103560543497418,3.8323566880475326,1
964,2018-09-27,5.017065252116003,-2.858653201634917,11.093987691897759,5.017065252116003,5.017065252116003,-0.7368228799773534,-0.7368228799773534,-0.7368228799773534,0.038648265391979054,0.038648265391979054,0.038648265391979054,-0.7754711453693325,-0.7754711453693325,-0.7754711453693325,0.0,0.0,0.0,4.28024237213865,3.867235486439364,1
965,2018-09-28,5.01414717346143,-2.2099659875378443,11.434368760563848,5.01414717346143,5.01414717346143,-0.6632234282466287,-0.6632234282466287,-0.6632234282466287,0.003928796736656346,0.003928796736656346,0.003928796736656346,-0.667152224983285,-0.667152224983285,-0.667152224983285,0.0,0.0,0.0,4.350923745214801,3.9221859665474996,1
966,2018-10-01,5.005392937497706,-1.9695664193054518,11.307892095545107,5.005392937497706,5.005392937497706,-0.2985372243841825,-0.2985372243841825,-0.2985372243841825,0.06302283964503878,0.06302283964503878,0.06302283964503878,-0.3615600640292213,-0.3615600640292213,-0.3615600640292213,0.0,0.0,0.0,4.706855713113523,4.0227067377149,1
967,2018-10-02,5.002474826148927,-2.2488953784779913,11.700569828732037,5.002474826148927,5.002474826148927,-0.22860728110567227,-0.22860728110567227,-0.22860728110567227,0.04431353265984176,0.04431353265984176,0.04431353265984176,-0.272920813765514,-0.272920813765514,-0.272920813765514,0.0,0.0,0.0,4.773867545043255,4.132825724239518,1
968,2018-10-03,4.999556714800149,-1.996112433160647,11.26503840210458,4.999556714800149,4.999556714800149,-0.2269093654079528,-0.2269093654079528,-0.2269093654079528,-0.0333372521912487,-0.0333372521912487,-0.0333372521912487,-0.19357211321670414,-0.19357211321670414,-0.19357211321670414,0.0,0.0,0.0,4.772647349392196,4.249576533289797,1
969,2018-10-04,4.9966386034513715,-1.5770175321288502,11.428074880356759,4.9966386034513715,4.9966386034513715,-0.08597551079905692,-0.08597551079905692,-0.08597551079905692,0.038648265391913995,0.038648265391913995,0.038648265391913995,-0.12462377619097091,-0.12462377619097091,-0.12462377619097091,0.0,0.0,0.0,4.910663092652315,4.370003758718707,1
970,2018-10-05,4.993720492102594,-2.00711251087117,11.842435755430941,4.993720492102594,4.993720492102594,-0.06289387837979994,-0.06289387837979994,-0.06289387837979994,0.003928796736744947,0.003928796736744947,0.003928796736744947,-0.06682267511654488,-0.06682267511654488,-0.06682267511654488,0.0,0.0,0.0,4.930826613722794,4.491236540116401,1
971,2018-10-08,4.98496615805626,-1.6091361491075482,11.812562404052745,4.98496615805626,4.98496615805626,0.10082684905783704,0.10082684905783704,0.10082684905783704,0.06302283964505694,0.06302283964505694,0.06302283964505694,0.037804009412780115,0.037804009412780115,0.037804009412780115,0.0,0.0,0.0,5.085793007114097,4.599517184572418,1
972,2018-10-09,4.982048046707482,-2.0590586239939,12.5739655885934,4.982048046707482,4.982048046707482,0.09524752142402662,0.09524752142402662,0.09524752142402662,0.04431353265992609,0.04431353265992609,0.04431353265992609,0.05093398876410052,0.05093398876410052,0.05093398876410052,0.0,0.0,0.0,5.077295568131508,4.699267555002056,1
973,2018-10-10,4.979129935358705,-1.2690443733672088,11.808042950949352,4.979129935358705,4.979129935358705,0.02128224782359887,0.02128224782359887,0.02128224782359887,-0.03333725219117124,-0.03333725219117124,-0.03333725219117124,0.05461950001477012,0.05461950001477012,0.05461950001477012,0.0,0.0,0.0,5.000412183182304,4.7889527189705445,1
974,2018-10-11,4.976211824009926,-2.257843273564763,11.835666089544947,4.976211824009926,4.976211824009926,0.08880482329578282,0.08880482329578282,0.08880482329578282,0.038648265391921864,0.038648265391921864,0.038648265391921864,0.050156557903860956,0.050156557903860956,0.050156557903860956,0.0,0.0,0.0,5.065016647305709,4.86743014648725,1
975,2018-10-12,4.973293712661148,-1.6765081420731942,12.099621537144865,4.973293712661148,4.973293712661148,0.043006407903147165,0.043006407903147165,0.043006407903147165,0.003928796736692523,0.003928796736692523,0.003928796736692523,0.03907761116645463,0.03907761116645463,0.03907761116645463,0.0,0.0,0.0,5.016300120564295,4.933967784022199,1
976,2018-10-15,4.9645393786148135,-1.1197717692714035,12.331376735515882,4.9645393786148135,4.9645393786148135,0.0470042185126703,0.0470042185126703,0.0470042185126703,0.06302283964494841,0.06302283964494841,0.06302283964494841,-0.016018621132278105,-0.016018621132278105,-0.016018621132278105,0.0,0.0,0.0,5.011543597127484,4.964436572423596,1
977,2018-10-16,4.961621267266035,-1.8753447864668167,12.098292359932213,4.961621267266035,4.961621267266035,0.009050048340252803,0.009050048340252803,0.009050048340252803,0.044313532659941625,0.044313532659941625,0.044313532659941625,-0.03526348431968882,-0.03526348431968882,-0.03526348431968882,0.0,0.0,0.0,4.970671315606288,4.984116949479899,-1
978,2018-10-17,4.958703155917258,-2.049679388228012,12.161466557081873,4.958703155917258,4.958703155917258,-0.08504595249669467,-0.08504595249669467,-0.08504595249669467,-0.03333725219127566,-0.03333725219127566,-0.03333725219127566,-0.051708700305419006,-0.051708700305419006,-0.051708700305419006,0.0,0.0,0.0,4.873657203420563,4.994217934882736,-1
979,2018-10-18,4.95578504456848,-1.7589537963465056,12.20908403057542,4.95578504456848,4.95578504456848,-0.024856680333376353,-0.024856680333376353,-0.024856680333376353,0.03864826539197523,0.03864826539197523,0.03864826539197523,-0.06350494572535158,-0.06350494572535158,-0.06350494572535158,0.0,0.0,0.0,4.930928364235104,4.996244462041014,-1
980,2018-10-19,4.952866933219702,-2.0325351603111406,11.344551038350115,4.952866933219702,4.952866933219702,-0.06501006114050994,-0.06501006114050994,-0.06501006114050994,0.003928796736640089,0.003928796736640089,0.003928796736640089,-0.06893885787715004,-0.06893885787715004,-0.06893885787715004,0.0,0.0,0.0,4.887856872079192,4.991947487876654,-1
981,2018-10-22,4.944112599173368,-1.5720054709417257,11.151486256473087,4.944112599173368,4.944112599173368,0.030101838244608384,0.030101838244608384,0.030101838244608384,0.06302283964508892,0.06302283964508892,0.06302283964508892,-0.03292100140048053,-0.03292100140048053,-0.03292100140048053,0.0,0.0,0.0,4.974214437417976,4.980789630907043,-1
982,2018-10-23,4.941194487824591,-2.200918417542533,11.58776534581988,4.941194487824591,4.941194487824591,0.044296646224466114,0.044296646224466114,0.044296646224466114,0.044313532659907576,0.044313532659907576,0.044313532659907576,-1.6886435441465682e-05,-1.6886435441465682e-05,-1.6886435441465682e-05,0.0,0.0,0.0,4.985491134049057,4.971609187498798,1
983,2018-10-24,4.938276376475812,-1.415076470306876,11.977409994125242,4.938276376475812,4.938276376475812,0.011001967890766804,0.011001967890766804,0.011001967890766804,-0.033337252191209546,-0.033337252191209546,-0.033337252191209546,0.04433922008197635,0.04433922008197635,0.04433922008197635,0.0,0.0,0.0,4.949278344366579,4.966495803617224,-1
984,2018-10-25,4.935358265127034,-2.205358201535585,12.143176482538216,4.935358265127034,4.935358265127034,0.13892462291753863,0.13892462291753863,0.13892462291753863,0.0386482653919831,0.0386482653919831,0.0386482653919831,0.10027635752555554,0.10027635752555554,0.10027635752555554,0.0,0.0,0.0,5.074282888044572,4.967422427691111,1
985,2018-10-26,4.9324401537782565,-1.905479898159004,12.278739836967818,4.9324401537782565,4.9324401537782565,0.17152784047656733,0.17152784047656733,0.17152784047656733,0.003928796736737661,0.003928796736737661,0.003928796736737661,0.1675990437398297,0.1675990437398297,0.1675990437398297,0.0,0.0,0.0,5.103967994254824,4.976189215060164,1
986,2018-10-29,4.923685819731923,-1.6117077523851262,12.101071493744008,4.923685819731923,4.923685819731923,0.49422629637818416,0.49422629637818416,0.49422629637818416,0.06302283964510706,0.06302283964510706,0.06302283964510706,0.4312034567330771,0.4312034567330771,0.4312034567330771,0.0,0.0,0.0,5.417912116110108,5.016826066958426,1
987,2018-10-30,4.920767708383144,-1.6140582790106417,12.485007810548247,4.920767708383144,4.920767708383144,0.5802514001856457,0.5802514001856457,0.5802514001856457,0.04431353265987354,0.04431353265987354,0.04431353265987354,0.5359378675257722,0.5359378675257722,0.5359378675257722,0.0,0.0,0.0,5.50101910856879,5.069860846254676,1
988,2018-10-31,4.917849597034366,-1.1062328541908895,12.552372573441474,4.917849597034366,4.917849597034366,0.6132945045100878,0.6132945045100878,0.6132945045100878,-0.03333725219131396,-0.03333725219131396,-0.03333725219131396,0.6466317567014018,0.6466317567014018,0.6466317567014018,0.0,0.0,0.0,5.531144101544454,5.135609536067066,1
989,2018-11-01,4.914931485685589,-0.7785628270620047,12.477658690884445,4.914931485685589,4.914931485685589,0.8001409920767992,0.8001409920767992,0.8001409920767992,0.038648265391963525,0.038648265391963525,0.038648265391963525,0.7614927266848357,0.7614927266848357,0.7614927266848357,0.0,0.0,0.0,5.715072477762388,5.214023947419794,1
990,2018-11-02,4.91201337433681,-1.169476705404419,13.041383325857879,4.91201337433681,4.91201337433681,0.8825086518457894,0.8825086518457894,0.8825086518457894,0.0039287967366762626,0.0039287967366762626,0.0039287967366762626,0.8785798551091133,0.8785798551091133,0.8785798551091133,0.0,0.0,0.0,5.7945220261826,5.304690462830135,1
991,2018-11-05,4.903259040290477,-0.5604152876287207,12.909428208190171,4.903259040290477,4.903259040290477,1.285542560063158,1.285542560063158,1.285542560063158,0.06302283964524756,0.06302283964524756,0.06302283964524756,1.2225197204179106,1.2225197204179106,1.2225197204179106,0.0,0.0,0.0,6.188801600353635,5.4261491791237,1
992,2018-11-06,4.9003409289416995,-0.5239496184035641,13.275334423230323,4.9003409289416995,4.9003409289416995,1.3720537291185113,1.3720537291185113,1.3720537291185113,0.04431353266000744,0.04431353266000744,0.04431353266000744,1.3277401964585038,1.3277401964585038,1.3277401964585038,0.0,0.0,0.0,6.272394658060211,5.554839531524816,1
993,2018-11-07,4.897422817592921,-0.38248357623946216,13.20170193104249,4.897422817592921,4.897422817592921,1.3915345727779538,1.3915345727779538,1.3915345727779538,-0.03333725219124785,-0.03333725219124785,-0.03333725219124785,1.4248718249692016,1.4248718249692016,1.4248718249692016,0.0,0.0,0.0,6.288957390370875,5.688807436125246,1
994,2018-11-08,4.894504706244143,-0.6038063834128702,13.282879747817658,4.894504706244143,4.894504706244143,1.5507006495222972,1.5507006495222972,1.5507006495222972,0.03864826539197139,0.03864826539197139,0.03864826539197139,1.5120523841303257,1.5120523841303257,1.5120523841303257,0.0,0.0,0.0,6.44520535576644,5.8258996828974325,1
995,2018-11-09,4.891586594895365,-0.3750831541283849,12.947082991993677,4.891586594895365,4.891586594895365,1.5915134408174827,1.5915134408174827,1.5915134408174827,0.003928796736623835,0.003928796736623835,0.003928796736623835,1.5875846440808588,1.5875846440808588,1.5875846440808588,0.0,0.0,0.0,6.483100035712848,5.963812887043235,1
996,2018-11-12,4.882832260849032,0.27757027740464063,13.58018970360617,4.882832260849032,4.882832260849032,1.7935020142030407,1.7935020142030407,1.7935020142030407,0.06302283964501668,0.06302283964501668,0.06302283964501668,1.7304791745580241,1.7304791745580241,1.7304791745580241,0.0,0.0,0.0,6.676334275052072,6.0896551029374315,1
997,2018-11-13,4.879914149500253,0.35702497032408304,13.753043861761665,4.879914149500253,4.879914149500253,1.7911491437584695,1.7911491437584695,1.7911491437584695,0.04431353265985503,0.04431353265985503,0.04431353265985503,1.746835611098614,1.746835611098614,1.746835611098614,0.0,0.0,0.0,6.671063293258722,6.206659521406425,1
998,2018-11-14,4.876996038151476,0.03313113033301194,13.337028768426267,4.876996038151476,4.876996038151476,1.7132047847831215,1.7132047847831215,1.7132047847831215,-0.033337252191272655,-0.033337252191272655,-0.033337252191272655,1.7465420369743943,1.7465420369743943,1.7465420369743943,0.0,0.0,0.0,6.590200822934597,6.3125651935454385,1
999,2018-11-15,4.874077926802697,0.246036963529163,13.578354506429728,4.874077926802697,4.874077926802697,1.7680619852336628,1.7680619852336628,1.7680619852336628,0.03864826539197926,0.03864826539197926,0.03864826539197926,1.7294137198416835,1.7294137198416835,1.7294137198416835,0.0,0.0,0.0,6.64213991203636,6.405271936972835,1
1000,2018-11-16,4.871159815453919,-0.4601403824938872,12.875568126967302,4.871159815453919,4.871159815453919,1.6994765130633243,1.6994765130633243,1.6994765130633243,0.003928796736562442,0.003928796736562442,0.003928796736562442,1.695547716326762,1.695547716326762,1.695547716326762,0.0,0.0,0.0,6.570636328517243,6.4828833672063,1
1001,2018-11-19,4.862405481407586,-0.5701823145246522,13.440256743890474,4.862405481407586,4.862405481407586,1.5615297858858237,1.5615297858858237,1.5615297858858237,0.06302283964515719,0.06302283964515719,0.06302283964515719,1.4985069462406662,1.4985069462406662,1.4985069462406662,0.0,0.0,0.0,6.423935267293409,6.506396733900277,-1
1002,2018-11-20,4.859487370058807,-0.22522228564482216,13.325402556969593,4.859487370058807,4.859487370058807,1.4482026919353115,1.4482026919353115,1.4482026919353115,0.0443135326601073,0.0443135326601073,0.0443135326601073,1.4038891592752043,1.4038891592752043,1.4038891592752043,0.0,0.0,0.0,6.307690061994119,6.509926274293669,-1
1003,2018-11-21,4.856569258710029,-0.31384288211468486,12.671101784419792,4.856569258710029,4.856569258710029,1.2634288260063746,1.2634288260063746,1.2634288260063746,-0.03333725219120654,-0.03333725219120654,-0.03333725219120654,1.2967660781975812,1.2967660781975812,1.2967660781975812,0.0,0.0,0.0,6.1199980847164035,6.493030343728222,-1
1004,2018-11-23,4.850733036012474,-0.8963024688947376,12.63297456594028,4.850733036012474,4.850733036012474,1.05479019435318,1.05479019435318,1.05479019435318,0.003928796736668971,0.003928796736668971,0.003928796736668971,1.050861397616511,1.050861397616511,1.050861397616511,0.0,0.0,0.0,5.905523230365654,6.439062131188143,-1
1005,2018-11-26,4.8419787019661396,-1.2222426956208312,11.929733566734,4.8419787019661396,4.8419787019661396,0.6904021401114595,0.6904021401114595,0.6904021401114595,0.06302283964529767,0.06302283964529767,0.06302283964529767,0.6273793004661619,0.6273793004661619,0.6273793004661619,0.0,0.0,0.0,5.532380842077599,6.343990211824618,-1
1006,2018-11-27,4.839060590617362,-1.6003919449347925,11.902177079890091,4.839060590617362,4.839060590617362,0.5227996409486645,0.5227996409486645,0.5227996409486645,0.04431353266012282,0.04431353266012282,0.04431353266012282,0.4784861082885417,0.4784861082885417,0.4784861082885417,0.0,0.0,0.0,5.361860231566027,6.212542807476014,-1
1007,2018-11-28,4.8361424792685845,-1.4711488787133598,11.678870132470726,4.8361424792685845,4.8361424792685845,0.29520346268891806,0.29520346268891806,0.29520346268891806,-0.033337252191220024,-0.033337252191220024,-0.033337252191220024,0.3285407148801381,0.3285407148801381,0.3285407148801381,0.0,0.0,0.0,5.131345941957503,6.058571072345891,-1
1008,2018-11-29,4.833224367919807,-1.824646022230676,12.353936560146403,4.833224367919807,4.833224367919807,0.21778817549072754,0.21778817549072754,0.21778817549072754,0.038648265391967564,0.038648265391967564,0.038648265391967564,0.17913991009875999,0.17913991009875999,0.17913991009875999,0.0,0.0,0.0,5.051012543410534,5.9046522443934855,-1
1009,2018-11-30,4.830306256571029,-1.8635349285528224,11.876942125794136,4.830306256571029,4.830306256571029,0.035710277043165504,0.035710277043165504,0.035710277043165504,0.003928796736766529,0.003928796736766529,0.003928796736766529,0.031781480306398976,0.031781480306398976,0.031781480306398976,0.0,0.0,0.0,4.866016533614194,5.727039906551268,-1
1010,2018-12-03,4.821551922524694,-2.0861549610488086,10.943011987323647,4.821551922524694,4.821551922524694,-0.32197208982355197,-0.32197208982355197,-0.32197208982355197,0.0630228396450668,0.0630228396450668,0.0630228396450668,-0.38499492946861874,-0.38499492946861874,-0.38499492946861874,0.0,0.0,0.0,4.4995798327011425,5.519934256969658,-1
1011,2018-12-04,4.818633811175916,-2.228063121829659,10.950085008890593,4.818633811175916,4.818633811175916,-0.4675827977492994,-0.4675827977492994,-0.4675827977492994,0.04431353266020715,0.04431353266020715,0.04431353266020715,-0.5118963304095066,-0.5118963304095066,-0.5118963304095066,0.0,0.0,0.0,4.351051013426616,5.312645831582979,-1
1012,2018-12-06,4.81279758847836,-2.382820363552637,10.644865076311241,4.81279758847836,4.81279758847836,-0.7043073384812114,-0.7043073384812114,-0.7043073384812114,0.03864826539202092,0.03864826539202092,0.03864826539202092,-0.7429556038732323,-0.7429556038732323,-0.7429556038732323,0.0,0.0,0.0,4.108490249997149,5.092725850383283,-1
1013,2018-12-07,4.8098794771295825,-2.370170546083006,10.508994261354614,4.8098794771295825,4.8098794771295825,-0.8422222370241312,-0.8422222370241312,-0.8422222370241312,0.0039287967367141,0.0039287967367141,0.0039287967367141,-0.8461510337608453,-0.8461510337608453,-0.8461510337608453,0.0,0.0,0.0,3.967657240105451,4.877491765922186,-1
1014,2018-12-10,4.801125143083248,-2.9067502117789425,10.752867863998018,4.801125143083248,4.801125143083248,-1.0411101666092013,-1.0411101666092013,-1.0411101666092013,0.0630228396452073,0.0630228396452073,0.0630228396452073,-1.1041330062544086,-1.1041330062544086,-1.1041330062544086,0.0,0.0,0.0,3.760014976474047,4.6629409405330255,-1
1015,2018-12-11,4.798207031734471,-3.0764156408781833,10.733704323499238,4.798207031734471,4.798207031734471,-1.128871006565172,-1.128871006565172,-1.128871006565172,0.04431353266005475,0.04431353266005475,0.04431353266005475,-1.1731845392252267,-1.1731845392252267,-1.1731845392252267,0.0,0.0,0.0,3.669336025169299,4.476636458842196,-1
1016,2018-12-12,4.795288920385693,-3.462651653494493,10.550580503795965,4.795288920385693,4.795288920385693,-1.2675605493198978,-1.2675605493198978,-1.2675605493198978,-0.03333725219126965,-0.03333725219126965,-0.03333725219126965,-1.234223297128628,-1.234223297128628,-1.234223297128628,0.0,0.0,0.0,3.5277283710657956,4.293223272792174,-1
1017,2018-12-13,4.792370809036916,-3.2686048654207225,10.255054587529305,4.792370809036916,4.792370809036916,-1.2490402233417783,-1.2490402233417783,-1.2490402233417783,0.038648265392028786,0.038648265392028786,0.038648265392028786,-1.2876884887338071,-1.2876884887338071,-1.2876884887338071,0.0,0.0,0.0,3.5433305856951374,4.134421737165937,-1
1018,2018-12-14,4.789452697688136,-3.183145905722547,10.477907583671035,4.789452697688136,4.789452697688136,-1.330175568908126,-1.330175568908126,-1.330175568908126,0.003928796736802702,0.003928796736802702,0.003928796736802702,-1.3341043656449287,-1.3341043656449287,-1.3341043656449287,0.0,0.0,0.0,3.4592771287800104,3.9752481957028842,-1
1019,2018-12-17,4.780698363641802,-3.3095156439237545,10.031935823993532,4.780698363641802,4.780698363641802,-1.3741705064901089,-1.3741705064901089,-1.3741705064901089,0.06302283964497643,0.06302283964497643,0.06302283964497643,-1.4371933461350852,-1.4371933461350852,-1.4371933461350852,0.0,0.0,0.0,3.4065278571516933,3.829299328056634,-1
1020,2018-12-18,4.777780252293024,-3.2819422759803767,10.110141269290715,4.777780252293024,4.777780252293024,-1.4174093579005704,-1.4174093579005704,-1.4174093579005704,0.04431353266002071,0.04431353266002071,0.04431353266002071,-1.4617228905605908,-1.4617228905605908,-1.4617228905605908,0.0,0.0,0.0,3.360370894392453,3.715378434225765,-1
1021,2018-12-19,4.774862140944246,-3.6006495063316457,10.591551029110633,4.774862140944246,4.774862140944246,-1.515810739072899,-1.515810739072899,-1.515810739072899,-0.033337252191192206,-0.033337252191192206,-0.033337252191192206,-1.4824734868817067,-1.4824734868817067,-1.4824734868817067,0.0,0.0,0.0,3.2590514018713472,3.6061784730702384,-1
1022,2018-12-20,4.771944029595469,-3.549501267712511,9.88146643877716,4.771944029595469,4.771944029595469,-1.4614643301516834,-1.4614643301516834,-1.4614643301516834,0.038648265391963726,0.038648265391963726,0.038648265391963726,-1.5001125955436472,-1.5001125955436472,-1.5001125955436472,0.0,0.0,0.0,3.3104796994437855,3.526377418014902,-1
1023,2018-12-21,4.769025918246691,-3.70664088000754,9.878473436929857,4.769025918246691,4.769025918246691,-1.5113501204592235,-1.5113501204592235,-1.5113501204592235,0.003928796736741308,0.003928796736741308,0.003928796736741308,-1.5152789171959646,-1.5152789171959646,-1.5152789171959646,0.0,0.0,0.0,3.257675797787468,3.455379273783104,-1
1024,2018-12-24,4.760271584200357,-3.4231555451593625,10.2415200020303,4.760271584200357,4.760271584200357,-1.4886543759630078,-1.4886543759630078,-1.4886543759630078,0.06302283964499027,0.06302283964499027,0.06302283964499027,-1.551677215607998,-1.551677215607998,-1.551677215607998,0.0,0.0,0.0,3.271617208237349,3.4065394969594336,-1
1025,2018-12-26,4.754435361502802,-3.52368338801302,9.682410633627137,4.754435361502802,4.754435361502802,-1.60645603669869,-1.60645603669869,-1.60645603669869,-0.03333725219130796,-0.03333725219130796,-0.03333725219130796,-1.573118784507382,-1.573118784507382,-1.573118784507382,0.0,0.0,0.0,3.147979324804112,3.3544038269229155,-1
1026,2018-12-27,4.7515172501540235,-4.16508976076269,9.683759349600837,4.7515172501540235,4.7515172501540235,-1.545436626654111,-1.545436626654111,-1.545436626654111,0.03864826539201709,0.03864826539201709,0.03864826539201709,-1.5840848920461283,-1.5840848920461283,-1.5840848920461283,0.0,0.0,0.0,3.206080623499912,3.3222390521663265,-1
1027,2018-12-28,4.748599138805245,-3.6615709704577046,9.72247964391606,4.748599138805245,4.748599138805245,-1.591612558633858,-1.591612558633858,-1.591612558633858,0.003928796736697844,0.003928796736697844,0.003928796736697844,-1.595541355370556,-1.595541355370556,-1.595541355370556,0.0,0.0,0.0,3.1569865801713872,3.2836046516139517,-1
1028,2018-12-31,4.739844804758912,-3.9197573145371476,9.77393286691494,4.739844804758912,4.739844804758912,-1.5710917617391489,-1.5710917617391489,-1.5710917617391489,0.0630228396450084,0.0630228396450084,0.0630228396450084,-1.6341146013841572,-1.6341146013841572,-1.6341146013841572,0.0,0.0,0.0,3.1687530430197626,3.254552243037927,-1
1029,2019-01-02,4.734008582061355,-4.615321165908486,9.773709456856036,4.734008582061355,4.734008582061355,-1.6968153393922536,-1.6968153393922536,-1.6968153393922536,-0.03333725219124184,-0.03333725219124184,-0.03333725219124184,-1.6634780872010118,-1.6634780872010118,-1.6634780872010118,0.0,0.0,0.0,3.037193242669101,3.2176187815896675,-1
1030,2019-01-03,4.731090470712577,-3.70575419886515,9.583994952480934,4.731090470712577,4.731090470712577,-1.6403450173708332,-1.6403450173708332,-1.6403450173708332,0.03864826539199752,0.03864826539199752,0.03864826539199752,-1.6789932827628307,-1.6789932827628307,-1.6789932827628307,0.0,0.0,0.0,3.090745453341744,3.190656237484597,-1
1031,2019-01-04,4.7281723593638,-3.8008777377829834,10.06565208160344,4.7281723593638,4.7281723593638,-1.6909008871617404,-1.6909008871617404,-1.6909008871617404,0.00392879673678645,0.00392879673678645,0.00392879673678645,-1.6948296838985268,-1.6948296838985268,-1.6948296838985268,0.0,0.0,0.0,3.0372714722020593,3.168478244517668,-1
1032,2019-01-07,4.719418025317466,-3.5664193412554197,9.939732100857569,4.719418025317466,4.719418025317466,-1.6787766346479243,-1.6787766346479243,-1.6787766346479243,0.06302283964502654,0.06302283964502654,0.06302283964502654,-1.7417994742929508,-1.7417994742929508,-1.7417994742929508,0.0,0.0,0.0,3.040641390669541,3.1414944136402436,-1
1033,2019-01-08,4.716499913968688,-3.5355054376413912,9.914184024828451,4.716499913968688,4.716499913968688,-1.711981971756368,-1.711981971756368,-1.711981971756368,0.04431353265996816,0.04431353265996816,0.04431353265996816,-1.7562955044163362,-1.7562955044163362,-1.7562955044163362,0.0,0.0,0.0,3.00451794221232,3.116178628082729,-1
1034,2019-01-09,4.7135818026199106,-3.7652727060464697,10.106235379969174,4.7135818026199106,4.7135818026199106,-1.8029984878198488,-1.8029984878198488,-1.8029984878198488,-0.03333725219126665,-0.03333725219126665,-0.03333725219126665,-1.7696612356285821,-1.7696612356285821,-1.7696612356285821,0.0,0.0,0.0,2.9105833148000615,3.080075238739,-1
1035,2019-01-10,4.710663691271132,-3.4446376858016095,9.479085851106207,4.710663691271132,4.710663691271132,-1.742894533529724,-1.742894533529724,-1.742894533529724,0.03864826539188697,0.03864826539188697,0.03864826539188697,-1.7815427989216108,-1.7815427989216108,-1.7815427989216108,0.0,0.0,0.0,2.967769157741408,3.06205422203273,-1
1036,2019-01-11,4.707745579922354,-4.40313126296024,9.959290305538754,4.707745579922354,4.707745579922354,-1.787649650476788,-1.787649650476788,-1.787649650476788,0.003928796736734018,0.003928796736734018,0.003928796736734018,-1.791578447213522,-1.791578447213522,-1.791578447213522,0.0,0.0,0.0,2.9200959294455657,3.0334557526272947,-1
1037,2019-01-14,4.698991245876021,-3.5075371324512767,9.374885992786705,4.698991245876021,4.698991245876021,-1.7439738332404444,-1.7439738332404444,-1.7439738332404444,0.0630228396450447,0.0630228396450447,0.0630228396450447,-1.8069966728854892,-1.8069966728854892,-1.8069966728854892,0.0,0.0,0.0,2.955017412635577,3.0132588358737142,-1
1038,2019-01-15,4.696073134527242,-4.119203372796126,9.994460674562557,4.696073134527242,4.696073134527242,-1.7617648032127085,-1.7617648032127085,-1.7617648032127085,0.044313532659983675,0.044313532659983675,0.044313532659983675,-1.806078335872692,-1.806078335872692,-1.806078335872692,0.0,0.0,0.0,2.9343083313145337,2.989814364703191,-1
1039,2019-01-16,4.6931550231784644,-3.7039997364404313,9.56494152375587,4.6931550231784644,4.6931550231784644,-1.834930176074379,-1.834930176074379,-1.834930176074379,-0.033337252191189194,-0.033337252191189194,-0.033337252191189194,-1.8015929238831898,-1.8015929238831898,-1.8015929238831898,0.0,0.0,0.0,2.8582248471040854,2.9719175251466896,-1
1040,2019-01-17,4.690236911829687,-3.52317601933482,9.895389677850504,4.690236911829687,4.690236911829687,-1.7546076023218777,-1.7546076023218777,-1.7546076023218777,0.03864826539194033,0.03864826539194033,0.03864826539194033,-1.7932558677138182,-1.7932558677138182,-1.7932558677138182,0.0,0.0,0.0,2.935629309507809,2.956405910763296,-1
1041,2019-01-18,4.687318800480908,-3.440048428420715,9.860520308106167,4.687318800480908,4.687318800480908,-1.77688794118732,-1.77688794118732,-1.77688794118732,0.00392879673668159,0.00392879673668159,0.00392879673668159,-1.7808167379240014,-1.7808167379240014,-1.7808167379240014,0.0,0.0,0.0,2.9104308592935877,2.943721849472449,-1
1042,2019-01-22,4.675646355085797,-4.35863047162207,9.671191373011803,4.675646355085797,4.675646355085797,-1.6422443799361317,-1.6422443799361317,-1.6422443799361317,0.04431353265994965,0.04431353265994965,0.04431353265994965,-1.6865579125960812,-1.6865579125960812,-1.6865579125960812,0.0,0.0,0.0,3.033401975149665,2.9429979079204616,1
1043,2019-01-23,4.672728243737018,-3.3460765143979296,10.00871202659168,4.672728243737018,4.672728243737018,-1.6847933696859796,-1.6847933696859796,-1.6847933696859796,-0.03333725219112309,-0.03333725219112309,-0.03333725219112309,-1.6514561174948565,-1.6514561174948565,-1.6514561174948565,0.0,0.0,0.0,2.9879348740510387,2.941339601104333,1
1044,2019-01-24,4.66981013238824,-4.215507283721881,9.587336154660038,4.66981013238824,4.66981013238824,-1.5731370486272733,-1.5731370486272733,-1.5731370486272733,0.03864826539194819,0.03864826539194819,0.03864826539194819,-1.6117853140192215,-1.6117853140192215,-1.6117853140192215,0.0,0.0,0.0,3.0966730837609666,2.9599485780004238,1
1045,2019-01-25,4.666892021039462,-4.347658898792194,9.675064631064506,4.666892021039462,4.666892021039462,-1.5637553711225542,-1.5637553711225542,-1.5637553711225542,0.003928796736629155,0.003928796736629155,0.003928796736629155,-1.5676841678591833,-1.5676841678591833,-1.5676841678591833,0.0,0.0,0.0,3.103136649916908,2.9734853272179738,1
1046,2019-01-28,4.65813768699313,-3.6192786788320963,10.181478595797573,4.65813768699313,4.65813768699313,-1.3482141725593637,-1.3482141725593637,-1.3482141725593637,0.06302283964507668,0.06302283964507668,0.06302283964507668,-1.4112370122044406,-1.4112370122044406,-1.4112370122044406,0.0,0.0,0.0,3.309923514433766,3.012468085716794,1
1047,2019-01-29,4.655219564733388,-3.74100016235998,9.896759128277603,4.655219564733388,4.655219564733388,-1.307887863215098,-1.307887863215098,-1.307887863215098,0.0443135326599156,0.0443135326599156,0.0443135326599156,-1.3522013958750136,-1.3522013958750136,-1.3522013958750136,0.0,0.0,0.0,3.3473317015182897,3.051699514605065,1
1048,2019-01-30,4.652301442473647,-3.298036260181207,10.336760496078002,4.652301442473647,4.652301442473647,-1.3238068706462265,-1.3238068706462265,-1.3238068706462265,-0.03333725219131843,-0.03333725219131843,-0.03333725219131843,-1.2904696184549078,-1.2904696184549078,-1.2904696184549078,0.0,0.0,0.0,3.32849457182742,3.0911181386563538,1
1049,2019-01-31,4.649383320213905,-3.300966464610966,10.606733431520876,4.649383320213905,4.649383320213905,-1.1879324401353724,-1.1879324401353724,-1.1879324401353724,0.03864826539192863,0.03864826539192863,0.03864826539192863,-1.226580705527301,-1.226580705527301,-1.226580705527301,0.0,0.0,0.0,3.461450880078533,3.1514407419537984,1
1050,2019-02-01,4.646465197954164,-3.229671070258131,10.792442589246743,4.646465197954164,4.646465197954164,-1.157196259407585,-1.157196259407585,-1.157196259407585,0.003928796736717759,0.003928796736717759,0.003928796736717759,-1.1611250561443027,-1.1611250561443027,-1.1611250561443027,0.0,0.0,0.0,3.489268938546579,3.2068047048576753,1
1051,2019-02-04,4.63771083117494,-3.069749231445253,10.534888494756148,4.63771083117494,4.63771083117494,-0.8988165808553933,-0.8988165808553933,-0.8988165808553933,0.06302283964521718,0.06302283964521718,0.06302283964521718,-0.9618394205006106,-0.9618394205006106,-0.9618394205006106,0.0,0.0,0.0,3.7388942503195466,3.2896510439602715,1
1052,2019-02-05,4.634792708915198,-3.2978305213687356,10.363489868101054,4.634792708915198,4.634792708915198,-0.8523998185271592,-0.8523998185271592,-0.8523998185271592,0.044313532659881555,0.044313532659881555,0.044313532659881555,-0.8967133511870407,-0.8967133511870407,-0.8967133511870407,0.0,0.0,0.0,3.7823928903880386,3.3645501354841088,1
1053,2019-02-06,4.6318745866554565,-3.066669854335686,10.568628784289448,4.6318745866554565,4.6318745866554565,-0.8667262530613427,-0.8667262530613427,-0.8667262530613427,-0.03333725219133191,-0.03333725219133191,-0.03333725219133191,-0.8333890008700107,-0.8333890008700107,-0.8333890008700107,0.0,0.0,0.0,3.765148333594114,3.4422714814384165,1
1054,2019-02-07,4.628956464395715,-3.235255292349622,11.495169660734714,4.628956464395715,4.628956464395715,-0.7338867300120526,-0.7338867300120526,-0.7338867300120526,0.03864826539193649,0.03864826539193649,0.03864826539193649,-0.7725349954039891,-0.7725349954039891,-0.7725349954039891,0.0,0.0,0.0,3.8950697343836627,3.5221111465006856,1
1055,2019-02-08,4.626038342135973,-2.63554538639782,10.324629990423892,4.626038342135973,4.626038342135973,-0.7108561432524967,-0.7108561432524967,-0.7108561432524967,0.003928796736665329,0.003928796736665329,0.003928796736665329,-0.714784939989162,-0.714784939989162,-0.714784939989162,0.0,0.0,0.0,3.9151821988834765,3.603315701397343,1
1056,2019-02-11,4.61728397535675,-2.9317881753383324,10.695866479445028,4.61728397535675,4.61728397535675,-0.502637638446858,-0.502637638446858,-0.502637638446858,0.06302283964498631,0.06302283964498631,0.06302283964498631,-0.5656604780918444,-0.5656604780918444,-0.5656604780918444,0.0,0.0,0.0,4.114646336909892,3.6837879836449554,1
1057,2019-02-12,4.614365853097008,-2.6722415239931085,10.9086088472355,4.614365853097008,4.614365853097008,-0.4811393667506388,-0.4811393667506388,-0.4811393667506388,0.044313532659897084,0.044313532659897084,0.044313532659897084,-0.5254528994105359,-0.5254528994105359,-0.5254528994105359,0.0,0.0,0.0,4.13322648634637,3.7623774621277635,1
1058,2019-02-13,4.611447730837266,-2.6993605100810805,11.59884516972541,4.611447730837266,4.611447730837266,-0.5238310637623041,-0.5238310637623041,-0.5238310637623041,-0.0333372521912658,-0.0333372521912658,-0.0333372521912658,-0.4904938115710384,-0.4904938115710384,-0.4904938115710384,0.0,0.0,0.0,4.087616667074962,3.838289671652517,1
1059,2019-02-14,4.608529608577525,-2.298224121435783,10.897512418414653,4.608529608577525,4.608529608577525,-0.4222736208807406,-0.4222736208807406,-0.4222736208807406,0.03864826539198985,0.03864826539198985,0.03864826539198985,-0.4609218862727305,-0.4609218862727305,-0.4609218862727305,0.0,0.0,0.0,4.186255987696785,3.9107701824143426,1
1060,2019-02-15,4.605611486317783,-2.3265257359520115,11.336252881111818,4.605611486317783,4.605611486317783,-0.4328296618128214,-0.4328296618128214,-0.4328296618128214,0.00392879673660394,0.00392879673660394,0.00392879673660394,-0.4367584585494253,-0.4367584585494253,-0.4367584585494253,0.0,0.0,0.0,4.172781824504962,3.9791214710101803,1
1061,2019-02-19,4.593938997278817,-2.5970381077966294,10.980018346080936,4.593938997278817,4.593938997278817,-0.34604143337549376,-0.34604143337549376,-0.34604143337549376,0.04431353265986305,0.04431353265986305,0.04431353265986305,-0.39035496603535685,-0.39035496603535685,-0.39035496603535685,0.0,0.0,0.0,4.247897563903324,4.030021802368559,1
1062,2019-02-20,4.591020875019076,-2.230448626570213,11.308733239565106,4.591020875019076,4.591020875019076,-0.42265282086568867,-0.42265282086568867,-0.42265282086568867,-0.03333725219119968,-0.03333725219119968,-0.03333725219119968,-0.389315568674489,-0.389315568674489,-0.389315568674489,0.0,0.0,0.0,4.168368054153388,4.068619318745093,1
1063,2019-02-21,4.588102752759334,-2.6110282264588807,11.017207776576125,4.588102752759334,4.588102752759334,-0.3526700213504604,-0.3526700213504604,-0.3526700213504604,0.03864826539204321,0.03864826539204321,0.03864826539204321,-0.39131828674250363,-0.39131828674250363,-0.39131828674250363,0.0,0.0,0.0,4.235432731408873,4.11564775852657,1
1064,2019-02-22,4.585184630499594,-2.761869256121201,10.787518667064196,4.585184630499594,4.585184630499594,-0.3916822475739175,-0.3916822475739175,-0.3916822475739175,0.003928796736710469,0.003928796736710469,0.003928796736710469,-0.395611044310628,-0.395611044310628,-0.395611044310628,0.0,0.0,0.0,4.193502382925677,4.145491023380771,1
1065,2019-02-25,4.576430263720369,-2.3479550811003778,10.79019317261084,4.576430263720369,4.576430263720369,-0.3507822794916867,-0.3507822794916867,-0.3507822794916867,0.06302283964514495,0.06302283964514495,0.06302283964514495,-0.41380511913683166,-0.41380511913683166,-0.41380511913683166,0.0,0.0,0.0,4.225647984228683,4.1765376019152916,1
1066,2019-02-26,4.573512141460627,-2.626466287863182,11.073946327700646,4.573512141460627,4.573512141460627,-0.37435852226841,-0.37435852226841,-0.37435852226841,0.044313532659710636,0.044313532659710636,0.044313532659710636,-0.4186720549281206,-0.4186720549281206,-0.4186720549281206,0.0,0.0,0.0,4.199153619192217,4.184988330143524,1
1067,2019-02-27,4.570594019200886,-2.723608012016716,11.276586356014736,4.570594019200886,4.570594019200886,-0.45478873657969376,-0.45478873657969376,-0.45478873657969376,-0.03333725219121317,-0.03333725219121317,-0.03333725219121317,-0.42145148438848057,-0.42145148438848057,-0.42145148438848057,0.0,0.0,0.0,4.115805282621192,4.1832462097710055,-1
1068,2019-02-28,4.567675896941144,-3.1463569568277436,10.844011118200356,4.567675896941144,4.567675896941144,-0.3826483080483858,-0.3826483080483858,-0.3826483080483858,0.03864826539197815,0.03864826539197815,0.03864826539197815,-0.4212965734403639,-0.4212965734403639,-0.4212965734403639,0.0,0.0,0.0,4.185027588892758,4.192987301952785,-1
1069,2019-03-01,4.564757774681404,-3.1148965667076296,10.945333472004416,4.564757774681404,4.564757774681404,-0.4134952310525337,-0.4134952310525337,-0.4134952310525337,0.0039287967366490725,0.0039287967366490725,0.0039287967366490725,-0.41742402778918275,-0.41742402778918275,-0.41742402778918275,0.0,0.0,0.0,4.15126254362887,4.189487957545994,-1
1070,2019-03-04,4.556003407902178,-2.294288001080416,11.0578632676347,4.556003407902178,4.556003407902178,-0.3140585906777952,-0.3140585906777952,-0.3140585906777952,0.0630228396451631,0.0630228396451631,0.0630228396451631,-0.37708143032295827,-0.37708143032295827,-0.37708143032295827,0.0,0.0,0.0,4.241944817224383,4.196404256817937,1
1071,2019-03-05,4.553085285642437,-2.2939665395293245,10.88722578478262,4.553085285642437,4.553085285642437,-0.3082138930483352,-0.3082138930483352,-0.3082138930483352,0.044313532660249205,0.044313532660249205,0.044313532660249205,-0.35252742570858436,-0.35252742570858436,-0.35252742570858436,0.0,0.0,0.0,4.244871392594102,4.196101639687014,1
1072,2019-03-06,4.550167163382696,-2.6546300605664905,11.018435335877435,4.550167163382696,4.550167163382696,-0.35535260535875207,-0.35535260535875207,-0.35535260535875207,-0.033337252191237975,-0.033337252191237975,-0.033337252191237975,-0.32201535316751406,-0.32201535316751406,-0.32201535316751406,0.0,0.0,0.0,4.1948145580239435,4.19874629007407,-1
1073,2019-03-07,4.547249041122955,-2.732208495149076,10.906016414486412,4.547249041122955,4.547249041122955,-0.24689585089246668,-0.24689585089246668,-0.24689585089246668,0.03864826539198602,0.03864826539198602,0.03864826539198602,-0.2855441162844527,-0.2855441162844527,-0.2855441162844527,0.0,0.0,0.0,4.300353190230488,4.205238335956231,1
1074,2019-03-08,4.5443309188632135,-2.9514110086349654,10.80529633107623,4.5443309188632135,4.5443309188632135,-0.2393549856016219,-0.2393549856016219,-0.2393549856016219,0.003928796736596644,0.003928796736596644,0.003928796736596644,-0.24328378233821857,-0.24328378233821857,-0.24328378233821857,0.0,0.0,0.0,4.304975933261591,4.2163856909898225,1
1075,2019-03-11,4.535576552083988,-2.633238935792951,11.285385667264576,4.535576552083988,4.535576552083988,-0.023018536109607978,-0.023018536109607978,-0.023018536109607978,0.06302283964505458,0.06302283964505458,0.06302283964505458,-0.08604137575466256,-0.08604137575466256,-0.08604137575466256,0.0,0.0,0.0,4.51255801597438,4.245076694164393,1
1076,2019-03-12,4.532658429824247,-2.5908175056129257,11.326908060579928,4.532658429824247,4.532658429824247,0.018596857742274746,0.018596857742274746,0.018596857742274746,0.0443135326600968,0.0443135326600968,0.0443135326600968,-0.02571667491782205,-0.02571667491782205,-0.02571667491782205,0.0,0.0,0.0,4.551255287566522,4.280286861001823,1
1077,2019-03-13,4.529740307564506,-2.0166134312484214,11.434518902109858,4.529740307564506,4.529740307564506,0.0037342513544455624,0.0037342513544455624,0.0037342513544455624,-0.033337252191262795,-0.033337252191262795,-0.033337252191262795,0.03707150354570836,0.03707150354570836,0.03707150354570836,0.0,0.0,0.0,4.533474558918951,4.3220537886315995,1
1078,2019-03-14,4.5268221853047645,-1.7044071063598556,11.01095773576899,4.5268221853047645,4.5268221853047645,0.13988903350038492,0.13988903350038492,0.13988903350038492,0.03864826539199389,0.03864826539199389,0.03864826539199389,0.10124076810839104,0.10124076810839104,0.10124076810839104,0.0,0.0,0.0,4.666711218805149,4.370222151622839,1
1079,2019-03-15,4.5239040630450225,-2.200114591345082,11.661252493315125,4.5239040630450225,4.5239040630450225,0.16954256937550988,0.16954256937550988,0.16954256937550988,0.003928796736844202,0.003928796736844202,0.003928796736844202,0.16561377263866572,0.16561377263866572,0.16561377263866572,0.0,0.0,0.0,4.693446632420533,4.4244405605020045,1
1080,2019-03-18,4.515149696265798,-1.813042540667583,11.110173829148914,4.515149696265798,4.515149696265798,0.41032830393602054,0.41032830393602054,0.41032830393602054,0.06302283964519508,0.06302283964519508,0.06302283964519508,0.3473054642908254,0.3473054642908254,0.3473054642908254,0.0,0.0,0.0,4.925478000201818,4.492793878799748,1
1081,2019-03-19,4.512231574006057,-1.6974805116271545,11.697616766095619,4.512231574006057,4.512231574006057,0.44406522935964643,0.44406522935964643,0.44406522935964643,0.04431353266006276,0.04431353266006276,0.04431353266006276,0.39975169669958366,0.39975169669958366,0.39975169669958366,0.0,0.0,0.0,4.956296803365703,4.563936419876908,1
1082,2019-03-20,4.509313451746315,-1.6944612572312732,11.995196786904318,4.509313451746315,4.509313451746315,0.4127061077454147,0.4127061077454147,0.4127061077454147,-0.033337252191196674,-0.033337252191196674,-0.033337252191196674,0.44604335993661137,0.44604335993661137,0.44604335993661137,0.0,0.0,0.0,4.922019559491729,4.636656920023687,1
1083,2019-03-21,4.5063953294865735,-1.620927532214873,11.700963724996567,4.5063953294865735,4.5063953294865735,0.523669064766582,0.523669064766582,0.523669064766582,0.03864826539192883,0.03864826539192883,0.03864826539192883,0.4850207993746532,0.4850207993746532,0.4850207993746532,0.0,0.0,0.0,5.030064394253156,4.709628040425953,1
1084,2019-03-22,4.503477207226832,-1.7468264647565976,11.717280258357018,4.503477207226832,4.503477207226832,0.5195582272266656,0.5195582272266656,0.5195582272266656,0.003928796736791768,0.003928796736791768,0.003928796736791768,0.5156294304898738,0.5156294304898738,0.5156294304898738,0.0,0.0,0.0,5.023035434453498,4.781433990545144,1
1085,2019-03-25,4.494722840447608,-2.0309821215276043,11.831434739014934,4.494722840447608,4.494722840447608,0.6118169678746692,0.6118169678746692,0.6118169678746692,0.06302283964533559,0.06302283964533559,0.06302283964533559,0.5487941282293337,0.5487941282293337,0.5487941282293337,0.0,0.0,0.0,5.106539808322277,4.840832169779934,1
1086,2019-03-26,4.491804718187867,-1.9606406478098355,11.72209309226845,4.491804718187867,4.491804718187867,0.5826353162401454,0.5826353162401454,0.5826353162401454,0.044313532660078286,0.044313532660078286,0.044313532660078286,0.5383217835800671,0.5383217835800671,0.5383217835800671,0.0,0.0,0.0,5.074440034428012,4.893150644466083,1
1087,2019-03-27,4.4888865959281254,-1.8564548652713935,11.687437508989182,4.4888865959281254,4.4888865959281254,0.4832362723780706,0.4832362723780706,0.4832362723780706,-0.0333372521913011,-0.0333372521913011,-0.0333372521913011,0.5165735245693717,0.5165735245693717,0.5165735245693717,0.0,0.0,0.0,4.972122868306196,4.937015475404807,1
1088,2019-03-28,4.485968473668384,-1.7764340663809894,11.724117179301528,4.485968473668384,4.485968473668384,0.5221941199881415,0.5221941199881415,0.5221941199881415,0.038648265391982184,0.038648265391982184,0.038648265391982184,0.4835458545961592,0.4835458545961592,0.4835458545961592,0.0,0.0,0.0,5.008162593656525,4.971160612889944,1
1089,2019-03-29,4.483050351408642,-2.0960695770774094,11.770572842285606,4.483050351408642,4.483050351408642,0.4433703089562545,0.4433703089562545,0.4433703089562545,0.00392879673673934,0.00392879673673934,0.00392879673673934,0.43944151221951516,0.43944151221951516,0.43944151221951516,0.0,0.0,0.0,4.926420660364896,4.994458015684382,-1
1090,2019-04-01,4.474295984629418,-1.938569809337322,11.622707624983137,4.474295984629418,4.474295984629418,0.3086904690764744,0.3086904690764744,0.3086904690764744,0.06302283964497803,0.06302283964497803,0.06302283964497803,0.24566762943149634,0.24566762943149634,0.24566762943149634,0.0,0.0,0.0,4.782986453705892,4.980208861034788,-1
1091,2019-04-02,4.471377862369676,-2.028195196792187,11.024849337973038,4.471377862369676,4.471377862369676,0.20747398856638713,0.20747398856638713,0.20747398856638713,0.04431353266004424,0.04431353266004424,0.04431353266004424,0.1631604559063429,0.1631604559063429,0.1631604559063429,0.0,0.0,0.0,4.678851850936063,4.952464365791824,-1
1092,2019-04-03,4.468459740109935,-2.412673143648383,11.170522761276665,4.468459740109935,4.468459740109935,0.040032260131417655,0.040032260131417655,0.040032260131417655,-0.03333725219123498,-0.03333725219123498,-0.03333725219123498,0.07336951232265264,0.07336951232265264,0.07336951232265264,0.0,0.0,0.0,4.508492000241353,4.911111609866787,-1
1093,2019-04-04,4.465541617850194,-2.1070692368840427,11.615890160524016,4.465541617850194,4.465541617850194,0.01613179172775104,0.01613179172775104,0.01613179172775104,0.03864826539203555,0.03864826539203555,0.03864826539203555,-0.022516473664284505,-0.022516473664284505,-0.022516473664284505,0.0,0.0,0.0,4.481673409577946,4.856272511399266,-1
1094,2019-04-05,4.462623495590452,-2.3013848909820918,10.376425617848005,4.462623495590452,4.462623495590452,-0.11929547177097376,-0.11929547177097376,-0.11929547177097376,0.0039287967366869085,0.0039287967366869085,0.0039287967366869085,-0.12322426850766066,-0.12322426850766066,-0.12322426850766066,0.0,0.0,0.0,4.3433280238194785,4.788301770335864,-1
1095,2019-04-08,4.4538691288112275,-2.824801673349159,10.801218363135435,4.4538691288112275,4.4538691288112275,-0.3778958006655223,-0.3778958006655223,-0.3778958006655223,0.06302283964487382,0.06302283964487382,0.06302283964487382,-0.44091864031039607,-0.44091864031039607,-0.44091864031039607,0.0,0.0,0.0,4.075973328145706,4.685245122318207,-1
1096,2019-04-09,4.450951006551486,-2.713922613139652,10.883281222868492,4.450951006551486,4.450951006551486,-0.5032496857090336,-0.5032496857090336,-0.5032496857090336,0.044313532660010195,0.044313532660010195,0.044313532660010195,-0.5475632183690439,-0.5475632183690439,-0.5475632183690439,0.0,0.0,0.0,3.9477013208424525,4.57257125095965,-1
1097,2019-04-10,4.448032884291745,-2.6038923695218577,10.626641211444351,4.448032884291745,4.448032884291745,-0.6858077543688561,-0.6858077543688561,-0.6858077543688561,-0.03333725219125979,-0.03333725219125979,-0.03333725219125979,-0.6524705021775963,-0.6524705021775963,-0.6524705021775963,0.0,0.0,0.0,3.7622251299228893,4.45158147712132,-1
1098,2019-04-11,4.445114762032004,-3.425768509480539,10.313871863751029,4.445114762032004,4.445114762032004,-0.7158521670102138,-0.7158521670102138,-0.7158521670102138,0.03864826539204341,0.03864826539204341,0.03864826539204341,-0.7545004324022572,-0.7545004324022572,-0.7545004324022572,0.0,0.0,0.0,3.7292625950217904,4.323691477257847,-1
1099,2019-04-12,4.442196639772262,-2.940030785890254,10.064070921846573,4.442196639772262,4.442196639772262,-0.8487029219428829,-0.8487029219428829,-0.8487029219428829,0.003928796736775517,0.003928796736775517,0.003928796736775517,-0.8526317186796584,-0.8526317186796584,-0.8526317186796584,0.0,0.0,0.0,3.593493717829379,4.190398783004294,-1
1100,2019-04-15,4.433442272993037,-3.094374943585683,10.284609053886717,4.433442272993037,4.433442272993037,-1.0525669082763913,-1.0525669082763913,-1.0525669082763913,0.06302283964501433,0.06302283964501433,0.06302283964501433,-1.1155897479214056,-1.1155897479214056,-1.1155897479214056,0.0,0.0,0.0,3.380875364716646,4.050187674105371,-1
1101,2019-04-16,4.430524150733296,-3.3222020076112235,10.087611215929787,4.430524150733296,4.430524150733296,-1.1465782150421369,-1.1465782150421369,-1.1465782150421369,0.044313532659976174,0.044313532659976174,0.044313532659976174,-1.190891747702113,-1.190891747702113,-1.190891747702113,0.0,0.0,0.0,3.2839459356911593,3.9106970825808802,-1
1102,2019-04-17,4.427606028473555,-4.236562202628673,10.836284702415298,4.427606028473555,4.427606028473555,-1.292843950112099,-1.292843950112099,-1.292843950112099,-0.03333725219118234,-0.03333725219118234,-0.03333725219118234,-1.2595066979209164,-1.2595066979209164,-1.2595066979209164,0.0,0.0,0.0,3.1347620783614563,3.77332409039289,-1
1103,2019-04-18,4.424687906213813,-3.617899581611526,10.212020062498734,4.424687906213813,4.424687906213813,-1.282731099229652,-1.282731099229652,-1.282731099229652,0.038648265391905426,0.038648265391905426,0.038648265391905426,-1.3213793646215575,-1.3213793646215575,-1.3213793646215575,0.0,0.0,0.0,3.141956806984161,3.639352430133512,-1
1104,2019-04-22,4.413015417174847,-3.5422307139088396,9.91412329452753,4.413015417174847,4.413015417174847,-1.442452679745274,-1.442452679745274,-1.442452679745274,0.06302283964502817,0.06302283964502817,0.06302283964502817,-1.505475519390302,-1.505475519390302,-1.505475519390302,0.0,0.0,0.0,2.9705627374295736,3.5020759014945213,-1
1105,2019-04-23,4.410097294915106,-4.237652891620776,9.838082622638709,4.410097294915106,4.410097294915106,-1.4933645067905037,-1.4933645067905037,-1.4933645067905037,0.04431353265999169,0.04431353265999169,0.04431353265999169,-1.5376780394504956,-1.5376780394504956,-1.5376780394504956,0.0,0.0,0.0,2.9167327881246026,3.3861518474924113,-1
1106,2019-04-24,4.407179172655364,-4.374635530764699,9.441673677631195,4.407179172655364,4.407179172655364,-1.5987733067269854,-1.5987733067269854,-1.5987733067269854,-0.03333725219120715,-0.03333725219120715,-0.03333725219120715,-1.5654360545357782,-1.5654360545357782,-1.5654360545357782,0.0,0.0,0.0,2.8084058659283784,3.2722223020010035,-1
1107,2019-04-25,4.404261050395623,-4.1703886574744224,9.486730490626714,4.404261050395623,4.404261050395623,-1.5507023581914043,-1.5507023581914043,-1.5507023581914043,0.038648265391913295,0.038648265391913295,0.038648265391913295,-1.5893506235833177,-1.5893506235833177,-1.5893506235833177,0.0,0.0,0.0,2.8535586922042184,3.181355658229136,-1
1108,2019-04-26,4.401342928135881,-3.762955336729777,9.442767476931932,4.401342928135881,4.401342928135881,-1.606080470318511,-1.606080470318511,-1.606080470318511,0.003928796736670653,0.003928796736670653,0.003928796736670653,-1.6100092670551815,-1.6100092670551815,-1.6100092670551815,0.0,0.0,0.0,2.79526245781737,3.0879556445086944,-1
1109,2019-04-29,4.392588561356658,-4.052890255564639,9.68477660247357,4.392588561356658,4.392588561356658,-1.5944936760453743,-1.5944936760453743,-1.5944936760453743,0.06302283964504632,0.06302283964504632,0.06302283964504632,-1.6575165156904208,-1.6575165156904208,-1.6575165156904208,0.0,0.0,0.0,2.7980948853112837,3.008415761256885,-1
1110,2019-04-30,4.389670439096916,-4.091880816951202,9.429602833342924,4.389670439096916,4.389670439096916,-1.6254521981218164,-1.6254521981218164,-1.6254521981218164,0.044313532660076024,0.044313532660076024,0.044313532660076024,-1.6697657307818927,-1.6697657307818927,-1.6697657307818927,0.0,0.0,0.0,2.7642182409750995,2.9467500488827305,-1
1111,2019-05-01,4.386752316837175,-3.742465462156865,9.414652682546356,4.386752316837175,4.386752316837175,-1.7138737392680172,-1.7138737392680172,-1.7138737392680172,-0.03333725219123197,-0.03333725219123197,-0.03333725219123197,-1.6805364870767852,-1.6805364870767852,-1.6805364870767852,0.0,0.0,0.0,2.6728785775691577,2.8856433130705303,-1
1112,2019-05-02,4.383834194577433,-4.0744092989341185,9.45558439788985,4.383834194577433,4.383834194577433,-1.6511525885644276,-1.6511525885644276,-1.6511525885644276,0.038648265392012146,0.038648265392012146,0.038648265392012146,-1.6898008539564398,-1.6898008539564398,-1.6898008539564398,0.0,0.0,0.0,2.732681606013005,2.845435265835685,-1
1113,2019-05-03,4.380916072317691,-4.411736632138119,9.422896713663002,4.380916072317691,4.380916072317691,-1.6934434927774362,-1.6934434927774362,-1.6934434927774362,0.003928796736759259,0.003928796736759259,0.003928796736759259,-1.6973722895141954,-1.6973722895141954,-1.6973722895141954,0.0,0.0,0.0,2.6874725795402554,2.799986843091294,-1
1114,2019-05-06,4.372161705538467,-4.288870772825419,9.903091400128515,4.372161705538467,4.372161705538467,-1.6426443118502676,-1.6426443118502676,-1.6426443118502676,0.06302283964518682,0.06302283964518682,0.06302283964518682,-1.7056671514954544,-1.7056671514954544,-1.7056671514954544,0.0,0.0,0.0,2.7295173936881993,2.775882308717157,-1
1115,2019-05-07,4.369243583278726,-4.207196831749614,8.907357246979007,4.369243583278726,4.369243583278726,-1.6571410386976304,-1.6571410386976304,-1.6571410386976304,0.04431353265992361,0.04431353265992361,0.04431353265992361,-1.701454571357554,-1.701454571357554,-1.701454571357554,0.0,0.0,0.0,2.7121025445810956,2.755419284362806,-1
1116,2019-05-08,4.366325461018984,-3.577063545857995,9.507913980226764,4.366325461018984,4.366325461018984,-1.725680443112098,-1.725680443112098,-1.725680443112098,-0.033337252191256786,-0.033337252191256786,-0.033337252191256786,-1.692343190920841,-1.692343190920841,-1.692343190920841,0.0,0.0,0.0,2.640645017906886,2.738643199560657,-1
1117,2019-05-09,4.3634073387592425,-3.808522778221516,9.327957107415688,4.3634073387592425,4.3634073387592425,-1.6386892454595106,-1.6386892454595106,-1.6386892454595106,0.03864826539190159,0.03864826539190159,0.03864826539190159,-1.6773375108514124,-1.6773375108514124,-1.6773375108514124,0.0,0.0,0.0,2.7247180932997317,2.7257591396702088,-1
1118,2019-05-10,4.360489216499501,-3.8338384606618066,9.680669555930455,4.360489216499501,4.360489216499501,-1.6514523547626832,-1.6514523547626832,-1.6514523547626832,0.003928796736706823,0.003928796736706823,0.003928796736706823,-1.6553811514993897,-1.6553811514993897,-1.6553811514993897,0.0,0.0,0.0,2.709036861736818,2.717136580062153,-1
1119,2019-05-13,4.351734849720277,-3.872383520682407,9.409808967206297,4.351734849720277,4.351734849720277,-1.4740107163678717,-1.4740107163678717,-1.4740107163678717,0.0630228396450826,0.0630228396450826,0.0630228396450826,-1.5370335560129542,-1.5370335560129542,-1.5370335560129542,0.0,0.0,0.0,2.8777241333524053,2.7250995048662654,1
1120,2019-05-14,4.348816727460535,-4.032087614758092,9.589949891270708,4.348816727460535,4.348816727460535,-1.4323692369673964,-1.4323692369673964,-1.4323692369673964,0.04431353265993914,0.04431353265993914,0.04431353265993914,-1.4766827696273357,-1.4766827696273357,-1.4766827696273357,0.0,0.0,0.0,2.9164474904931383,2.740322429818069,1
1121,2019-05-15,4.3458986052007935,-4.219290475582843,9.946484785446733,4.3458986052007935,4.3458986052007935,-1.437735004244049,-1.437735004244049,-1.437735004244049,-0.03333725219125893,-0.03333725219125893,-0.03333725219125893,-1.4043977520527904,-1.4043977520527904,-1.4043977520527904,0.0,0.0,0.0,2.9081636009567444,2.763850932156828,1
1122,2019-05-16,4.342980482941052,-3.4307032335254655,9.898438513543312,4.342980482941052,4.342980482941052,-1.2808483765620986,-1.2808483765620986,-1.2808483765620986,0.038648265391954956,0.038648265391954956,0.038648265391954956,-1.3194966419540535,-1.3194966419540535,-1.3194966419540535,0.0,0.0,0.0,3.0621321063789537,2.796795982193423,1
1123,2019-05-17,4.34006236068131,-3.6580727947626457,10.453919221046787,4.34006236068131,4.34006236068131,-1.2175539495531067,-1.2175539495531067,-1.2175539495531067,0.0039287967366454365,0.0039287967366454365,0.0039287967366454365,-1.221482746289752,-1.221482746289752,-1.221482746289752,0.0,0.0,0.0,3.1225084111282033,2.8402995653522174,1
1124,2019-05-20,4.331307993902086,-3.0121345554517136,10.336530961585641,4.331307993902086,4.331307993902086,-0.7841141090723535,-0.7841141090723535,-0.7841141090723535,0.06302283964509645,0.06302283964509645,0.06302283964509645,-0.8471369487174499,-0.8471369487174499,-0.8471369487174499,0.0,0.0,0.0,3.547193884829732,2.922067214466371,1
1125,2019-05-21,4.328389871642345,-3.453724843964731,10.51993950118922,4.328389871642345,4.328389871642345,-0.6519824864064213,-0.6519824864064213,-0.6519824864064213,0.0443135326599051,0.0443135326599051,0.0443135326599051,-0.6962960190663264,-0.6962960190663264,-0.6962960190663264,0.0,0.0,0.0,3.6764073852359234,3.0184976985318537,1
1126,2019-05-22,4.325471749382603,-3.4494863505697975,10.93592826992883,4.325471749382603,4.325471749382603,-0.5667834361682278,-0.5667834361682278,-0.5667834361682278,-0.03333725219128375,-0.03333725219128375,-0.03333725219128375,-0.533446183976944,-0.533446183976944,-0.533446183976944,0.0,0.0,0.0,3.7586883132143756,3.1303020280626024,1
1127,2019-05-23,4.32255362712286,-3.4036959647606326,10.813889336963978,4.32255362712286,4.32255362712286,-0.3209561886109441,-0.3209561886109441,-0.3209561886109441,0.03864826539200831,0.03864826539200831,0.03864826539200831,-0.35960445400295243,-0.35960445400295243,-0.35960445400295243,0.0,0.0,0.0,4.001597438511916,3.257989962583821,1
1128,2019-05-24,4.323042092880644,-2.4965903199712076,10.872537900419708,4.323042092880644,4.323042092880644,-0.17211866651361235,-0.17211866651361235,-0.17211866651361235,0.003928796736601965,0.003928796736601965,0.003928796736601965,-0.1760474632502143,-0.1760474632502143,-0.1760474632502143,0.0,0.0,0.0,4.150923426367031,3.4021786190468424,1
1129,2019-05-28,4.324995955911776,-1.623979573306916,12.008030629152348,4.324995955911776,4.324995955911776,0.6661687972046025,0.6661687972046025,0.6661687972046025,0.0443135326597527,0.0443135326597527,0.0443135326597527,0.6218552645448497,0.6218552645448497,0.6218552645448497,0.0,0.0,0.0,4.9911647531163785,3.6135226810232397,1
1130,2019-05-29,4.325484421669559,-1.2705949509094236,12.561027415052997,4.325484421669559,4.325484421669559,0.7939794463575683,0.7939794463575683,0.7939794463575683,-0.03333725219121763,-0.03333725219121763,-0.03333725219121763,0.827316698548786,0.827316698548786,0.827316698548786,0.0,0.0,0.0,5.119463868027127,3.833824318776638,1
1131,2019-05-30,4.325972887427342,-1.7810225988133337,12.05622356803512,4.325972887427342,4.325972887427342,1.0694380785840711,1.0694380785840711,1.0694380785840711,0.03864826539194325,0.03864826539194325,0.03864826539194325,1.030789813192128,1.030789813192128,1.030789813192128,0.0,0.0,0.0,5.395410966011413,4.082549055282106,1
1132,2019-05-31,4.326461353185126,-1.1328680497789199,12.301479151868923,4.326461353185126,4.326461353185126,1.233933287884482,1.233933287884482,1.233933287884482,0.003928796736690572,0.003928796736690572,0.003928796736690572,1.2300044911477916,1.2300044911477916,1.2300044911477916,0.0,0.0,0.0,5.560394641069608,4.332375308751171,1
1133,2019-06-03,4.3279267504584755,-0.3255016183542604,12.920499764047696,4.3279267504584755,4.3279267504584755,1.8432217482512068,1.8432217482512068,1.8432217482512068,0.06302283964513274,0.06302283964513274,0.06302283964513274,1.780198908606074,1.780198908606074,1.780198908606074,0.0,0.0,0.0,6.171148498709682,4.6372393175093185,1
1134,2019-06-04,4.328415216216258,-0.9558129521398486,12.773135735737027,4.328415216216258,4.328415216216258,1.9854086190369507,1.9854086190369507,1.9854086190369507,0.044313532659837014,0.044313532659837014,0.044313532659837014,1.9410950863771135,1.9410950863771135,1.9410950863771135,0.0,0.0,0.0,6.313823835253208,4.913902312551666,1
1135,2019-06-05,4.328903681974042,-0.6633434795938155,12.757839968949662,4.328903681974042,4.328903681974042,2.0545310084442443,2.0545310084442443,2.0545310084442443,-0.033337252191322046,-0.033337252191322046,-0.033337252191322046,2.0878682606355663,2.0878682606355663,2.0878682606355663,0.0,0.0,0.0,6.383434690418286,5.184605043069903,1
1136,2019-06-06,4.3293921477318245,-0.5266070351623695,13.456149408888553,4.3293921477318245,4.3293921477318245,2.25781347712097,2.25781347712097,2.25781347712097,0.03864826539195112,0.03864826539195112,0.03864826539195112,2.2191652117290186,2.2191652117290186,2.2191652117290186,0.0,0.0,0.0,6.587205624852794,5.467456774233744,1
1137,2019-06-07,4.329880613489608,-0.18035582863706304,13.53961615026358,4.329880613489608,4.329880613489608,2.3378566677220656,2.3378566677220656,2.3378566677220656,0.0039287967366381385,0.0039287967366381385,0.0039287967366381385,2.3339278709854274,2.3339278709854274,2.3339278709854274,0.0,0.0,0.0,6.667737281211673,5.73407075850372,1
1138,2019-06-10,4.3313460107629576,0.3423277763158982,13.844814688574141,4.3313460107629576,4.3313460107629576,2.636366253052841,2.636366253052841,2.636366253052841,0.0630228396450242,0.0630228396450242,0.0630228396450242,2.5733434134078172,2.5733434134078172,2.5733434134078172,0.0,0.0,0.0,6.967712263815798,6.015749642248597,1
1139,2019-06-11,4.331834476520741,0.27442296735468547,13.532096225661256,4.331834476520741,4.331834476520741,2.6623409333347547,2.6623409333347547,2.6623409333347547,0.044313532660138856,0.044313532660138856,0.044313532660138856,2.6180274006746163,2.6180274006746163,2.6180274006746163,0.0,0.0,0.0,6.994175409855496,6.216050707922508,1
1140,2019-06-12,4.332322942278524,0.20882561489994853,13.866532960322115,4.332322942278524,4.332322942278524,2.612597702980395,2.612597702980395,2.612597702980395,-0.03333725219125593,-0.03333725219125593,-0.03333725219125593,2.6459349551716502,2.6459349551716502,2.6459349551716502,0.0,0.0,0.0,6.944920645258919,6.398596385645688,1
1141,2019-06-13,4.332811408036307,0.6476570162456324,14.288118620706545,4.332811408036307,4.332811408036307,2.696681867174611,2.696681867174611,2.696681867174611,0.03864826539200448,0.03864826539200448,0.03864826539200448,2.658033601782606,2.658033601782606,2.658033601782606,0.0,0.0,0.0,7.0294932752109185,6.562004616565638,1
1142,2019-06-14,4.33329987379409,-0.24852700083783208,14.146809676724887,4.33329987379409,4.33329987379409,2.659519868234661,2.659519868234661,2.659519868234661,0.003928796736585708,0.003928796736585708,0.003928796736585708,2.6555910714980753,2.6555910714980753,2.6555910714980753,0.0,0.0,0.0,6.99281974202875,6.705247126661552,1
1143,2019-06-17,4.33476527106744,-0.06803867817552796,13.894846400533522,4.33476527106744,4.33476527106744,2.6404780697852366,2.6404780697852366,2.6404780697852366,0.06302283964516471,0.06302283964516471,0.06302283964516471,2.577455230140072,2.577455230140072,2.577455230140072,0.0,0.0,0.0,6.975243340852677,6.785656610875852,1
1144,2019-06-18,4.335253736825223,-0.2913298881115094,13.905323886090303,4.335253736825223,4.335253736825223,2.5785458786746096,2.5785458786746096,2.5785458786746096,0.044313532660104814,0.044313532660104814,0.044313532660104814,2.5342323460145044,2.5342323460145044,2.5342323460145044,0.0,0.0,0.0,6.9137996154998325,6.845654188900515,1
1145,2019-06-19,4.335742202583007,-0.3684883290351842,13.781318209626276,4.335742202583007,4.335742202583007,2.452590727614872,2.452590727614872,2.452590727614872,-0.03333725219118981,-0.03333725219118981,-0.03333725219118981,2.4859279798060623,2.4859279798060623,2.4859279798060623,0.0,0.0,0.0,6.788332930197879,6.886144012878473,-1
1146,2019-06-20,4.336230668340789,0.037420802026773115,14.036047633635345,4.336230668340789,4.336230668340789,2.47335518047715,2.47335518047715,2.47335518047715,0.03864826539201235,0.03864826539201235,0.03864826539201235,2.4347069150851373,2.4347069150851373,2.4347069150851373,0.0,0.0,0.0,6.809585848817939,6.908382035274988,-1
1147,2019-06-21,4.336719134098573,0.07674588365096205,13.764139405059401,4.336719134098573,4.336719134098573,2.38662238687383,2.38662238687383,2.38662238687383,0.003928796736683279,0.003928796736683279,0.003928796736683279,2.382693590137147,2.382693590137147,2.382693590137147,0.0,0.0,0.0,6.723341520972403,6.913942459251061,-1
1148,2019-06-24,4.338184531371922,0.23281672319869465,13.347718380598252,4.338184531371922,4.338184531371922,2.304381222635191,2.304381222635191,2.304381222635191,0.06302283964518285,0.06302283964518285,0.06302283964518285,2.2413583829900077,2.2413583829900077,2.2413583829900077,0.0,0.0,0.0,6.642565754007112,6.881427808270193,-1
1149,2019-06-25,4.338672997129706,-0.2268089969166338,13.51592587376345,4.338672997129706,4.338672997129706,2.248988733951359,2.248988733951359,2.248988733951359,0.0443135326599524,0.0443135326599524,0.0443135326599524,2.204675201291407,2.204675201291407,2.204675201291407,0.0,0.0,0.0,6.587661731081065,6.840776440392749,-1
1150,2019-06-26,4.339161462887488,-0.16939441951368372,13.707372579594148,4.339161462887488,4.339161462887488,2.141994531798393,2.141994531798393,2.141994531798393,-0.033337252191294235,-0.033337252191294235,-0.033337252191294235,2.175331783989687,2.175331783989687,2.175331783989687,0.0,0.0,0.0,6.481155994685881,6.7943999753354465,-1
1151,2019-06-27,4.339649928645271,-0.6531164367939172,13.468010753465116,4.339649928645271,4.339649928645271,2.192792515652449,2.192792515652449,2.192792515652449,0.03864826539199277,0.03864826539199277,0.03864826539199277,2.1541442502604564,2.1541442502604564,2.1541442502604564,0.0,0.0,0.0,6.53244244429772,6.744694892244125,-1
1152,2019-06-28,4.340138394403055,-0.08261352885913999,13.18319125369846,4.340138394403055,4.340138394403055,2.145515502069129,2.145515502069129,2.145515502069129,0.003928796736780842,0.003928796736780842,0.003928796736780842,2.141586705332348,2.141586705332348,2.141586705332348,0.0,0.0,0.0,6.485653896472184,6.69397830768847,-1
1153,2019-07-01,4.3416037916764045,-0.14900391215433573,13.797212137954512,4.3416037916764045,4.3416037916764045,2.2181124612950724,2.2181124612950724,2.2181124612950724,0.06302283964532335,0.06302283964532335,0.06302283964532335,2.155089621649749,2.155089621649749,2.155089621649749,0.0,0.0,0.0,6.5597162529714765,6.652425598900349,-1
1154,2019-07-02,4.342092257434188,-0.17602905937498714,13.501379705890368,4.342092257434188,4.342092257434188,2.2189996302296864,2.2189996302296864,2.2189996302296864,0.04431353266008631,0.04431353266008631,0.04431353266008631,2.1746860975696003,2.1746860975696003,2.1746860975696003,0.0,0.0,0.0,6.561091887663874,6.617154826116753,-1
1155,2019-07-03,4.342580723191971,-1.3032612704662978,13.26796043701916,4.342580723191971,4.342580723191971,2.1666869426111175,2.1666869426111175,2.1666869426111175,-0.033337252191228114,-0.033337252191228114,-0.033337252191228114,2.2000241948023453,2.2000241948023453,2.2000241948023453,0.0,0.0,0.0,6.509267665803089,6.5892482996772745,-1
1156,2019-07-05,4.343557654707538,-0.13182682485648753,13.309728373953176,4.343557654707538,4.343557654707538,2.265547062221266,2.265547062221266,2.265547062221266,0.003928796736728408,0.003928796736728408,0.003928796736728408,2.261618265484538,2.261618265484538,2.261618265484538,0.0,0.0,0.0,6.609104716928804,6.569200186488361,1
1157,2019-07-08,4.345023051980887,-0.12959004112092726,13.419458057211349,4.345023051980887,4.345023051980887,2.4156296929761223,2.4156296929761223,2.4156296929761223,0.06302283964509248,0.06302283964509248,0.06302283964509248,2.3526068533310305,2.3526068533310305,2.3526068533310305,0.0,0.0,0.0,6.760652744957008,6.572931308886821,1
1158,2019-07-09,4.34551151773867,-0.2094691103533213,13.575785054445083,4.34551151773867,4.34551151773867,2.418503773224347,2.418503773224347,2.418503773224347,0.044313532660052266,0.044313532660052266,0.044313532660052266,2.3741902405642947,2.3741902405642947,2.3741902405642947,0.0,0.0,0.0,6.764015290963017,6.585076262582412,1
1159,2019-07-10,4.345999983496453,-0.014118550008298895,13.462457354926784,4.345999983496453,4.345999983496453,2.354561371936923,2.354561371936923,2.354561371936923,-0.03333725219125293,-0.03333725219125293,-0.03333725219125293,2.3878986241281757,2.3878986241281757,2.3878986241281757,0.0,0.0,0.0,6.700561355433376,6.5963662250176425,1
1160,2019-07-11,4.346488449254236,-0.3579650179594025,14.069412318524924,4.346488449254236,4.346488449254236,2.4304240877038015,2.4304240877038015,2.4304240877038015,0.03864826539200851,0.03864826539200851,0.03864826539200851,2.3917758223117924,2.3917758223117924,2.3917758223117924,0.0,0.0,0.0,6.776912536958038,6.625941879244858,1
1161,2019-07-12,4.34697691501202,-0.343145377899728,13.728981178708837,4.34697691501202,4.34697691501202,2.3879773789479644,2.3879773789479644,2.3879773789479644,0.003928796736817015,0.003928796736817015,0.003928796736817015,2.3840485822111477,2.3840485822111477,2.3840485822111477,0.0,0.0,0.0,6.734954293959984,6.646193064211085,1
1162,2019-07-15,4.3484423122853695,0.12169634431739007,13.337627191981284,4.3484423122853695,4.3484423122853695,2.3404284632623136,2.3404284632623136,2.3404284632623136,0.06302283964498395,0.06302283964498395,0.06302283964498395,2.2774056236173292,2.2774056236173292,2.2774056236173292,0.0,0.0,0.0,6.688870775547683,6.666514752118635,1
1163,2019-07-16,4.348930778043152,0.11944824620558957,14.435713611906637,4.348930778043152,4.348930778043152,2.255363471955309,2.255363471955309,2.255363471955309,0.04431353266001822,0.04431353266001822,0.04431353266001822,2.211049939295291,2.211049939295291,2.211049939295291,0.0,0.0,0.0,6.6042942499984605,6.670972551821333,-1
1164,2019-07-17,4.349419243800935,-0.43373049503185557,13.383135409272215,4.349419243800935,4.349419243800935,2.095395487154446,2.095395487154446,2.095395487154446,-0.033337252191186814,-0.033337252191186814,-0.033337252191186814,2.128732739345633,2.128732739345633,2.128732739345633,0.0,0.0,0.0,6.444814730955381,6.659344836150484,-1
1165,2019-07-18,4.349907709558718,-0.07339522052983241,12.986435506457317,4.349907709558718,4.349907709558718,2.0693775723281154,2.0693775723281154,2.0693775723281154,0.03864826539198894,0.03864826539198894,0.03864826539198894,2.0307293069361263,2.0307293069361263,2.0307293069361263,0.0,0.0,0.0,6.419285281886834,6.650346597758859,-1
1166,2019-07-19,4.350396175316502,-0.046559140629811646,13.415877210650724,4.350396175316502,4.350396175316502,1.9216626630996059,1.9216626630996059,1.9216626630996059,0.003928796736773544,0.003928796736773544,0.003928796736773544,1.9177338663628325,1.9177338663628325,1.9177338663628325,0.0,0.0,0.0,6.272058838416108,6.616642009907589,-1
1167,2019-07-22,4.3518615725898515,-0.9720645925081965,12.606030942432335,4.3518615725898515,4.3518615725898515,1.5648442191734866,1.5648442191734866,1.5648442191734866,0.06302283964500209,0.06302283964500209,0.06302283964500209,1.5018213795284847,1.5018213795284847,1.5018213795284847,0.0,0.0,0.0,5.916705791763338,6.532247314588221,-1
1168,2019-07-23,4.352350038347635,-1.0605191512239993,12.433595214012275,4.352350038347635,4.352350038347635,1.3880563568699111,1.3880563568699111,1.3880563568699111,0.044313532660033746,0.044313532660033746,0.044313532660033746,1.3437428242098775,1.3437428242098775,1.3437428242098775,0.0,0.0,0.0,5.740406395217546,6.429886425013675,-1
1169,2019-07-24,4.352838504105417,-1.3602973244561367,12.618758574306021,4.352838504105417,4.352838504105417,1.146504136566845,1.146504136566845,1.146504136566845,-0.033337252191200296,-0.033337252191200296,-0.033337252191200296,1.1798413887580452,1.1798413887580452,1.1798413887580452,0.0,0.0,0.0,5.499342640672262,6.309764553537564,-1
1170,2019-07-25,4.353326969863201,-1.9338171520117382,12.283242247464406,4.353326969863201,4.353326969863201,1.051477118556283,1.051477118556283,1.051477118556283,0.038648265391878385,0.038648265391878385,0.038648265391878385,1.0128288531644047,1.0128288531644047,1.0128288531644047,0.0,0.0,0.0,5.404804088419485,6.172553708683708,-1
1171,2019-07-26,4.353815435620984,-1.6576816459877546,11.924891527054795,4.353815435620984,4.353815435620984,0.8495102074649286,0.8495102074649286,0.8495102074649286,0.003928796736712154,0.003928796736712154,0.003928796736712154,0.8455814107282165,0.8455814107282165,0.8455814107282165,0.0,0.0,0.0,5.203325643085912,6.0193908435963,-1
1172,2019-07-29,4.3552808328943335,-1.953099542355737,11.825675333564444,4.3552808328943335,4.3552808328943335,0.4352280890279018,0.4352280890279018,0.4352280890279018,0.06302283964501594,0.06302283964501594,0.06302283964501594,0.3722052493828859,0.3722052493828859,0.3722052493828859,0.0,0.0,0.0,4.790508921922235,5.829554658233756,-1
1173,2019-07-30,4.355769298652117,-1.8888257706450253,11.962374496810511,4.355769298652117,4.355769298652117,0.2779363449298992,0.2779363449298992,0.2779363449298992,0.044313532660118074,0.044313532660118074,0.044313532660118074,0.23362281226978113,0.23362281226978113,0.23362281226978113,0.0,0.0,0.0,4.633705643582016,5.632495797592112,-1
1174,2019-07-31,4.3562577644099,-2.5372462556560125,11.418211131089642,4.3562577644099,4.3562577644099,0.07584387771565607,0.07584387771565607,0.07584387771565607,-0.03333725219122512,-0.03333725219122512,-0.03333725219122512,0.10918112990688118,0.10918112990688118,0.10918112990688118,0.0,0.0,0.0,4.432101642125557,5.4312244887091286,-1
1175,2019-08-01,4.356746230167683,-2.6558635512644457,11.582108675728323,4.356746230167683,4.356746230167683,0.039897936774032444,0.039897936774032444,0.039897936774032444,0.03864826539197724,0.03864826539197724,0.03864826539197724,0.0012496713820551982,0.0012496713820551982,0.0012496713820551982,0.0,0.0,0.0,4.396644166941716,5.228960377214618,-1
1176,2019-08-02,4.357234695925467,-2.7114765537144945,11.163979027950921,4.357234695925467,4.357234695925467,-0.08419789593036084,-0.08419789593036084,-0.08419789593036084,0.003928796736659722,0.003928796736659722,0.003928796736659722,-0.08812669266702056,-0.08812669266702056,-0.08812669266702056,0.0,0.0,0.0,4.273036799995106,5.029058173372517,-1
1177,2019-08-05,4.358700093198816,-3.1183419750297623,11.254605559422203,4.358700093198816,4.358700093198816,-0.16742126311731045,-0.16742126311731045,-0.16742126311731045,0.06302283964515644,0.06302283964515644,0.06302283964515644,-0.23044410276246688,-0.23044410276246688,-0.23044410276246688,0.0,0.0,0.0,4.191278830081505,4.856515477204335,-1
1178,2019-08-06,4.359188558956599,-2.8514976707151556,10.325480131398269,4.359188558956599,4.359188558956599,-0.18907357999643915,-0.18907357999643915,-0.18907357999643915,0.04431353265996567,0.04431353265996567,0.04431353265996567,-0.2333871126564048,-0.2333871126564048,-0.2333871126564048,0.0,0.0,0.0,4.17011497896016,4.699486335578595,-1
1179,2019-08-07,4.359677024714382,-2.5752323487064452,10.533394533555219,4.359677024714382,4.359677024714382,-0.24736330007959081,-0.24736330007959081,-0.24736330007959081,-0.03333725219124993,-0.03333725219124993,-0.03333725219124993,-0.2140260478883409,-0.2140260478883409,-0.2140260478883409,0.0,0.0,0.0,4.112313724634792,4.560783443974848,-1
1180,2019-08-08,4.360165490472165,-2.2656665488106587,10.556404349263582,4.360165490472165,4.360165490472165,-0.1344339845082595,-0.1344339845082595,-0.1344339845082595,0.03864826539186669,0.03864826539186669,0.03864826539186669,-0.1730822499001262,-0.1730822499001262,-0.1730822499001262,0.0,0.0,0.0,4.225731505963906,4.442876185729291,-1
1181,2019-08-09,4.360653956229949,-2.1061401464962324,10.914532668862986,4.360653956229949,4.360653956229949,-0.10784275821613444,-0.10784275821613444,-0.10784275821613444,0.003928796736748327,0.003928796736748327,0.003928796736748327,-0.11177155495288278,-0.11177155495288278,-0.11177155495288278,0.0,0.0,0.0,4.252811198013815,4.347824741222081,-1
1182,2019-08-12,4.3621193535032985,-2.1020691007713923,11.72953835503334,4.3621193535032985,4.3621193535032985,0.2383624829119422,0.2383624829119422,0.2383624829119422,0.06302283964505222,0.06302283964505222,0.06302283964505222,0.17533964326689,0.17533964326689,0.17533964326689,0.0,0.0,0.0,4.6004818364152404,4.328822032671381,1
1183,2019-08-13,4.362607819261081,-2.4751259076023384,11.298076445990718,4.362607819261081,4.362607819261081,0.34141014189369645,0.34141014189369645,0.34141014189369645,0.04431353265993164,0.04431353265993164,0.04431353265993164,0.2970966092337648,0.2970966092337648,0.2970966092337648,0.0,0.0,0.0,4.704017961154777,4.335853264428657,1
1184,2019-08-14,4.363096285018865,-2.146960510403382,11.863843783269434,4.363096285018865,4.363096285018865,0.39356432968556915,0.39356432968556915,0.39356432968556915,-0.03333725219117247,-0.03333725219117247,-0.03333725219117247,0.4269015818767416,0.4269015818767416,0.4269015818767416,0.0,0.0,0.0,4.756660614704434,4.368309161686545,1
1185,2019-08-15,4.363584750776647,-1.7264757041466512,12.139025117253817,4.363584750776647,4.363584750776647,0.6000680848539993,0.6000680848539993,0.6000680848539993,0.038648265391920046,0.038648265391920046,0.038648265391920046,0.5614198194620792,0.5614198194620792,0.5614198194620792,0.0,0.0,0.0,4.963652835630647,4.425010028555438,1
1186,2019-08-16,4.364073216534431,-1.5959139250133858,11.997121952600876,4.364073216534431,4.364073216534431,0.7011171178613774,0.7011171178613774,0.7011171178613774,0.003928796736686935,0.003928796736686935,0.003928796736686935,0.6971883211246904,0.6971883211246904,0.6971883211246904,0.0,0.0,0.0,5.065190334395808,4.504225381995509,1
1187,2019-08-19,4.3655386138077805,-1.5440559913849363,12.17690756984997,4.3655386138077805,4.3655386138077805,1.1401366655708765,1.1401366655708765,1.1401366655708765,0.06302283964506607,0.06302283964506607,0.06302283964506607,1.0771138259258104,1.0771138259258104,1.0771138259258104,0.0,0.0,0.0,5.505675279378657,4.635665026925223,1
1188,2019-08-20,4.366027079565564,-1.4300170616911116,12.686851179702458,4.366027079565564,4.366027079565564,1.2277926940554391,1.2277926940554391,1.2277926940554391,0.044313532659947155,0.044313532659947155,0.044313532659947155,1.183479161395492,1.183479161395492,1.183479161395492,0.0,0.0,0.0,5.593819773621003,4.778035506391308,1
1189,2019-08-21,4.366515545323347,-1.4575510710224562,12.80713540924705,4.366515545323347,4.366515545323347,1.2413034948908834,1.2413034948908834,1.2413034948908834,-0.033337252191288226,-0.033337252191288226,-0.033337252191288226,1.2746407470821715,1.2746407470821715,1.2746407470821715,0.0,0.0,0.0,5.60781904021423,4.927586037949252,1
1190,2019-08-22,4.36700401108113,-0.8775039373842995,11.92620762759464,4.36700401108113,4.36700401108113,1.3866628905406755,1.3866628905406755,1.3866628905406755,0.038648265391973406,0.038648265391973406,0.038648265391973406,1.348014625148702,1.348014625148702,1.348014625148702,0.0,0.0,0.0,5.753666901621806,5.080379577515042,1
1191,2019-08-23,4.367492476838913,-1.6039326264655278,12.53706309324891,4.367492476838913,4.367492476838913,1.4053362775096454,1.4053362775096454,1.4053362775096454,0.003928796736643467,0.003928796736643467,0.003928796736643467,1.4014074807730017,1.4014074807730017,1.4014074807730017,0.0,0.0,0.0,5.772828754348558,5.232381333148516,1
1192,2019-08-26,4.3689578741122626,-0.7831856622788769,12.82425611541811,4.3689578741122626,4.3689578741122626,1.489634967801008,1.489634967801008,1.489634967801008,0.0630228396450842,0.0630228396450842,0.0630228396450842,1.4266121281559239,1.4266121281559239,1.4266121281559239,0.0,0.0,0.0,5.8585928419132705,5.358192433698319,1
1193,2019-08-27,4.369446339870046,-1.1666476894558149,12.549549808138586,4.369446339870046,4.369446339870046,1.4318146753869272,1.4318146753869272,1.4318146753869272,0.04431353265979475,0.04431353265979475,0.04431353265979475,1.3875011427271324,1.3875011427271324,1.3875011427271324,0.0,0.0,0.0,5.801261015256973,5.467916739108539,1
1194,2019-08-28,4.369934805627829,-1.1743557160846563,12.570380284752783,4.369934805627829,4.369934805627829,1.2913475438258721,1.2913475438258721,1.2913475438258721,-0.03333725219121077,-0.03333725219121077,-0.03333725219121077,1.3246847960170827,1.3246847960170827,1.3246847960170827,0.0,0.0,0.0,5.6612823494537015,5.558378912583466,1
1195,2019-08-29,4.370423271385612,-1.2560507440708193,12.15740772727739,4.370423271385612,4.370423271385612,1.2776286112173767,1.2776286112173767,1.2776286112173767,0.038648265392026766,0.038648265392026766,0.038648265392026766,1.2389803458253499,1.2389803458253499,1.2389803458253499,0.0,0.0,0.0,5.648051882602989,5.626818817280699,1
1196,2019-08-30,4.370911737143396,-1.869185063717564,12.041460589722043,4.370911737143396,4.370911737143396,1.1356351008456722,1.1356351008456722,1.1356351008456722,0.003928796736732066,0.003928796736732066,0.003928796736732066,1.1317063041089401,1.1317063041089401,1.1317063041089401,0.0,0.0,0.0,5.506546837989068,5.670954467640025,-1
1197,2019-09-03,4.372865600174528,-2.0641542230475767,11.749030330640544,4.372865600174528,4.372865600174528,0.5730331915874778,0.5730331915874778,0.5730331915874778,0.04431353265987908,0.04431353265987908,0.04431353265987908,0.5287196589275988,0.5287196589275988,0.5287196589275988,0.0,0.0,0.0,4.945898791762006,5.61497681887836,-1
1198,2019-09-04,4.373354065932311,-2.144760102911015,11.196275846919926,4.373354065932311,4.373354065932311,0.314739640028265,0.314739640028265,0.314739640028265,-0.03333725219131519,-0.03333725219131519,-0.03333725219131519,0.3480768922195802,0.3480768922195802,0.3480768922195802,0.0,0.0,0.0,4.6880937059605765,5.524404212112318,-1
1199,2019-09-05,4.373842531690094,-2.208479186131895,11.659539946319317,4.373842531690094,4.373842531690094,0.2004448814318203,0.2004448814318203,0.2004448814318203,0.038648265391916216,0.038648265391916216,0.038648265391916216,0.16179661603990408,0.16179661603990408,0.16179661603990408,0.0,0.0,0.0,4.5742874131219144,5.421051049403086,-1
1200,2019-09-06,4.374330997447878,-2.943040167417271,11.850995715535817,4.374330997447878,4.374330997447878,-0.022790056294264605,-0.022790056294264605,-0.022790056294264605,0.003928796736679638,0.003928796736679638,0.003928796736679638,-0.026718853030944244,-0.026718853030944244,-0.026718853030944244,0.0,0.0,0.0,4.351540941153613,5.2808384533562664,-1
1201,2019-09-09,4.3757963947212275,-2.696704341948666,10.846282309123525,4.3757963947212275,4.3757963947212275,-0.5088720893579236,-0.5088720893579236,-0.5088720893579236,0.06302283964512048,0.06302283964512048,0.06302283964512048,-0.5718949290030441,-0.5718949290030441,-0.5718949290030441,0.0,0.0,0.0,3.866924305363304,5.090248008457741,-1
1202,2019-09-10,4.376284860479011,-3.5144702585918783,10.546142129263986,4.376284860479011,4.376284860479011,-0.6918670814234309,-0.6918670814234309,-0.6918670814234309,0.0443135326598946,0.0443135326598946,0.0443135326598946,-0.7361806140833255,-0.7361806140833255,-0.7361806140833255,0.0,0.0,0.0,3.68441777905558,4.872830502171972,-1
1203,2019-09-11,4.376773326236793,-3.3193467886518344,10.720144914323367,4.376773326236793,4.376773326236793,-0.9203113074651447,-0.9203113074651447,-0.9203113074651447,-0.03333725219124906,-0.03333725219124906,-0.03333725219124906,-0.8869740552738956,-0.8869740552738956,-0.8869740552738956,0.0,0.0,0.0,3.4564620187716484,4.63835060252344,-1
1204,2019-09-12,4.377261791994576,-3.470735711982012,10.119040310504959,4.377261791994576,4.377261791994576,-0.9832260942501974,-0.9832260942501974,-0.9832260942501974,0.038648265391969576,0.038648265391969576,0.038648265391969576,-1.0218743596421669,-1.0218743596421669,-1.0218743596421669,0.0,0.0,0.0,3.3940356977443793,4.4116259373525075,-1
1205,2019-09-13,4.37775025775236,-3.8070579467696812,9.96852192098821,4.37775025775236,4.37775025775236,-1.134932742436061,-1.134932742436061,-1.134932742436061,0.003928796736627205,0.003928796736627205,0.003928796736627205,-1.1388615391726882,-1.1388615391726882,-1.1388615391726882,0.0,0.0,0.0,3.2428175153162986,4.171102500623839,-1
1206,2019-09-16,4.3792156550257095,-3.7200434438229397,10.118323573011502,4.3792156550257095,4.3792156550257095,-1.3055811231420646,-1.3055811231420646,-1.3055811231420646,0.06302283964513433,0.06302283964513433,0.06302283964513433,-1.368603962787199,-1.368603962787199,-1.368603962787199,0.0,0.0,0.0,3.073634531883645,3.9278112700132963,-1
1207,2019-09-17,4.379704120783496,-4.192693900575336,10.141911825490997,4.379704120783496,4.379704120783496,-1.358184123501138,-1.358184123501138,-1.358184123501138,0.04431353265986057,0.04431353265986057,0.04431353265986057,-1.4024976561609985,-1.4024976561609985,-1.4024976561609985,0.0,0.0,0.0,3.0215199972823585,3.7353733905653312,-1
1208,2019-09-18,4.394871371820577,-3.5049988599617996,9.679569834986989,4.394871371820577,4.394871371820577,-1.4484141866625804,-1.4484141866625804,-1.4484141866625804,-0.03333725219127388,-0.03333725219127388,-0.03333725219127388,-1.4150769344713066,-1.4150769344713066,-1.4150769344713066,0.0,0.0,0.0,2.946457185157997,3.5612097384850734,-1
1209,2019-09-19,4.4100386228576625,-3.6567367830627227,9.316481774219492,4.4100386228576625,4.4100386228576625,-1.368392723506884,-1.368392723506884,-1.368392723506884,0.03864826539197744,0.03864826539197744,0.03864826539197744,-1.4070409888988615,-1.4070409888988615,-1.4070409888988615,0.0,0.0,0.0,3.0416458993507787,3.4079455871079603,-1
1210,2019-09-20,4.425205873894744,-3.1607407657956754,10.639318268811364,4.425205873894744,4.425205873894744,-1.3755809909928254,-1.3755809909928254,-1.3755809909928254,0.003928796736574779,0.003928796736574779,0.003928796736574779,-1.3795097877294002,-1.3795097877294002,-1.3795097877294002,0.0,0.0,0.0,3.049624882901919,3.277753981282791,-1
1211,2019-09-23,4.470707627005988,-3.7767253993791665,10.161689549527683,4.470707627005988,4.470707627005988,-1.1335887468397507,-1.1335887468397507,-1.1335887468397507,0.06302283964515247,0.06302283964515247,0.06302283964515247,-1.1966115864849032,-1.1966115864849032,-1.1966115864849032,0.0,0.0,0.0,3.337118880166237,3.2247734387630844,1
1212,2019-09-24,4.485874878043073,-2.8166554780331103,9.944625285572954,4.485874878043073,4.485874878043073,-1.0649198302420066,-1.0649198302420066,-1.0649198302420066,0.04431353265999445,0.04431353265999445,0.04431353265999445,-1.109233362902001,-1.109233362902001,-1.109233362902001,0.0,0.0,0.0,3.4209550478010664,3.1984271656376326,1
1213,2019-09-25,4.501042129080154,-3.1554337633129506,10.33687173668748,4.501042129080154,4.501042129080154,-1.0460250266228701,-1.0460250266228701,-1.0460250266228701,-0.033337252191298704,-0.033337252191298704,-0.033337252191298704,-1.0126877744315714,-1.0126877744315714,-1.0126877744315714,0.0,0.0,0.0,3.4550171024572833,3.1982826740061965,1
1214,2019-09-26,4.516209380117235,-3.1807997821496565,10.675603335508875,4.516209380117235,4.516209380117235,-0.8709310655620155,-0.8709310655620155,-0.8709310655620155,0.03864826539195788,0.03864826539195788,0.03864826539195788,-0.9095793309539733,-0.9095793309539733,-0.9095793309539733,0.0,0.0,0.0,3.64527831455522,3.2234069356872803,1
1215,2019-09-27,4.531376631154316,-3.4236815733476047,10.187259615565267,4.531376631154316,4.531376631154316,-0.7986109175665985,-0.7986109175665985,-0.7986109175665985,0.003928796736663381,0.003928796736663381,0.003928796736663381,-0.8025397143032619,-0.8025397143032619,-0.8025397143032619,0.0,0.0,0.0,3.7327657135877175,3.272401755514422,1
1216,2019-09-30,4.576878384265564,-2.8733936012804895,11.284938504202183,4.576878384265564,4.576878384265564,-0.42015655930375745,-0.42015655930375745,-0.42015655930375745,0.06302283964529297,0.06302283964529297,0.06302283964529297,-0.48317939894905043,-0.48317939894905043,-0.48317939894905043,0.0,0.0,0.0,4.1567218249618065,3.380710484822238,1
1217,2019-10-01,4.592045635302646,-2.735170406991892,10.815404927044156,4.592045635302646,4.592045635302646,-0.3406948509169289,-0.3406948509169289,-0.3406948509169289,0.04431353266012836,0.04431353266012836,0.04431353266012836,-0.3850083835770572,-0.3850083835770572,-0.3850083835770572,0.0,0.0,0.0,4.251350784385717,3.503693563532574,1
1218,2019-10-02,4.607212886339731,-2.6515085573273063,11.214618856169706,4.607212886339731,4.607212886339731,-0.3275979797489056,-0.3275979797489056,-0.3275979797489056,-0.03333725219131219,-0.03333725219131219,-0.03333725219131219,-0.29426072755759336,-0.29426072755759336,-0.29426072755759336,0.0,0.0,0.0,4.279614906590825,3.6370093356758573,1
1219,2019-10-03,4.622380137376812,-2.286967108422853,11.641675399436469,4.622380137376812,4.622380137376812,-0.17382325318138833,-0.17382325318138833,-0.17382325318138833,0.038648265391965746,0.038648265391965746,0.038648265391965746,-0.21247151857335408,-0.21247151857335408,-0.21247151857335408,0.0,0.0,0.0,4.4485568841954235,3.777700434160321,1
1220,2019-10-04,4.637547388413894,-2.5827349091838236,11.836915439439691,4.637547388413894,4.637547388413894,-0.13690985761610855,-0.13690985761610855,-0.13690985761610855,0.003928796736610958,0.003928796736610958,0.003928796736610958,-0.1408386543527195,-0.1408386543527195,-0.1408386543527195,0.0,0.0,0.0,4.500637530797785,3.9228016989499084,1
1221,2019-10-07,4.6830491415251405,-1.9337702366689922,11.572722764853731,4.6830491415251405,4.6830491415251405,0.0696130940371079,0.0696130940371079,0.0696130940371079,0.0630228396450621,0.0630228396450621,0.0630228396450621,0.006590254392045796,0.006590254392045796,0.006590254392045796,0.0,0.0,0.0,4.752662235562249,4.064356034489509,1
1222,2019-10-08,4.698216392562222,-1.656578070786377,11.737592080430991,4.698216392562222,4.698216392562222,0.07723348553778854,0.07723348553778854,0.07723348553778854,0.04431353266009432,0.04431353266009432,0.04431353266009432,0.032919952877694225,0.032919952877694225,0.032919952877694225,0.0,0.0,0.0,4.7754498781000105,4.199805517519404,1
1223,2019-10-09,4.713383643599303,-1.5337914253589142,11.753518652235067,4.713383643599303,4.713383643599303,0.015244458691762663,0.015244458691762663,0.015244458691762663,-0.033337252191246065,-0.033337252191246065,-0.033337252191246065,0.04858171088300873,0.04858171088300873,0.04858171088300873,0.0,0.0,0.0,4.728628102291066,4.327166617502781,1
1224,2019-10-10,4.728550894636385,-2.4409511070892114,11.896313568960656,4.728550894636385,4.728550894636385,0.09316531922480994,0.09316531922480994,0.09316531922480994,0.0386482653920191,0.0386482653920191,0.0386482653920191,0.054517053832790846,0.054517053832790846,0.054517053832790846,0.0,0.0,0.0,4.821716213861195,4.444810407433379,1
1225,2019-10-11,4.743718145673466,-1.7501458298628296,11.681329949812657,4.743718145673466,4.743718145673466,0.05588480877808045,0.05588480877808045,0.05588480877808045,0.003928796736708509,0.003928796736708509,0.003928796736708509,0.05195601204137193,0.05195601204137193,0.05195601204137193,0.0,0.0,0.0,4.799602954451546,4.551494131519762,1
1226,2019-10-14,4.789219898784713,-1.8324126799403617,11.726897794485858,4.789219898784713,4.789219898784713,0.07204727033813164,0.07204727033813164,0.07204727033813164,0.0630228396452026,0.0630228396452026,0.0630228396452026,0.00902443069292904,0.00902443069292904,0.00902443069292904,0.0,0.0,0.0,4.861267169122845,4.621948665935866,1
1227,2019-10-15,4.804387149821799,-1.9967710834726538,11.873055632425276,4.804387149821799,4.804387149821799,0.03331802536635265,0.03331802536635265,0.03331802536635265,0.044313532660060266,0.044313532660060266,0.044313532660060266,-0.01099550729370762,-0.01099550729370762,-0.01099550729370762,0.0,0.0,0.0,4.837705175188152,4.68058410501611,1
1228,2019-10-16,4.81955440085888,-2.137801268627857,11.827256034012594,4.81955440085888,4.81955440085888,-0.0639774787164576,-0.0639774787164576,-0.0639774787164576,-0.033337252191179945,-0.033337252191179945,-0.033337252191179945,-0.030640226525277658,-0.030640226525277658,-0.030640226525277658,0.0,0.0,0.0,4.7555769221424224,4.72818030657127,1
1229,2019-10-17,4.834721651895961,-2.126242939303785,11.672546070418477,4.834721651895961,4.834721651895961,-0.009314674962957294,-0.009314674962957294,-0.009314674962957294,0.038648265392072466,0.038648265392072466,0.038648265392072466,-0.04796294035502976,-0.04796294035502976,-0.04796294035502976,0.0,0.0,0.0,4.825406976933004,4.765865315845028,1
1230,2019-10-18,4.849888902933042,-2.261709803498209,11.651389084287695,4.849888902933042,4.849888902933042,-0.057159410881824,-0.057159410881824,-0.057159410881824,0.003928796736815048,0.003928796736815048,0.003928796736815048,-0.06108820761863904,-0.06108820761863904,-0.06108820761863904,0.0,0.0,0.0,4.792729492051218,4.795074511970371,-1
1231,2019-10-21,4.89539065604429,-1.785213506810819,12.373556794016588,4.89539065604429,4.89539065604429,0.004361482174274458,0.004361482174274458,0.004361482174274458,0.06302283964497173,0.06302283964497173,0.06302283964497173,-0.05866135747069726,-0.05866135747069726,-0.05866135747069726,0.0,0.0,0.0,4.899752138218564,4.8097835022360025,1
1232,2019-10-22,4.910557907081372,-2.019796454806069,11.717015128502283,4.910557907081372,4.910557907081372,0.004910090402721146,0.004910090402721146,0.004910090402721146,0.04431353265990787,0.04431353265990787,0.04431353265990787,-0.03940344225718672,-0.03940344225718672,-0.03940344225718672,0.0,0.0,0.0,4.915467997484093,4.82378531417441,1
1233,2019-10-23,4.9257251581184525,-1.8137348639102817,12.265104424212078,4.9257251581184525,4.9257251581184525,-0.042641642089633475,-0.042641642089633475,-0.042641642089633475,-0.03333725219119343,-0.03333725219119343,-0.03333725219119343,-0.009304389898440043,-0.009304389898440043,-0.009304389898440043,0.0,0.0,0.0,4.883083516028819,4.839230855548186,1
1234,2019-10-24,4.940892409155534,-2.154624788097821,11.441680631515617,4.940892409155534,4.940892409155534,0.07081223282220106,0.07081223282220106,0.07081223282220106,0.0386482653920074,0.0386482653920074,0.0386482653920074,0.03216396743019367,0.03216396743019367,0.03216396743019367,0.0,0.0,0.0,5.011704641977735,4.858229698359841,1
1235,2019-10-25,4.9560596601926195,-2.2374588278967695,11.546214001451641,4.9560596601926195,4.9560596601926195,0.08914030432636985,0.08914030432636985,0.08914030432636985,0.003928796736753649,0.003928796736753649,0.003928796736753649,0.08521150758961621,0.08521150758961621,0.08521150758961621,0.0,0.0,0.0,5.045199964518989,4.882789399366584,1
1236,2019-10-28,5.001561413303867,-1.6578574649712248,11.857719306059673,5.001561413303867,5.001561413303867,0.3741077304169425,0.3741077304169425,0.3741077304169425,0.06302283964498556,0.06302283964498556,0.06302283964498556,0.3110848907719569,0.3110848907719569,0.3110848907719569,0.0,0.0,0.0,5.37566914372081,4.934229596826381,1
1237,2019-10-29,5.016728664340948,-1.4520003593278181,12.29415149758599,5.016728664340948,5.016728664340948,0.450457013976953,0.450457013976953,0.450457013976953,0.04431353266016013,0.04431353266016013,0.04431353266016013,0.40614348131679284,0.40614348131679284,0.40614348131679284,0.0,0.0,0.0,5.467185678317901,4.997177647139355,1
1238,2019-10-30,5.031895915378029,-1.38689585571498,12.258868438012659,5.031895915378029,5.031895915378029,0.47579217612894525,0.47579217612894525,0.47579217612894525,-0.03333725219121825,-0.03333725219121825,-0.03333725219121825,0.5091294283201635,0.5091294283201635,0.5091294283201635,0.0,0.0,0.0,5.507688091506974,5.072388764075811,1
1239,2019-10-31,5.047063166415111,-1.241446322886885,12.685679658897335,5.047063166415111,5.047063166415111,0.6571429959730618,0.6571429959730618,0.6571429959730618,0.03864826539201527,0.03864826539201527,0.03864826539201527,0.6184947305810464,0.6184947305810464,0.6184947305810464,0.0,0.0,0.0,5.704206162388172,5.160268682621327,1
1240,2019-11-01,5.0622304174521915,-1.227327919912291,12.899876942721912,5.0622304174521915,5.0622304174521915,0.7364196385234205,0.7364196385234205,0.7364196385234205,0.003928796736701226,0.003928796736701226,0.003928796736701226,0.7324908417867193,0.7324908417867193,0.7324908417867193,0.0,0.0,0.0,5.798650055975612,5.260860739013767,1
1241,2019-11-04,5.107732170563444,-0.5099184184470552,12.846552829001094,5.107732170563444,5.107732170563444,1.1456796305318597,1.1456796305318597,1.1456796305318597,0.0630228396450037,0.0630228396450037,0.0630228396450037,1.082656790886856,1.082656790886856,1.082656790886856,0.0,0.0,0.0,6.253411801095304,5.396226705301441,1
1242,2019-11-05,5.122899421600525,-0.4153500684238746,13.389593978086047,5.122899421600525,5.122899421600525,1.2394950793412578,1.2394950793412578,1.2394950793412578,0.04431353266000772,0.04431353266000772,0.04431353266000772,1.1951815466812503,1.1951815466812503,1.1951815466812503,0.0,0.0,0.0,6.362394500941782,5.54091935564721,1
1243,2019-11-06,5.138066672637602,-0.7004571071302357,13.37647560751646,5.138066672637602,5.138066672637602,1.2687803255080174,1.2687803255080174,1.2687803255080174,-0.03333725219124306,-0.03333725219124306,-0.03333725219124306,1.3021175776992606,1.3021175776992606,1.3021175776992606,0.0,0.0,0.0,6.406846998145619,5.693295703858889,1
1244,2019-11-07,5.153233923674687,-0.4985320012630975,13.374445902309072,5.153233923674687,5.153233923674687,1.4400998879471474,1.4400998879471474,1.4400998879471474,0.038648265391995694,0.038648265391995694,0.038648265391995694,1.4014516225551517,1.4014516225551517,1.4014516225551517,0.0,0.0,0.0,6.593333811621834,5.8514586208232995,1
1245,2019-11-08,5.168401174711769,-0.4667585004140982,12.751885880077186,5.168401174711769,5.168401174711769,1.4952149314907304,1.4952149314907304,1.4952149314907304,0.003928796736789821,0.003928796736789821,0.003928796736789821,1.4912861347539406,1.4912861347539406,1.4912861347539406,0.0,0.0,0.0,6.6636161062024994,6.013300234991651,1
1246,2019-11-11,5.213902927823017,0.30645644873720884,13.871895542111115,5.213902927823017,5.213902927823017,1.7503831705606165,1.7503831705606165,1.7503831705606165,0.06302283964502185,0.06302283964502185,0.06302283964502185,1.6873603309155947,1.6873603309155947,1.6873603309155947,0.0,0.0,0.0,6.964286098383633,6.172161930457933,1
1247,2019-11-12,5.2290701788600975,-0.390416136678374,13.7607374419976,5.2290701788600975,5.2290701788600975,1.7681507524555151,1.7681507524555151,1.7681507524555151,0.04431353265997368,0.04431353265997368,0.04431353265997368,1.7238372197955414,1.7238372197955414,1.7238372197955414,0.0,0.0,0.0,6.997220931315613,6.325165455757705,1
1248,2019-11-13,5.244237429897178,0.14487400862677827,13.266025001329343,5.244237429897178,5.244237429897178,1.7109567232106853,1.7109567232106853,1.7109567232106853,-0.03333725219117694,-0.03333725219117694,-0.03333725219117694,1.7442939754018623,1.7442939754018623,1.7442939754018623,0.0,0.0,0.0,6.955194153107864,6.469916061917793,1
1249,2019-11-14,5.259404680934264,0.6045575731505607,13.642105724527037,5.259404680934264,5.259404680934264,1.7868395915112747,1.7868395915112747,1.7868395915112747,0.03864826539188515,0.03864826539188515,0.03864826539188515,1.7481913261193893,1.7481913261193893,1.7481913261193893,0.0,0.0,0.0,7.046244272445538,6.604119872923531,1
1250,2019-11-15,5.274571931971345,0.3220815634387769,13.547279471418873,5.274571931971345,5.274571931971345,1.7392023038884183,1.7392023038884183,1.7392023038884183,0.003928796736737395,0.003928796736737395,0.003928796736737395,1.735273507151681,1.735273507151681,1.735273507151681,0.0,0.0,0.0,7.0137742358597635,6.725632290911944,1
1251,2019-11-18,5.320073685082593,0.12647576987216985,14.062482681292359,5.320073685082593,5.320073685082593,1.6602913401435817,1.6602913401435817,1.6602913401435817,0.06302283964503999,0.06302283964503999,0.06302283964503999,1.5972685004985416,1.5972685004985416,1.5972685004985416,0.0,0.0,0.0,6.980365025226175,6.798327613325033,1
1252,2019-11-19,5.335240936119674,-0.12297899600479052,14.00379135686579,5.335240936119674,5.335240936119674,1.5643676173651704,1.5643676173651704,1.5643676173651704,0.04431353265998921,0.04431353265998921,0.04431353265998921,1.520054084705181,1.520054084705181,1.520054084705181,0.0,0.0,0.0,6.899608553484844,6.852049018579338,1
1253,2019-11-20,5.350408187156756,0.028996756855501307,13.348306921169122,5.350408187156756,5.350408187156756,1.3954314815270055,1.3954314815270055,1.3954314815270055,-0.033337252191281364,-0.033337252191281364,-0.033337252191281364,1.4287687337182868,1.4287687337182868,1.4287687337182868,0.0,0.0,0.0,6.745839668683761,6.885948285633153,-1
1254,2019-11-21,5.3655754381938365,-0.4953526082625276,12.961644159096648,5.3655754381938365,5.3655754381938365,1.363291507478148,1.363291507478148,1.363291507478148,0.038648265391983995,0.038648265391983995,0.038648265391983995,1.3246432420861638,1.3246432420861638,1.3246432420861638,0.0,0.0,0.0,6.728866945671984,6.899501599038167,-1
1255,2019-11-22,5.380742689230922,-0.3978882676896434,13.000989515694974,5.380742689230922,5.380742689230922,1.2130030488779333,1.2130030488779333,1.2130030488779333,0.003928796736684961,0.003928796736684961,0.003928796736684961,1.2090742521412483,1.2090742521412483,1.2090742521412483,0.0,0.0,0.0,6.593745738108855,6.892514562228802,-1
1256,2019-11-25,5.426244442342165,-0.5711525535919659,12.975223893246236,5.426244442342165,5.426244442342165,0.8724906847444431,0.8724906847444431,0.8724906847444431,0.06302283964505383,0.06302283964505383,0.06302283964505383,0.8094678450993893,0.8094678450993893,0.8094678450993893,0.0,0.0,0.0,6.2987351270866085,6.825959465099101,-1
1257,2019-11-26,5.441411693379247,-0.4585265477001033,13.125982082549852,5.441411693379247,5.441411693379247,0.7085572545976802,0.7085572545976802,0.7085572545976802,0.04431353265995517,0.04431353265995517,0.04431353265995517,0.664243721937725,0.664243721937725,0.664243721937725,0.0,0.0,0.0,6.149968947976927,6.741234266765231,-1
1258,2019-11-27,5.456578944416332,-0.997800419917518,12.870622687537061,5.456578944416332,5.456578944416332,0.4825349886670939,0.4825349886670939,0.4825349886670939,-0.03333725219121525,-0.03333725219121525,-0.03333725219121525,0.5158722408583092,0.5158722408583092,0.5158722408583092,0.0,0.0,0.0,5.939113933083426,6.639626244762788,-1
1259,2019-11-29,5.486913446490495,-0.8857071694719363,12.72710840682562,5.486913446490495,5.486913446490495,0.2202840250726726,0.2202840250726726,0.2202840250726726,0.003928796736632533,0.003928796736632533,0.003928796736632533,0.2163552283360401,0.2163552283360401,0.2163552283360401,0.0,0.0,0.0,5.707197471563167,6.505721564674552,-1
1260,2019-12-02,5.5324151996017426,-1.0118957374550452,12.392843742135831,5.5324151996017426,5.5324151996017426,-0.15409800159036957,-0.15409800159036957,-0.15409800159036957,0.06302283964494962,0.06302283964494962,0.06302283964494962,-0.2171208412353192,-0.2171208412353192,-0.2171208412353192,0.0,0.0,0.0,5.378317198011373,6.342175860889712,-1
1261,2019-12-03,5.547582450638823,-1.178285997278065,11.658591814312928,5.547582450638823,5.547582450638823,-0.3078842451721808,-0.3078842451721808,-0.3078842451721808,0.04431353265992113,0.04431353265992113,0.04431353265992113,-0.35219777783210193,-0.35219777783210193,-0.35219777783210193,0.0,0.0,0.0,5.2396982054666426,6.168109178913759,-1
1262,2019-12-04,5.562749701675909,-1.3448408023932747,12.12897279571984,5.562749701675909,5.562749701675909,-0.5141752027463368,-0.5141752027463368,-0.5141752027463368,-0.03333725219131966,-0.03333725219131966,-0.03333725219131966,-0.4808379505550171,-0.4808379505550171,-0.4808379505550171,0.0,0.0,0.0,5.048574498929572,5.983005773458231,-1
1263,2019-12-05,5.57791695271299,-1.7749060923957978,12.162095434569322,5.57791695271299,5.57791695271299,-0.5636072097407545,-0.5636072097407545,-0.5636072097407545,0.03864826539188132,0.03864826539188132,0.03864826539188132,-0.6022554751326359,-0.6022554751326359,-0.6022554751326359,0.0,0.0,0.0,5.014309742972236,5.809852780887079,-1
1264,2019-12-06,5.593084203750067,-2.626280891265579,11.794653067709245,5.593084203750067,5.593084203750067,-0.7119100895891702,-0.7119100895891702,-0.7119100895891702,0.003928796736721136,0.003928796736721136,0.003928796736721136,-0.7158388863258913,-0.7158388863258913,-0.7158388863258913,0.0,0.0,0.0,4.881174114160896,5.62508349773597,-1
1265,2019-12-09,5.638585956861319,-1.841160537621126,11.377647650558881,5.638585956861319,5.638585956861319,-0.9430264252479316,-0.9430264252479316,-0.9430264252479316,0.06302283964509012,0.06302283964509012,0.06302283964509012,-1.0060492648930217,-1.0060492648930217,-1.0060492648930217,0.0,0.0,0.0,4.695559531613387,5.435264877086423,-1
1266,2019-12-10,5.6537532078984,-2.1204271081951327,11.729266465220311,5.6537532078984,5.6537532078984,-1.0412626655759274,-1.0412626655759274,-1.0412626655759274,0.044313532659887085,0.044313532659887085,0.044313532659887085,-1.0855761982358145,-1.0855761982358145,-1.0855761982358145,0.0,0.0,0.0,4.6124905423224725,5.26664041861001,-1
1267,2019-12-11,5.668920458935486,-1.9150642349701035,11.09304798065691,5.668920458935486,5.668920458935486,-1.1900251374547663,-1.1900251374547663,-1.1900251374547663,-0.03333725219124221,-0.03333725219124221,-0.03333725219124221,-1.156687885263524,-1.156687885263524,-1.156687885263524,0.0,0.0,0.0,4.47889532148072,5.099533055960389,-1
1268,2019-12-12,5.684087709972562,-2.130641905238974,11.703964800427636,5.684087709972562,5.684087709972562,-1.1810441127727358,-1.1810441127727358,-1.1810441127727358,0.03864826539193467,0.03864826539193467,0.03864826539193467,-1.2196923781646707,-1.2196923781646707,-1.2196923781646707,0.0,0.0,0.0,4.503043597199826,4.955926022372029,-1
1269,2019-12-13,5.699254961009644,-2.648761856110481,11.318081301306119,5.699254961009644,5.699254961009644,-1.271076029151397,-1.271076029151397,-1.271076029151397,0.003928796736677669,0.003928796736677669,0.003928796736677669,-1.2750048258880746,-1.2750048258880746,-1.2750048258880746,0.0,0.0,0.0,4.428178931858247,4.828024168401536,-1
1270,2019-12-16,5.7447567141208955,-2.5496063359971988,11.283832578603231,5.7447567141208955,5.7447567141208955,-1.337152882682154,-1.337152882682154,-1.337152882682154,0.06302283964510397,0.06302283964510397,0.06302283964510397,-1.4001757223272577,-1.4001757223272577,-1.4001757223272577,0.0,0.0,0.0,4.407603831438742,4.730952831744274,-1
1271,2019-12-17,5.759923965157973,-2.628939735761132,11.458494674891154,5.759923965157973,5.759923965157973,-1.3860770283735853,-1.3860770283735853,-1.3860770283735853,0.044313532659902614,0.044313532659902614,0.044313532659902614,-1.430390561033488,-1.430390561033488,-1.430390561033488,0.0,0.0,0.0,4.373846936784387,4.644367704876048,-1
1272,2019-12-18,5.775091216195054,-2.4034930737080273,11.427807412498044,5.775091216195054,5.775091216195054,-1.4893085619577597,-1.4893085619577597,-1.4893085619577597,-0.033337252191267014,-0.033337252191267014,-0.033337252191267014,-1.455971309766493,-1.455971309766493,-1.455971309766493,0.0,0.0,0.0,4.285782654237294,4.56808852040682,-1
1273,2019-12-19,5.79025846723214,-2.6601753089946762,11.12333138712733,5.79025846723214,5.79025846723214,-1.4389549479543724,-1.4389549479543724,-1.4389549479543724,0.03864826539194254,0.03864826539194254,0.03864826539194254,-1.4776032133463148,-1.4776032133463148,-1.4776032133463148,0.0,0.0,0.0,4.351303519277767,4.5017878980373744,-1
1274,2019-12-20,5.805425718269221,-2.308034993233071,10.938626579735658,5.805425718269221,5.805425718269221,-1.4920301929583633,-1.4920301929583633,-1.4920301929583633,0.003928796736616277,0.003928796736616277,0.003928796736616277,-1.4959589896949796,-1.4959589896949796,-1.4959589896949796,0.0,0.0,0.0,4.313395525310858,4.44501003915237,-1
1275,2019-12-23,5.850927471380473,-2.5243876799381533,10.681810225679644,5.850927471380473,5.850927471380473,-1.4746208713810964,-1.4746208713810964,-1.4746208713810964,0.06302283964512209,0.06302283964512209,0.06302283964512209,-1.5376437110262184,-1.5376437110262184,-1.5376437110262184,0.0,0.0,0.0,4.376306599999376,4.41308474599097,-1
1276,2019-12-24,5.866094722417549,-2.3951518127185167,11.512453856217421,5.866094722417549,5.866094722417549,-1.50463249432116,-1.50463249432116,-1.50463249432116,0.04431353265998694,0.04431353265998694,0.04431353265998694,-1.548946026981147,-1.548946026981147,-1.548946026981147,0.0,0.0,0.0,4.361462228096389,4.3879819145683605,-1
1277,2019-12-26,5.896429224491716,-2.252789311605814,11.288308413750418,5.896429224491716,5.896429224491716,-1.531780429133983,-1.531780429133983,-1.531780429133983,0.03864826539192298,0.03864826539192298,0.03864826539192298,-1.5704286945259058,-1.5704286945259058,-1.5704286945259058,0.0,0.0,0.0,4.364648795357733,4.376557261956061,-1
1278,2019-12-27,5.911596475528797,-2.8214441991388504,11.263941457831667,5.911596475528797,5.911596475528797,-1.5773763179236695,-1.5773763179236695,-1.5773763179236695,0.003928796736554884,0.003928796736554884,0.003928796736554884,-1.5813051146602244,-1.5813051146602244,-1.5813051146602244,0.0,0.0,0.0,4.334220157605127,4.359674917996592,-1
1279,2019-12-30,5.957098228640045,-2.5036938415769785,11.387628708817472,5.957098228640045,5.957098228640045,-1.5541886794056976,-1.5541886794056976,-1.5541886794056976,0.06302283964513594,0.06302283964513594,0.06302283964513594,-1.6172115190508336,-1.6172115190508336,-1.6172115190508336,0.0,0.0,0.0,4.402909549234347,4.357147979734202,1
1280,2019-12-31,5.972265479677127,-1.9820603181916938,11.510444040218944,5.972265479677127,5.972265479677127,-1.5863248960716814,-1.5863248960716814,-1.5863248960716814,0.044313532659834544,0.044313532659834544,0.044313532659834544,-1.6306384287315159,-1.6306384287315159,-1.6306384287315159,0.0,0.0,0.0,4.3859405836054455,4.354981654950872,1
1281,2020-01-02,6.002599981751293,-2.595557529281931,11.109190299830946,6.002599981751293,6.002599981751293,-1.6210241786192499,-1.6210241786192499,-1.6210241786192499,0.038648265391930836,0.038648265391930836,0.038648265391930836,-1.6596724440111807,-1.6596724440111807,-1.6596724440111807,0.0,0.0,0.0,4.381575803132042,4.355754541585638,1
1282,2020-01-03,6.01776723278837,-2.228691125212103,11.594975393200437,6.01776723278837,6.01776723278837,-1.6711474962340258,-1.6711474962340258,-1.6711474962340258,0.003928796736502456,0.003928796736502456,0.003928796736502456,-1.675076292970528,-1.675076292970528,-1.675076292970528,0.0,0.0,0.0,4.346619736554344,4.361838249817343,-1
1283,2020-01-06,6.063268985899621,-2.471020467325832,11.725827023990751,6.063268985899621,6.063268985899621,-1.6595836914100697,-1.6595836914100697,-1.6595836914100697,0.06302283964503173,0.06302283964503173,0.06302283964503173,-1.7226065310551013,-1.7226065310551013,-1.7226065310551013,0.0,0.0,0.0,4.403685294489552,4.367076427338521,1
1284,2020-01-07,6.078436236936703,-2.4856825436116274,10.864731505586937,6.078436236936703,6.078436236936703,-1.693725578030553,-1.693725578030553,-1.693725578030553,0.04431353266025474,0.04431353266025474,0.04431353266025474,-1.7380391106908075,-1.7380391106908075,-1.7380391106908075,0.0,0.0,0.0,4.38471065890615,4.374207940698051,1
1285,2020-01-08,6.09360348797378,-2.66484011527172,10.880887273225733,6.09360348797378,6.09360348797378,-1.7861011470085202,-1.7861011470085202,-1.7861011470085202,-0.033337252191250534,-0.033337252191250534,-0.033337252191250534,-1.7527638948172697,-1.7527638948172697,-1.7527638948172697,0.0,0.0,0.0,4.30750234096526,4.367327514794639,-1
1286,2020-01-09,6.108770739010866,-2.2912776076519266,11.082967133483523,6.108770739010866,6.108770739010866,-1.727796676140954,-1.727796676140954,-1.727796676140954,0.0386482653919842,0.0386482653919842,0.0386482653919842,-1.766444941532938,-1.766444941532938,-1.766444941532938,0.0,0.0,0.0,4.380974062869912,4.369278698271992,1
1287,2020-01-10,6.1239379900479465,-2.2274998622221,11.254102430178653,6.1239379900479465,6.1239379900479465,-1.7748024548585646,-1.7748024548585646,-1.7748024548585646,0.003928796736741049,0.003928796736741049,0.003928796736741049,-1.7787312515953055,-1.7787312515953055,-1.7787312515953055,0.0,0.0,0.0,4.349135535189382,4.367727372255157,-1
1288,2020-01-13,6.169439743159194,-2.5683731873777798,11.401731019080714,6.169439743159194,6.169439743159194,-1.740583935394373,-1.740583935394373,-1.740583935394373,0.06302283964517222,0.06302283964517222,0.06302283964517222,-1.8036067750395453,-1.8036067750395453,-1.8036067750395453,0.0,0.0,0.0,4.428855807764821,4.377190937271125,1
1289,2020-01-14,6.1889691129695565,-2.464971048760105,11.225876328629937,6.1889691129695565,6.1889691129695565,-1.7623914725066698,-1.7623914725066698,-1.7623914725066698,0.04431353266010232,0.04431353266010232,0.04431353266010232,-1.8067050051667721,-1.8067050051667721,-1.8067050051667721,0.0,0.0,0.0,4.426577640462886,4.37955774639398,1
1290,2020-01-15,6.20849848277991,-2.5680742322305834,11.051628389829556,6.20849848277991,6.20849848277991,-1.8399678067326752,-1.8399678067326752,-1.8399678067326752,-0.033337252191252685,-0.033337252191252685,-0.033337252191252685,-1.8066305545414227,-1.8066305545414227,-1.8066305545414227,0.0,0.0,0.0,4.368530676047235,4.377816755638159,-1
1291,2020-01-16,6.228027852590272,-2.3444014079264743,11.20930213375493,6.228027852590272,6.228027852590272,-1.7644165236838933,-1.7644165236838933,-1.7644165236838933,0.038648265392037556,0.038648265392037556,0.038648265392037556,-1.8030647890759308,-1.8030647890759308,-1.8030647890759308,0.0,0.0,0.0,4.463611328906379,4.386020308215592,1
1292,2020-01-17,6.2475572224006255,-1.7315813742017636,11.392550674435698,6.2475572224006255,6.2475572224006255,-1.791786762657335,-1.791786762657335,-1.791786762657335,0.003928796736706551,0.003928796736706551,0.003928796736706551,-1.7957155593940417,-1.7957155593940417,-1.7957155593940417,0.0,0.0,0.0,4.455770459743291,4.396935380534487,1
1293,2020-01-21,6.325674701642053,-2.1108616223751007,11.65578898160863,6.325674701642053,6.325674701642053,-1.6795951761012755,-1.6795951761012755,-1.6795951761012755,0.04431353265994992,0.04431353265994992,0.04431353265994992,-1.7239087087612255,-1.7239087087612255,-1.7239087087612255,0.0,0.0,0.0,4.646079525540777,4.42117480363961,1
1294,2020-01-22,6.3452040714524065,-1.8055109283007003,11.025130777091615,6.3452040714524065,6.3452040714524065,-1.7279469761397666,-1.7279469761397666,-1.7279469761397666,-0.03333725219118657,-0.03333725219118657,-0.03333725219118657,-1.69460972394858,-1.69460972394858,-1.69460972394858,0.0,0.0,0.0,4.61725709531264,4.444429447280259,1
1295,2020-01-23,6.364733441262769,-1.7082795040388632,11.64707002939225,6.364733441262769,6.364733441262769,-1.622015547093754,-1.622015547093754,-1.622015547093754,0.03864826539209092,0.03864826539209092,0.03864826539209092,-1.6606638124858448,-1.6606638124858448,-1.6606638124858448,0.0,0.0,0.0,4.742717894169015,4.487951002600633,1
1296,2020-01-24,6.384262811073123,-2.1250806433268905,11.474372729978459,6.384262811073123,6.384262811073123,-1.618196164483141,-1.618196164483141,-1.618196164483141,0.003928796736645158,0.003928796736645158,0.003928796736645158,-1.6221249612197863,-1.6221249612197863,-1.6221249612197863,0.0,0.0,0.0,4.766066646589982,4.526460260972641,1
1297,2020-01-27,6.442850920504192,-2.0607380330474068,12.043760184971914,6.442850920504192,6.442850920504192,-1.417491097122633,-1.417491097122633,-1.417491097122633,0.06302283964520851,0.06302283964520851,0.06302283964520851,-1.4805139367678417,-1.4805139367678417,-1.4805139367678417,0.0,0.0,0.0,5.025359823381558,4.5940826897918585,1
1298,2020-01-28,6.462380290314554,-1.7409212732982327,11.721953999785951,6.462380290314554,6.462380290314554,-1.3812034216186893,-1.3812034216186893,-1.3812034216186893,0.04431353266003425,0.04431353266003425,0.04431353266003425,-1.4255169542787238,-1.4255169542787238,-1.4255169542787238,0.0,0.0,0.0,5.081176868695865,4.659314795884963,1
1299,2020-01-29,6.4819096601249075,-1.7215035743252953,12.263792617278474,6.4819096601249075,6.4819096601249075,-1.4005701363310796,-1.4005701363310796,-1.4005701363310796,-0.033337252191302326,-0.033337252191302326,-0.033337252191302326,-1.3672328841397774,-1.3672328841397774,-1.3672328841397774,0.0,0.0,0.0,5.081339523793828,4.724790984218057,1
1300,2020-01-30,6.50143902993527,-1.4051543802187627,12.111872904040672,6.50143902993527,6.50143902993527,-1.2674785226566132,-1.2674785226566132,-1.2674785226566132,0.03864826539209879,0.03864826539209879,0.03864826539209879,-1.306126788048712,-1.306126788048712,-1.306126788048712,0.0,0.0,0.0,5.233960507278656,4.811333967341199,1
1301,2020-01-31,6.520968399745623,-1.419027606868556,11.82573297983966,6.520968399745623,6.520968399745623,-1.238794882964067,-1.238794882964067,-1.238794882964067,0.003928796736892715,0.003928796736892715,0.003928796736892715,-1.2427236797009598,-1.2427236797009598,-1.2427236797009598,0.0,0.0,0.0,5.282173516781556,4.8931901861287175,1
1302,2020-02-03,6.579556509176693,-1.339160837423833,12.224824676782507,6.579556509176693,6.579556509176693,-0.9817077311827208,-0.9817077311827208,-0.9817077311827208,0.06302283964497332,0.06302283964497332,0.06302283964497332,-1.0447305708276942,-1.0447305708276942,-1.0447305708276942,0.0,0.0,0.0,5.597848777993972,5.0073980179537845,1
1303,2020-02-04,6.599085878987055,-1.2250090589242524,12.358800840966328,6.599085878987055,6.599085878987055,-0.9340084382778457,-0.9340084382778457,-0.9340084382778457,0.04431353265988184,0.04431353265988184,0.04431353265988184,-0.9783219709377274,-0.9783219709377274,-0.9783219709377274,0.0,0.0,0.0,5.66507744070921,5.109297809470628,1
1304,2020-02-05,6.618615248797409,-0.9549258993955467,12.349939480937357,6.618615248797409,6.618615248797409,-0.9461898843837412,-0.9461898843837412,-0.9461898843837412,-0.0333372521912362,-0.0333372521912362,-0.0333372521912362,-0.9128526321925049,-0.9128526321925049,-0.9128526321925049,0.0,0.0,0.0,5.672425364413668,5.214814636380732,1
1305,2020-02-06,6.638144618607771,-0.9056509152084191,13.332204507060915,6.638144618607771,6.638144618607771,-0.8103658626623084,-0.8103658626623084,-0.8103658626623084,0.038648265391915314,0.038648265391915314,0.038648265391915314,-0.8490141280542237,-0.8490141280542237,-0.8490141280542237,0.0,0.0,0.0,5.827778755945462,5.323320722558376,1
1306,2020-02-07,6.657673988418124,-0.45822610049911633,12.11718525563727,6.657673988418124,6.657673988418124,-0.7835527162119207,-0.7835527162119207,-0.7835527162119207,0.003928796736831319,0.003928796736831319,0.003928796736831319,-0.7874815129487519,-0.7874815129487519,-0.7874815129487519,0.0,0.0,0.0,5.874121272206203,5.434126185119998,1
1307,2020-02-10,6.716262097849194,-0.5399431848956014,13.059620550669832,6.716262097849194,6.716262097849194,-0.5598882704020209,-0.5598882704020209,-0.5598882704020209,0.06302283964499147,0.06302283964499147,0.06302283964499147,-0.6229111100470124,-0.6229111100470124,-0.6229111100470124,0.0,0.0,0.0,6.156373827447173,5.547227585526559,1
1308,2020-02-11,6.735791467659556,-0.25334340793451104,12.710927261324889,6.735791467659556,6.735791467659556,-0.5321920173068366,-0.5321920173068366,-0.5321920173068366,0.044313532660183674,0.044313532660183674,0.044313532660183674,-0.5765055499670204,-0.5765055499670204,-0.5765055499670204,0.0,0.0,0.0,6.203599450352719,5.659469843692245,1
1309,2020-02-12,6.75532083746991,-0.421821615210232,13.27432767428643,6.75532083746991,6.75532083746991,-0.5683579087655618,-0.5683579087655618,-0.5683579087655618,-0.03333725219117008,-0.03333725219117008,-0.03333725219117008,-0.5350206565743917,-0.5350206565743917,-0.5350206565743917,0.0,0.0,0.0,6.1869629287043475,5.770032184183297,1
1310,2020-02-13,6.774850207280272,-0.2316732801146881,13.143883411694956,6.774850207280272,6.774850207280272,-0.46008372662496866,-0.46008372662496866,-0.46008372662496866,0.03864826539192317,0.03864826539192317,0.03864826539192317,-0.49873199201689183,-0.49873199201689183,-0.49873199201689183,0.0,0.0,0.0,6.314766480655303,5.8781127815209615,1
1311,2020-02-14,6.794379577090625,-0.34549953935018,13.26597748019239,6.794379577090625,6.794379577090625,-0.463877803400999,-0.463877803400999,-0.463877803400999,0.003928796736778895,0.003928796736778895,0.003928796736778895,-0.46780660013777786,-0.46780660013777786,-0.46780660013777786,0.0,0.0,0.0,6.330501773689626,5.982945607211768,1
1312,2020-02-18,6.872497056332053,0.31783767051105466,13.410677380462223,6.872497056332053,6.872497056332053,-0.3526268804666404,-0.3526268804666404,-0.3526268804666404,0.04431353266003126,0.04431353266003126,0.04431353266003126,-0.3969404131266717,-0.3969404131266717,-0.3969404131266717,0.0,0.0,0.0,6.519870175865412,6.075147746998913,1
1313,2020-02-19,6.892026426142411,-0.7499001001228549,12.91146647464932,6.892026426142411,6.892026426142411,-0.4245077177796797,-0.4245077177796797,-0.4245077177796797,-0.03333725219128583,-0.03333725219128583,-0.03333725219128583,-0.39117046558839386,-0.39117046558839386,-0.39117046558839386,0.0,0.0,0.0,6.467518708362731,6.155391873764264,1
1314,2020-02-20,6.9115557959527685,-0.10074181752989958,13.495146415013005,6.9115557959527685,6.9115557959527685,-0.3506143121704507,-0.3506143121704507,-0.3506143121704507,0.03864826539206752,0.03864826539206752,0.03864826539206752,-0.38926257756251825,-0.38926257756251825,-0.38926257756251825,0.0,0.0,0.0,6.560941483782318,6.244243485701129,1
1315,2020-02-21,6.931085165763126,-0.7295727614791635,13.19517646624997,6.931085165763126,6.931085165763126,-0.38664344666971306,-0.38664344666971306,-0.38664344666971306,0.003928796736726459,0.003928796736726459,0.003928796736726459,-0.39057224340643953,-0.39057224340643953,-0.39057224340643953,0.0,0.0,0.0,6.544441719093413,6.3159097820159245,1
1316,2020-02-24,6.989673275194192,-0.29915974713572163,13.70325522033882,6.989673275194192,6.989673275194192,-0.34311642403907694,-0.34311642403907694,-0.34311642403907694,0.06302283964515012,0.06302283964515012,0.06302283964515012,-0.4061392636842271,-0.4061392636842271,-0.4061392636842271,0.0,0.0,0.0,6.646556851155115,6.393153339910816,1
1317,2020-02-25,7.0092026450045575,-0.3042190102636119,13.448626162873675,7.0092026450045575,7.0092026450045575,-0.3680520879500187,-0.3680520879500187,-0.3680520879500187,0.04431353265999722,0.04431353265999722,0.04431353265999722,-0.41236562061001597,-0.41236562061001597,-0.41236562061001597,0.0,0.0,0.0,6.641150557054539,6.441631012871552,1
1318,2020-02-26,7.028732014814907,-0.5722381064541948,13.246242299217979,7.028732014814907,7.028732014814907,-0.45095413182828026,-0.45095413182828026,-0.45095413182828026,-0.03333725219121971,-0.03333725219121971,-0.03333725219121971,-0.41761687963706057,-0.41761687963706057,-0.41761687963706057,0.0,0.0,0.0,6.577777882986627,6.479048856134943,1
1319,2020-02-27,7.048261384625274,0.06412735203342806,13.546055827099748,7.048261384625274,7.048261384625274,-0.38235128538629953,-0.38235128538629953,-0.38235128538629953,0.03864826539183854,0.03864826539183854,0.03864826539183854,-0.42099955077813805,-0.42099955077813805,-0.42099955077813805,0.0,0.0,0.0,6.665910099238975,6.526943573188406,1
1320,2020-02-28,7.067790754435623,-0.45217985872134014,13.545388426307461,7.067790754435623,7.067790754435623,-0.41772573621864695,-0.41772573621864695,-0.41772573621864695,0.003928796736674031,0.003928796736674031,0.003928796736674031,-0.421654532955321,-0.421654532955321,-0.421654532955321,0.0,0.0,0.0,6.650065018216976,6.560473426944573,1
1321,2020-03-02,7.126378863866696,-0.14974625759971696,13.602211063917458,7.126378863866696,7.126378863866696,-0.33664109418054217,-0.33664109418054217,-0.33664109418054217,0.0630228396450459,0.0630228396450459,0.0630228396450459,-0.3996639338255881,-0.3996639338255881,-0.3996639338255881,0.0,0.0,0.0,6.7897377696861545,6.606397026544227,1
1322,2020-03-03,7.145908233677055,-0.33759914743561603,13.443365386800046,7.145908233677055,7.145908233677055,-0.3379914445631332,-0.3379914445631332,-0.3379914445631332,0.04431353265996319,0.04431353265996319,0.04431353265996319,-0.3823049772230963,-0.3823049772230963,-0.3823049772230963,0.0,0.0,0.0,6.807916789113921,6.635201687869078,1
1323,2020-03-04,7.165437603487413,-0.37454784235185795,14.109808382285332,7.165437603487413,7.165437603487413,-0.39255801075940694,-0.39255801075940694,-0.39255801075940694,-0.03333725219122187,-0.03333725219122187,-0.03333725219122187,-0.3592207585681851,-0.3592207585681851,-0.3592207585681851,0.0,0.0,0.0,6.772879592728006,6.665737776305605,1
1324,2020-03-05,7.184966973297771,-0.05838447999119286,13.4701161775295,7.184966973297771,7.184966973297771,-0.2915566293299149,-0.2915566293299149,-0.2915566293299149,0.03864826539189191,0.03864826539189191,0.03864826539189191,-0.3302048947218068,-0.3302048947218068,-0.3302048947218068,0.0,0.0,0.0,6.893410343967855,6.698984662324159,1
1325,2020-03-06,7.204496343108128,0.1375521952278438,13.775256839388817,7.204496343108128,7.204496343108128,-0.29128545583770704,-0.29128545583770704,-0.29128545583770704,0.003928796736612641,0.003928796736612641,0.003928796736612641,-0.29521425257431966,-0.29521425257431966,-0.29521425257431966,0.0,0.0,0.0,6.913210887270421,6.735861579141859,1
1326,2020-03-09,7.263084452539194,0.37736509829886294,14.258482792570467,7.263084452539194,7.263084452539194,-0.09350291806195464,-0.09350291806195464,-0.09350291806195464,0.06302283964493308,0.06302283964493308,0.06302283964493308,-0.1565257577068877,-0.1565257577068877,-0.1565257577068877,0.0,0.0,0.0,7.169581534477239,6.788164047474071,1
1327,2020-03-10,7.282613822349552,0.26160857270791754,14.22221246750515,7.282613822349552,7.282613822349552,-0.0563081533510776,-0.0563081533510776,-0.0563081533510776,0.04431353265992914,0.04431353265992914,0.04431353265992914,-0.10062168601100674,-0.10062168601100674,-0.10062168601100674,0.0,0.0,0.0,7.226305668998474,6.846679558668465,1
1328,2020-03-11,7.302143192159909,-0.13679030282175567,14.168713653343026,7.302143192159909,7.302143192159909,-0.07440591301609403,-0.07440591301609403,-0.07440591301609403,-0.03333725219115575,-0.03333725219115575,-0.03333725219115575,-0.04106866082493829,-0.04106866082493829,-0.04106866082493829,0.0,0.0,0.0,7.227737279143815,6.911675498284184,1
1329,2020-03-12,7.321672561970267,0.849974844152112,13.968869627251875,7.321672561970267,7.321672561970267,0.05984915968627282,0.05984915968627282,0.05984915968627282,0.03864826539189978,0.03864826539189978,0.03864826539189978,0.02120089429437304,0.02120089429437304,0.02120089429437304,0.0,0.0,0.0,7.38152172165654,6.983236660525941,1
1330,2020-03-13,7.341201931780625,1.1111496201719242,14.236974777827536,7.341201931780625,7.341201931780625,0.08906076473411442,0.08906076473411442,0.08906076473411442,0.003928796736569171,0.003928796736569171,0.003928796736569171,0.08513196799754524,0.08513196799754524,0.08513196799754524,0.0,0.0,0.0,7.430262696514739,7.061256428355716,1
1331,2020-03-16,7.39979004121169,0.8954771541569156,14.731697317658359,7.39979004121169,7.39979004121169,0.33800462652953184,0.33800462652953184,0.33800462652953184,0.06302283964495123,0.06302283964495123,0.06302283964495123,0.2749817868845806,0.2749817868845806,0.2749817868845806,0.0,0.0,0.0,7.737794667741222,7.156062118161223,1
1332,2020-03-17,7.419319411022056,0.5060194716441728,14.657223478532892,7.419319411022056,7.419319411022056,0.3776894364232644,0.3776894364232644,0.3776894364232644,0.04431353265977673,0.04431353265977673,0.04431353265977673,0.33337590376348764,0.33337590376348764,0.33337590376348764,0.0,0.0,0.0,7.797008847445321,7.254971323994363,1
1333,2020-03-18,7.438848780832406,0.9734315537753265,14.483946938458166,7.438848780832406,7.438848780832406,0.3538326626601328,0.3538326626601328,0.3538326626601328,-0.0333372521912715,-0.0333372521912715,-0.0333372521912715,0.38716991485140434,0.38716991485140434,0.38716991485140434,0.0,0.0,0.0,7.792681443492539,7.356951509070816,1
1334,2020-03-19,7.458378150642764,0.995406714429077,15.29975429317112,7.458378150642764,7.458378150642764,0.4737607056037947,0.4737607056037947,0.4737607056037947,0.038648265391907646,0.038648265391907646,0.038648265391907646,0.43511244021188705,0.43511244021188705,0.43511244021188705,0.0,0.0,0.0,7.932138856246558,7.4608243602986875,1
1335,2020-03-20,7.477907520453122,1.0025317950744839,14.957699815189036,7.477907520453122,7.477907520453122,0.47995066487442634,0.47995066487442634,0.47995066487442634,0.00392879673680777,0.00392879673680777,0.00392879673680777,0.47602186813761854,0.47602186813761854,0.47602186813761854,0.0,0.0,0.0,7.957858185327548,7.5652890901043985,1
1336,2020-03-23,7.536495629884195,1.425992198841775,15.050397907098288,7.536495629884195,7.536495629884195,0.6093878383775888,0.6093878383775888,0.6093878383775888,0.06302283964509173,0.06302283964509173,0.06302283964509173,0.5463649987324971,0.5463649987324971,0.5463649987324971,0.0,0.0,0.0,8.145883468261784,7.662919283482855,1
1337,2020-03-24,7.556024999694554,0.8253664346377554,14.996427595855282,7.556024999694554,7.556024999694554,0.5939839069336285,0.5939839069336285,0.5939839069336285,0.04431353265986107,0.04431353265986107,0.04431353265986107,0.5496703742737674,0.5496703742737674,0.5496703742737674,0.0,0.0,0.0,8.150008906628182,7.7552896072458255,1
1338,2020-03-25,7.5755543695049115,1.5044793213741587,14.835704874079598,7.5755543695049115,7.5755543695049115,0.508655058688585,0.508655058688585,0.508655058688585,-0.03333725219127365,-0.03333725219127365,-0.03333725219127365,0.5419923108798586,0.5419923108798586,0.5419923108798586,0.0,0.0,0.0,8.084209428193496,7.840936822150792,1
1339,2020-03-26,7.59508373931526,1.3055946622947796,15.209354365821449,7.59508373931526,7.59508373931526,0.561719698125488,0.561719698125488,0.561719698125488,0.0386482653920065,0.0386482653920065,0.0386482653920065,0.5230714327334816,0.5230714327334816,0.5230714327334816,0.0,0.0,0.0,8.156803437440749,7.918464993729214,1
1340,2020-03-27,7.614613109125627,1.4347869315814958,15.132450126750069,7.614613109125627,7.614613109125627,0.49678142980311657,0.49678142980311657,0.49678142980311657,0.0039287967367553425,0.0039287967367553425,0.0039287967367553425,0.4928526330663613,0.4928526330663613,0.4928526330663613,0.0,0.0,0.0,8.111394538928744,7.986578177970614,1
1341,2020-03-30,7.6732012185566925,1.0663683283442416,14.804319527126108,7.6732012185566925,7.6732012185566925,0.3999553550979582,0.3999553550979582,0.3999553550979582,0.06302283964523223,0.06302283964523223,0.06302283964523223,0.33693251545272596,0.33693251545272596,0.33693251545272596,0.0,0.0,0.0,8.07315657365465,8.020114368561957,1
1342,2020-03-31,7.692730588367058,1.2338861102226222,14.725625067470329,7.692730588367058,7.692730588367058,0.30934092268096297,0.30934092268096297,0.30934092268096297,0.04431353266004453,0.04431353266004453,0.04431353266004453,0.26502739002091846,0.26502739002091846,0.26502739002091846,0.0,0.0,0.0,8.00207151104802,8.040620634922227,-1
1343,2020-04-01,7.712259958177408,0.43418276724593874,15.06984730452731,7.712259958177408,7.712259958177408,0.1511770145824243,0.1511770145824243,0.1511770145824243,-0.03333725219129846,-0.03333725219129846,-0.03333725219129846,0.18451426677372276,0.18451426677372276,0.18451426677372276,0.0,0.0,0.0,7.863436972759833,8.047696187848958,-1
1344,2020-04-02,7.731789327987766,1.0757661587532132,14.129137968204693,7.731789327987766,7.731789327987766,0.13508502817101523,0.13508502817101523,0.13508502817101523,0.038648265392014367,0.038648265392014367,0.038648265392014367,0.09643676277900086,0.09643676277900086,0.09643676277900086,0.0,0.0,0.0,7.866874356158781,8.041169737840178,-1
1345,2020-04-03,7.751318697798124,1.678256204080463,14.63802991760584,7.751318697798124,7.751318697798124,0.005886765578236108,0.005886765578236108,0.005886765578236108,0.003928796736693948,0.003928796736693948,0.003928796736693948,0.00195796884154216,0.00195796884154216,0.00195796884154216,0.0,0.0,0.0,7.757205463376359,8.021104465645061,-1
1346,2020-04-06,7.809906807229197,0.9119191526798073,14.434930068368452,7.809906807229197,7.809906807229197,-0.24403553819929305,-0.24403553819929305,-0.24403553819929305,0.06302283964512802,0.06302283964512802,0.06302283964512802,-0.3070583778444211,-0.3070583778444211,-0.3070583778444211,0.0,0.0,0.0,7.565871269029904,7.9631032457218724,-1
1347,2020-04-07,7.829436177039555,0.6383454964208617,14.266062347527011,7.829436177039555,7.829436177039555,-0.36981553462889816,-0.36981553462889816,-0.36981553462889816,0.044313532660010486,0.044313532660010486,0.044313532660010486,-0.4141290672889087,-0.4141290672889087,-0.4141290672889087,0.0,0.0,0.0,7.459620642410656,7.894064419300119,-1
1348,2020-04-08,7.848965546849913,0.33294348407172336,14.65220973586379,7.848965546849913,7.848965546849913,-0.5543553786097655,-0.5543553786097655,-0.5543553786097655,-0.03333725219123234,-0.03333725219123234,-0.03333725219123234,-0.5210181264185332,-0.5210181264185332,-0.5210181264185332,0.0,0.0,0.0,7.294610168240148,7.815104493304784,-1
1349,2020-04-09,7.8684949166602625,-0.0903557885421767,14.11293560864933,7.8684949166602625,7.8684949166602625,-0.5878224938992643,-0.5878224938992643,-0.5878224938992643,0.03864826539206772,0.03864826539206772,0.03864826539206772,-0.6264707592913321,-0.6264707592913321,-0.6264707592913321,0.0,0.0,0.0,7.280672422760998,7.727491391836809,-1
1350,2020-04-13,7.946612395901694,0.18607339496104774,13.732186973835795,7.946612395901694,7.946612395901694,-0.9493894807476038,-0.9493894807476038,-0.9493894807476038,0.06302283964526852,0.06302283964526852,0.06302283964526852,-1.0124123203928723,-1.0124123203928723,-1.0124123203928723,0.0,0.0,0.0,6.99722291515409,7.616074229459345,-1
1351,2020-04-14,7.9661417657120515,-0.010935774531774372,13.741188290267326,7.9661417657120515,7.9661417657120515,-1.051428077816043,-1.051428077816043,-1.051428077816043,0.044313532659976444,0.044313532659976444,0.044313532659976444,-1.0957416104760194,-1.0957416104760194,-1.0957416104760194,0.0,0.0,0.0,6.9147136878960085,7.5002299408834805,-1
1352,2020-04-15,7.98567113552241,-0.0004650001022601111,12.900259407252195,7.98567113552241,7.98567113552241,-1.2060246552428429,-1.2060246552428429,-1.2060246552428429,-0.03333725219125716,-0.03333725219125716,-0.03333725219125716,-1.1726874030515855,-1.1726874030515855,-1.1726874030515855,0.0,0.0,0.0,6.779646480279567,7.3779874378066355,-1
1353,2020-04-16,8.005200505332759,-0.4306752397301397,13.175037104399772,8.005200505332759,8.005200505332759,-1.2043373922605,-1.2043373922605,-1.2043373922605,0.03864826539188424,0.03864826539188424,0.03864826539188424,-1.2429856576523841,-1.2429856576523841,-1.2429856576523841,0.0,0.0,0.0,6.800863113072259,7.271730051837876,-1
1354,2020-04-17,8.024729875143125,-0.2631008658994563,13.569907930572963,8.024729875143125,8.024729875143125,-1.3026115104987197,-1.3026115104987197,-1.3026115104987197,0.003928796736589094,0.003928796736589094,0.003928796736589094,-1.306540307235309,-1.306540307235309,-1.306540307235309,0.0,0.0,0.0,6.722118364644405,7.1572544526864394,-1
1355,2020-04-20,8.08331798457419,-0.14305579122073542,13.72700320079864,8.08331798457419,8.08331798457419,-1.3950626189350137,-1.3950626189350137,-1.3950626189350137,0.06302283964528665,0.06302283964528665,0.06302283964528665,-1.4580854585803005,-1.4580854585803005,-1.4580854585803005,0.0,0.0,0.0,6.6882553656391766,7.050359442912722,-1
1356,2020-04-21,8.102847354384549,-0.4661719268303617,13.445068553879691,8.102847354384549,8.102847354384549,-1.4523475975565718,-1.4523475975565718,-1.4523475975565718,0.044313532660278286,0.044313532660278286,0.044313532660278286,-1.4966611302168502,-1.4966611302168502,-1.4966611302168502,0.0,0.0,0.0,6.650499756827977,6.958822291692529,-1
1357,2020-04-22,8.122376724194906,-0.04859990279313377,13.302436433505314,8.122376724194906,8.122376724194906,-1.563404683287612,-1.563404683287612,-1.563404683287612,-0.03333725219119104,-0.03333725219119104,-0.03333725219119104,-1.5300674310964208,-1.5300674310964208,-1.5300674310964208,0.0,0.0,0.0,6.558972040907294,6.868757431542193,-1
1358,2020-04-23,8.141906094005265,-0.2332377033968876,12.986932317561518,8.141906094005265,8.141906094005265,-1.520232085457605,-1.520232085457605,-1.520232085457605,0.0386482653919376,0.0386482653919376,0.0386482653919376,-1.5588803508495428,-1.5588803508495428,-1.5588803508495428,0.0,0.0,0.0,6.621674008547659,6.8014638155729426,-1
1359,2020-04-24,8.161435463815621,-0.6677447475929211,12.760022749301267,8.161435463815621,8.161435463815621,-1.5797708666563648,-1.5797708666563648,-1.5797708666563648,0.003928796736527697,0.003928796736527697,0.003928796736527697,-1.5836996633928926,-1.5836996633928926,-1.5836996633928926,0.0,0.0,0.0,6.581664597159257,6.731563033012769,-1
1360,2020-04-27,8.220023573246696,0.09326199798582366,13.107494551633927,8.220023573246696,8.220023573246696,-1.5769034324819566,-1.5769034324819566,-1.5769034324819566,0.06302283964505148,0.06302283964505148,0.06302283964505148,-1.6399262721270083,-1.6399262721270083,-1.6399262721270083,0.0,0.0,0.0,6.643120140764739,6.696152755573834,-1
1361,2020-04-28,8.239552943057046,-0.128024256045032,12.984134891272367,8.239552943057046,8.239552943057046,-1.609898462009663,-1.609898462009663,-1.609898462009663,0.04431353266024424,0.04431353266024424,0.04431353266024424,-1.6542119946699072,-1.6542119946699072,-1.6542119946699072,0.0,0.0,0.0,6.629654481047383,6.667646834888972,-1
1362,2020-04-29,8.259082312867411,-0.11160042703420597,13.558755219823038,8.259082312867411,8.259082312867411,-1.7001815821308581,-1.7001815821308581,-1.7001815821308581,-0.033337252191306795,-0.033337252191306795,-0.033337252191306795,-1.6668443299395512,-1.6668443299395512,-1.6668443299395512,0.0,0.0,0.0,6.558900730736553,6.64557225993467,-1
1363,2020-04-30,8.278611682677761,-0.4345296100101304,13.88805412252809,8.278611682677761,8.278611682677761,-1.6393329998816724,-1.6393329998816724,-1.6393329998816724,0.03864826539194546,0.03864826539194546,0.03864826539194546,-1.6779812652736177,-1.6779812652736177,-1.6779812652736177,0.0,0.0,0.0,6.639278682796089,6.629413816907054,1
1364,2020-05-01,8.298141052488127,-0.49444825669122905,13.360379230138133,8.298141052488127,8.298141052488127,-1.6837046342609316,-1.6837046342609316,-1.6837046342609316,0.0039287967367842135,0.0039287967367842135,0.0039287967367842135,-1.687633430997716,-1.687633430997716,-1.687633430997716,0.0,0.0,0.0,6.6144364182271955,6.618645622265333,-1
1365,2020-05-04,8.356729161919192,-0.48039238630821235,13.891456116863509,8.356729161919192,8.356729161919192,-1.6423898923303357,-1.6423898923303357,-1.6423898923303357,0.06302283964506962,0.06302283964506962,0.06302283964506962,-1.7054127319754053,-1.7054127319754053,-1.7054127319754053,0.0,0.0,0.0,6.714339269588857,6.6212540126603,1
1366,2020-05-05,8.376258531729551,0.1447790229910914,13.31264341523803,8.376258531729551,8.376258531729551,-1.6617497891257018,-1.6617497891257018,-1.6617497891257018,0.0443135326602102,0.0443135326602102,0.0443135326602102,-1.7060633217859118,-1.7060633217859118,-1.7060633217859118,0.0,0.0,0.0,6.714508742603849,6.6276549112378875,1
1367,2020-05-06,8.395787901539908,-0.6797540664879315,13.681909146978615,8.395787901539908,8.395787901539908,-1.736267115066208,-1.736267115066208,-1.736267115066208,-0.033337252191240674,-0.033337252191240674,-0.033337252191240674,-1.7029298628749674,-1.7029298628749674,-1.7029298628749674,0.0,0.0,0.0,6.6595207864737,6.637709785794529,1
1368,2020-05-07,8.415317271350267,-0.19831125686692921,13.565932685406466,8.415317271350267,8.415317271350267,-1.6564851962491767,-1.6564851962491767,-1.6564851962491767,0.03864826539199883,0.03864826539199883,0.03864826539199883,-1.6951334616411755,-1.6951334616411755,-1.6951334616411755,0.0,0.0,0.0,6.75883207510109,6.651425592449871,1
1369,2020-05-08,8.437327360275633,0.09191533339746111,13.712405542497594,8.437327360275633,8.437327360275633,-1.6777697511601206,-1.6777697511601206,-1.6777697511601206,0.003928796736722823,0.003928796736722823,0.003928796736722823,-1.6816985478968436,-1.6816985478968436,-1.6816985478968436,0.0,0.0,0.0,6.759557609115513,6.669214893645497,1
1370,2020-05-11,8.503357627051718,0.027723303624227938,13.547794299015234,8.503357627051718,8.503357627051718,-1.5339501852198685,-1.5339501852198685,-1.5339501852198685,0.06302283964521012,0.06302283964521012,0.06302283964521012,-1.5969730248650786,-1.5969730248650786,-1.5969730248650786,0.0,0.0,0.0,6.96940744183185,6.701843623752208,1
1371,2020-05-12,8.525367715977076,0.1265581927952238,13.612975593000927,8.525367715977076,8.525367715977076,-1.5060379546991727,-1.5060379546991727,-1.5060379546991727,0.04431353266005778,0.04431353266005778,0.04431353266005778,-1.5503514873592303,-1.5503514873592303,-1.5503514873592303,0.0,0.0,0.0,7.019329761277904,6.74081115177526,1
1372,2020-05-13,8.547377804902451,0.06741377817420728,13.615896874538612,8.547377804902451,8.547377804902451,-1.5261962957413224,-1.5261962957413224,-1.5261962957413224,-0.033337252191242825,-0.033337252191242825,-0.033337252191242825,-1.4928590435500795,-1.4928590435500795,-1.4928590435500795,0.0,0.0,0.0,7.021181509161129,6.787039229617717,1
1373,2020-05-14,8.56938789382781,0.40076539963872054,14.281871826190198,8.56938789382781,8.56938789382781,-1.3849797929842391,-1.3849797929842391,-1.3849797929842391,0.0386482653920067,0.0386482653920067,0.0386482653920067,-1.4236280583762457,-1.4236280583762457,-1.4236280583762457,0.0,0.0,0.0,7.184408100843571,6.841552171422466,1
1374,2020-05-15,8.591397982753177,0.8014599348340264,14.450049938118234,8.591397982753177,8.591397982753177,-1.3380064911506255,-1.3380064911506255,-1.3380064911506255,0.0039287967366703975,0.0039287967366703975,0.0039287967366703975,-1.3419352878872959,-1.3419352878872959,-1.3419352878872959,0.0,0.0,0.0,7.253391491602551,6.905447678760001,1
1375,2020-05-18,8.657428249529262,0.42379453618023033,14.190190657603026,8.657428249529262,8.657428249529262,-0.9546645742716178,-0.9546645742716178,-0.9546645742716178,0.06302283964485257,0.06302283964485257,0.06302283964485257,-1.0176874139164704,-1.0176874139164704,-1.0176874139164704,0.0,0.0,0.0,7.7027636752576445,7.00429011932688,1
1376,2020-05-19,8.67943833845462,0.9396989231717049,14.478967246692397,8.67943833845462,8.67943833845462,-0.8385636541438284,-0.8385636541438284,-0.8385636541438284,0.04431353265990538,0.04431353265990538,0.04431353265990538,-0.8828771868037338,-0.8828771868037338,-0.8828771868037338,0.0,0.0,0.0,7.8408746843107915,7.116926713497574,1
1377,2020-05-20,8.701448427379988,0.9084488264214116,15.173890474211534,8.701448427379988,8.701448427379988,-0.7685031919927701,-0.7685031919927701,-0.7685031919927701,-0.03333725219126764,-0.03333725219126764,-0.03333725219126764,-0.7351659398015024,-0.7351659398015024,-0.7351659398015024,0.0,0.0,0.0,7.932945235387218,7.244269158388927,1
1378,2020-05-21,8.723458516305346,1.1736935326653581,14.624726030159822,8.723458516305346,8.723458516305346,-0.5365851317566688,-0.5365851317566688,-0.5365851317566688,0.03864826539210555,0.03864826539210555,0.03864826539210555,-0.5752333971487743,-0.5752333971487743,-0.5752333971487743,0.0,0.0,0.0,8.186873384548678,7.387073289333685,1
1379,2020-05-22,8.745468605230712,1.247374156762108,15.05879182178205,8.745468605230712,8.745468605230712,-0.40010106682754437,-0.40010106682754437,-0.40010106682754437,0.003928796736617967,0.003928796736617967,0.003928796736617967,-0.4040298635641624,-0.4040298635641624,-0.4040298635641624,0.0,0.0,0.0,8.345367538403169,7.54565428226245,1
1380,2020-05-26,8.833508960932157,1.959056373370994,16.003517543404982,8.833508960932157,8.833508960932157,0.4099734455183168,0.4099734455183168,0.4099734455183168,0.04431353265987134,0.04431353265987134,0.04431353265987134,0.36565991285844546,0.36565991285844546,0.36565991285844546,0.0,0.0,0.0,9.243482406450473,7.773061778724312,1
1381,2020-05-27,8.855519049857524,2.780921543498184,16.1752317944659,8.855519049857524,8.855519049857524,0.5371071250902598,0.5371071250902598,0.5371071250902598,-0.03333725219129246,-0.03333725219129246,-0.03333725219129246,0.5704443772815523,0.5704443772815523,0.5704443772815523,0.0,0.0,0.0,9.392626174947784,8.0103914200913,1
1382,2020-05-28,8.877529138782881,2.7427453739849343,16.334462412729003,8.877529138782881,8.877529138782881,0.8146973196314868,0.8146973196314868,0.8146973196314868,0.038648265391922065,0.038648265391922065,0.038648265391922065,0.7760490542395647,0.7760490542395647,0.7760490542395647,0.0,0.0,0.0,9.692226458414368,8.277495915016626,1
1383,2020-05-29,8.89953922770825,2.854015525567092,16.453076518016445,8.89953922770825,8.89953922770825,0.9841610656661399,0.9841610656661399,0.9841610656661399,0.003928796736865525,0.003928796736865525,0.003928796736865525,0.9802322689292744,0.9802322689292744,0.9802322689292744,0.0,0.0,0.0,9.883700293374389,8.547425134269707,1
1384,2020-06-01,8.965569494484333,3.3866838943842095,17.47021475051884,8.965569494484333,8.965569494484333,1.6247243323642282,1.6247243323642282,1.6247243323642282,0.06302283964488886,0.06302283964488886,0.06302283964488886,1.5617014927193391,1.5617014927193391,1.5617014927193391,0.0,0.0,0.0,10.590293826848562,8.881115367794306,1
1385,2020-06-02,8.987579583409692,4.323768145897025,17.69706925540963,8.987579583409692,8.987579583409692,1.7822657768351873,1.7822657768351873,1.7822657768351873,0.044313532659837306,0.044313532659837306,0.044313532659837306,1.7379522441753499,1.7379522441753499,1.7379522441753499,0.0,0.0,0.0,10.76984536024488,9.187823536293031,1
1386,2020-06-03,9.009589672335059,4.3854941732413515,17.517679052318474,9.009589672335059,9.009589672335059,1.8687989164917025,1.8687989164917025,1.8687989164917025,-0.033337252191226324,-0.033337252191226324,-0.033337252191226324,1.902136168682929,1.902136168682929,1.902136168682929,0.0,0.0,0.0,10.87838858882676,9.491574926744628,1
1387,2020-06-04,9.031599761260418,4.1041156869598305,17.59982038009466,9.031599761260418,9.031599761260418,2.0912260837557377,2.0912260837557377,2.0912260837557377,0.038648265391975425,0.038648265391975425,0.038648265391975425,2.052577818363762,2.052577818363762,2.052577818363762,0.0,0.0,0.0,11.122825845016155,9.810562987707522,1
1388,2020-06-05,9.053609850185794,4.1923815444544985,18.218467739603742,9.053609850185794,9.053609850185794,2.191783842206161,2.191783842206161,2.191783842206161,0.0039287967368041325,0.0039287967368041325,0.0039287967368041325,2.187855045469357,2.187855045469357,2.187855045469357,0.0,0.0,0.0,11.245393692391954,10.11641501849185,1
1389,2020-06-08,9.119640116961877,4.649195927047512,18.765810114138436,9.119640116961877,9.119640116961877,2.5559734080611958,2.5559734080611958,2.5559734080611958,0.06302283964502937,0.06302283964502937,0.06302283964502937,2.492950568416166,2.492950568416166,2.492950568416166,0.0,0.0,0.0,11.675613525023072,10.449439617153839,1
1390,2020-06-09,9.141650205887236,5.166392311355182,18.66683663805101,9.141650205887236,9.141650205887236,2.603781948365765,2.603781948365765,2.603781948365765,0.044313532660139134,0.044313532660139134,0.044313532660139134,2.559468415705626,2.559468415705626,2.559468415705626,0.0,0.0,0.0,11.745432154253002,10.699634591934092,1
1391,2020-06-10,9.163660294812603,5.252326931484044,18.55536262048356,9.163660294812603,9.163660294812603,2.575122747102818,2.575122747102818,2.575122747102818,-0.03333725219116021,-0.03333725219116021,-0.03333725219116021,2.6084599992939785,2.6084599992939785,2.6084599992939785,0.0,0.0,0.0,11.738783041915422,10.934250278630856,1
1392,2020-06-11,9.185670383737962,4.893743881600308,18.492605909964173,9.185670383737962,9.185670383737962,2.6791315633024624,2.6791315633024624,2.6791315633024624,0.038648265391983294,0.038648265391983294,0.038648265391983294,2.6404832979104795,2.6404832979104795,2.6404832979104795,0.0,0.0,0.0,11.864801947040425,11.151507827493461,1
1393,2020-06-12,9.207680472663329,5.16807915178041,18.275682523347424,9.207680472663329,9.207680472663329,2.6603553399291524,2.6603553399291524,2.6603553399291524,0.003928796736760663,0.003928796736760663,0.003928796736760663,2.6564265431923917,2.6564265431923917,2.6564265431923917,0.0,0.0,0.0,11.868035812592481,11.34994137941527,1
1394,2020-06-15,9.273710739439414,5.221562227833396,19.01891550066117,9.273710739439414,9.273710739439414,2.684095978011036,2.684095978011036,2.684095978011036,0.06302283964504751,0.06302283964504751,0.06302283964504751,2.6210731383659884,2.6210731383659884,2.6210731383659884,0.0,0.0,0.0,11.957806717450449,11.48669266847546,1
1395,2020-06-16,9.295720828364772,5.3647626909505455,18.906367710785204,9.295720828364772,9.295720828364772,2.631527664311331,2.631527664311331,2.631527664311331,0.04431353265998673,0.04431353265998673,0.04431353265998673,2.5872141316513444,2.5872141316513444,2.5872141316513444,0.0,0.0,0.0,11.927248492676103,11.602432981718582,1
1396,2020-06-17,9.31773091729014,4.907649696449269,18.449066220402706,9.31773091729014,9.31773091729014,2.5122618247340505,2.5122618247340505,2.5122618247340505,-0.03333725219118503,-0.03333725219118503,-0.03333725219118503,2.5455990769252357,2.5455990769252357,2.5455990769252357,0.0,0.0,0.0,11.82999274202419,11.697593397038325,1
1397,2020-06-18,9.339741006215498,5.078980271518926,18.630972445893036,9.339741006215498,9.339741006215498,2.5370100945246175,2.5370100945246175,2.5370100945246175,0.038648265392036654,0.038648265392036654,0.038648265392036654,2.4983618291325813,2.4983618291325813,2.4983618291325813,0.0,0.0,0.0,11.876751100740115,11.77298592261072,1
1398,2020-06-19,9.361751095140857,4.739380554885499,18.681840610666274,9.361751095140857,9.361751095140857,2.4515970064161885,2.4515970064161885,2.4515970064161885,0.0039287967366992745,0.0039287967366992745,0.0039287967366992745,2.4476682096794886,2.4476682096794886,2.4476682096794886,0.0,0.0,0.0,11.813348101557045,11.829781363527228,-1
1399,2020-06-22,9.42778136191695,5.138943495978747,18.186641475366283,9.42778136191695,9.42778136191695,2.3587992354130294,2.3587992354130294,2.3587992354130294,0.06302283964518803,0.06302283964518803,0.06302283964518803,2.295776395767841,2.295776395767841,2.295776395767841,0.0,0.0,0.0,11.786580597329978,11.84087807075792,-1
1400,2020-06-23,9.449791450842309,5.172228106170456,18.837453813716362,9.449791450842309,9.449791450842309,2.29586310322721,2.29586310322721,2.29586310322721,0.04431353266007105,0.04431353266007105,0.04431353266007105,2.251549570567139,2.251549570567139,2.251549570567139,0.0,0.0,0.0,11.74565455406952,11.840900310739574,-1
1401,2020-06-24,9.471801539767675,4.916698195692503,18.786907898469046,9.471801539767675,9.471801539767675,2.1798597474768617,2.1798597474768617,2.1798597474768617,-0.03333725219120985,-0.03333725219120985,-0.03333725219120985,2.213196999668072,2.213196999668072,2.213196999668072,0.0,0.0,0.0,11.651661287244536,11.832188135272485,-1
1402,2020-06-25,9.493811628693035,4.8615698820852105,18.36392574717727,9.493811628693035,9.493811628693035,2.220577467987437,2.220577467987437,2.220577467987437,0.038648265391853176,0.038648265391853176,0.038648265391853176,2.1819292025955837,2.1819292025955837,2.1819292025955837,0.0,0.0,0.0,11.71438909668047,11.817146850236488,-1
1403,2020-06-26,9.515821717618392,5.01333658122767,18.502135383507913,9.515821717618392,9.515821717618392,2.1625733828496543,2.1625733828496543,2.1625733828496543,0.003928796736646839,0.003928796736646839,0.003928796736646839,2.1586445861130077,2.1586445861130077,2.1586445861130077,0.0,0.0,0.0,11.678395100468046,11.798182779024044,-1
1404,2020-06-29,9.581851984394493,4.7226445103006585,18.57916356418724,9.581851984394493,9.581851984394493,2.2035536723171156,2.2035536723171156,2.2035536723171156,0.06302283964520616,0.06302283964520616,0.06302283964520616,2.1405308326719097,2.1405308326719097,2.1405308326719097,0.0,0.0,0.0,11.785405656711609,11.780942672950161,1
1405,2020-06-30,9.603862073319853,5.015627981125881,18.348529865000376,9.603862073319853,9.603862073319853,2.195553299558773,2.195553299558773,2.195553299558773,0.04431353265991864,0.04431353265991864,0.04431353265991864,2.1512397668988545,2.1512397668988545,2.1512397668988545,0.0,0.0,0.0,11.799415372878626,11.768159360970412,1
1406,2020-07-01,9.62587216224522,4.5819314392603925,18.372144541652577,9.62587216224522,9.62587216224522,2.135857917500715,2.135857917500715,2.135857917500715,-0.03333725219130294,-0.03333725219130294,-0.03333725219130294,2.1691951696920175,2.1691951696920175,2.1691951696920175,0.0,0.0,0.0,11.761730079745934,11.761333094742588,1
1407,2020-07-02,9.647882251170579,4.8033119386685135,18.698169284339635,9.647882251170579,9.647882251170579,2.2318783435528795,2.2318783435528795,2.2318783435528795,0.03864826539190653,0.03864826539190653,0.03864826539190653,2.1932300781609726,2.1932300781609726,2.1932300781609726,0.0,0.0,0.0,11.879760594723457,11.761634044140923,1
1408,2020-07-06,9.735922606872029,5.143111348816323,18.682424010172543,9.735922606872029,9.735922606872029,2.3807487274679415,2.3807487274679415,2.3807487274679415,0.06302283964497099,0.06302283964497099,0.06302283964497099,2.3177258878229705,2.3177258878229705,2.3177258878229705,0.0,0.0,0.0,12.11667133433997,11.791966367419215,1
1409,2020-07-07,9.757932695797388,5.423752202267865,18.74099142502382,9.757932695797388,9.757932695797388,2.390535824771853,2.390535824771853,2.390535824771853,0.04431353265988461,0.04431353265988461,0.04431353265988461,2.346222292111968,2.346222292111968,2.346222292111968,0.0,0.0,0.0,12.14846852056924,11.82815515974314,1
1410,2020-07-08,9.779942784722754,5.064351386193222,19.10206377507772,9.779942784722754,9.779942784722754,2.3361158479231503,2.3361158479231503,2.3361158479231503,-0.033337252191236816,-0.033337252191236816,-0.033337252191236816,2.369453100114387,2.369453100114387,2.369453100114387,0.0,0.0,0.0,12.116058632645904,11.865195567600779,1
1411,2020-07-09,9.801952873648114,5.482950022587572,19.448414311004626,9.801952873648114,9.801952873648114,2.4239677231076415,2.4239677231076415,2.4239677231076415,0.0386482653919144,0.0386482653919144,0.0386482653919144,2.385319457715727,2.385319457715727,2.385319457715727,0.0,0.0,0.0,12.225920596755756,11.922621498551901,1
1412,2020-07-10,9.823962962573471,5.587604877557766,19.166966557912765,9.823962962573471,9.823962962573471,2.395757646194231,2.395757646194231,2.395757646194231,0.00392879673653302,0.00392879673653302,0.00392879673653302,2.3918288494576982,2.3918288494576982,2.3918288494576982,0.0,0.0,0.0,12.219720608767702,11.973154649760623,1
1413,2020-07-13,9.889993229349566,6.049907203288722,19.050863905724036,9.889993229349566,9.889993229349566,2.4011761792922433,2.4011761792922433,2.4011761792922433,0.06302283964498911,0.06302283964498911,0.06302283964498911,2.338153339647254,2.338153339647254,2.338153339647254,0.0,0.0,0.0,12.291169408641808,12.034432080578,1
1414,2020-07-14,9.912003318274923,5.405586225918278,18.4088904495058,9.912003318274923,9.912003318274923,2.335821403520101,2.335821403520101,2.335821403520101,0.0443135326597322,0.0443135326597322,0.0443135326597322,2.2915078708603684,2.2915078708603684,2.2915078708603684,0.0,0.0,0.0,12.247824721795023,12.08067398708634,1
1415,2020-07-15,9.934013407200283,5.325607252639242,19.18982212184113,9.934013407200283,9.934013407200283,2.195799577836798,2.195799577836798,2.195799577836798,-0.03333725219126163,-0.03333725219126163,-0.03333725219126163,2.229136830028059,2.229136830028059,2.229136830028059,0.0,0.0,0.0,12.12981298503708,12.113713748302189,1
1416,2020-07-16,9.956023496125649,5.184075568282763,18.977031285064726,9.956023496125649,9.956023496125649,2.1894488002645334,2.1894488002645334,2.1894488002645334,0.03864826539201325,0.03864826539201325,0.03864826539201325,2.15080053487252,2.15080053487252,2.15080053487252,0.0,0.0,0.0,12.145472296390182,12.152087969966612,-1
1417,2020-07-17,9.978033585051008,4.832049203606677,18.84689233101356,9.978033585051008,9.978033585051008,2.0605987247931306,2.0605987247931306,2.0605987247931306,0.003928796736780584,0.003928796736780584,0.003928796736780584,2.05666992805635,2.05666992805635,2.05666992805635,0.0,0.0,0.0,12.03863230984414,12.167975141478681,-1
1418,2020-07-20,10.04406385182711,4.762189354437117,18.80774131119146,10.04406385182711,10.04406385182711,1.7504948766121389,1.7504948766121389,1.7504948766121389,0.06302283964512963,0.06302283964512963,0.06302283964512963,1.6874720369670093,1.6874720369670093,1.6874720369670093,0.0,0.0,0.0,11.794558728439249,12.135763880888609,-1
1419,2020-07-21,10.066073940752467,4.508916423900517,17.551203802399456,10.066073940752467,10.066073940752467,1.5844477301904767,1.5844477301904767,1.5844477301904767,0.04431353265969817,0.04431353265969817,0.04431353265969817,1.5401341975307785,1.5401341975307785,1.5401341975307785,0.0,0.0,0.0,11.650521670942943,12.08596919592598,-1
1420,2020-07-22,10.088084029677827,4.15040682779768,17.72872498981187,10.088084029677827,10.088084029677827,1.3505725010120315,1.3505725010120315,1.3505725010120315,-0.033337252191172846,-0.033337252191172846,-0.033337252191172846,1.3839097532032043,1.3839097532032043,1.3839097532032043,0.0,0.0,0.0,11.438656530689858,12.018228985730374,-1
1421,2020-07-23,10.110094118603193,5.128425237311945,18.506296151180184,10.110094118603193,10.110094118603193,1.2598659207349894,1.2598659207349894,1.2598659207349894,0.03864826539202112,0.03864826539202112,0.03864826539202112,1.2212176553429683,1.2212176553429683,1.2212176553429683,0.0,0.0,0.0,11.369960039338183,11.932632929988618,-1
1422,2020-07-24,10.132104207528553,4.943959838321351,18.026823473243947,10.132104207528553,10.132104207528553,1.0586473438861326,1.0586473438861326,1.0586473438861326,0.00392879673672815,0.00392879673672815,0.00392879673672815,1.0547185471494045,1.0547185471494045,1.0547185471494045,0.0,0.0,0.0,11.190751551414685,11.829736024253316,-1
1423,2020-07-27,10.198134474304645,3.859442069640467,17.93545028509647,10.198134474304645,10.198134474304645,0.6243129367370538,0.6243129367370538,0.6243129367370538,0.0630228396450254,0.0630228396450254,0.0630228396450254,0.5612900970920284,0.5612900970920284,0.5612900970920284,0.0,0.0,0.0,10.822447411041699,11.682863824493303,-1
1424,2020-07-28,10.220144563230004,3.280244162224499,18.192737077440718,10.220144563230004,10.220144563230004,0.4530702980894418,0.4530702980894418,0.4530702980894418,0.044313532660118365,0.044313532660118365,0.044313532660118365,0.4087567654293235,0.4087567654293235,0.4087567654293235,0.0,0.0,0.0,10.673214861319446,11.525402838445746,-1
1425,2020-07-29,10.242154652155362,2.948460825132292,17.13019279177903,10.242154652155362,10.242154652155362,0.23370429743003146,0.23370429743003146,0.23370429743003146,-0.03333725219128859,-0.03333725219128859,-0.03333725219128859,0.26704154962132004,0.26704154962132004,0.26704154962132004,0.0,0.0,0.0,10.475858949585394,11.360007434900577,-1
1426,2020-07-30,10.26416474108073,3.8680357458791446,17.088957185652244,10.26416474108073,10.26416474108073,0.17747944988906797,0.17747944988906797,0.17747944988906797,0.03864826539202899,0.03864826539202899,0.03864826539202899,0.138831184497039,0.138831184497039,0.138831184497039,0.0,0.0,0.0,10.441644190969798,11.18962462435854,-1
1427,2020-07-31,10.286174830006088,3.6590527320262005,17.22911836954913,10.286174830006088,10.286174830006088,0.030495575434349432,0.030495575434349432,0.030495575434349432,0.0039287967366667615,0.0039287967366667615,0.0039287967366667615,0.026566778697682675,0.026566778697682675,0.026566778697682675,0.0,0.0,0.0,10.316670405440437,11.01742843391817,-1
1428,2020-08-03,10.35220509678218,2.9850057523005793,17.412830917965554,10.35220509678218,10.35220509678218,-0.1320956614945963,-0.1320956614945963,-0.1320956614945963,0.06302283964516592,0.06302283964516592,0.06302283964516592,-0.19511850113976223,-0.19511850113976223,-0.19511850113976223,0.0,0.0,0.0,10.220109435287585,10.859983504603003,-1
1429,2020-08-04,10.37421518570754,2.2397399277663697,17.309394369184563,10.37421518570754,10.37421518570754,-0.18187332149318156,-0.18187332149318156,-0.18187332149318156,0.04431353266008432,0.04431353266008432,0.04431353266008432,-0.22618685415326584,-0.22618685415326584,-0.22618685415326584,0.0,0.0,0.0,10.192341864214358,10.714165523930145,-1
1430,2020-08-05,10.396225274632899,2.922712129678074,16.94683917604067,10.396225274632899,10.396225274632899,-0.26809673195836287,-0.26809673195836287,-0.26809673195836287,-0.03333725219122247,-0.03333725219122247,-0.03333725219122247,-0.23475947976714037,-0.23475947976714037,-0.23475947976714037,0.0,0.0,0.0,10.128128542674537,10.583112725128611,-1
1431,2020-08-06,10.418235363558265,3.565738191763068,17.553469618620763,10.418235363558265,10.418235363558265,-0.18227818124881415,-0.18227818124881415,-0.18227818124881415,0.03864826539208235,0.03864826539208235,0.03864826539208235,-0.2209264466408965,-0.2209264466408965,-0.2209264466408965,0.0,0.0,0.0,10.235957182309452,10.46971243942574,-1
1432,2020-08-07,10.440245452483625,3.705100697059553,16.924504398513037,10.440245452483625,10.440245452483625,-0.18135457422012446,-0.18135457422012446,-0.18135457422012446,0.003928796736623292,0.003928796736623292,0.003928796736623292,-0.18528337095674774,-0.18528337095674774,-0.18528337095674774,0.0,0.0,0.0,10.2588908782635,10.376526372110622,-1
1433,2020-08-10,10.506275719259724,4.009438747650351,17.32886639181917,10.506275719259724,10.506275719259724,0.10222806847534725,0.10222806847534725,0.10222806847534725,0.06302283964530642,0.06302283964530642,0.06302283964530642,0.03920522883004085,0.03920522883004085,0.03920522883004085,0.0,0.0,0.0,10.60850378773507,10.355132009779958,1
1434,2020-08-11,10.528285808185084,4.3124566030610065,17.52417818095341,10.528285808185084,10.528285808185084,0.1908438334805514,0.1908438334805514,0.1908438334805514,0.04431353265993192,0.04431353265993192,0.04431353265993192,0.1465303008206195,0.1465303008206195,0.1465303008206195,0.0,0.0,0.0,10.719129641665635,10.359723487814577,1
1435,2020-08-12,10.550295897110443,3.7447032700640808,17.70992255974527,10.550295897110443,10.550295897110443,0.23243927084875124,0.23243927084875124,0.23243927084875124,-0.033337252191247294,-0.033337252191247294,-0.033337252191247294,0.26577652303999855,0.26577652303999855,0.26577652303999855,0.0,0.0,0.0,10.782735167959194,10.390411109651957,1
1436,2020-08-13,10.57230598603581,4.10585808809171,17.78329150977477,10.57230598603581,10.57230598603581,0.4325236823713917,0.4325236823713917,0.4325236823713917,0.03864826539185338,0.03864826539185338,0.03864826539185338,0.3938754169795384,0.3938754169795384,0.3938754169795384,0.0,0.0,0.0,11.0048296684072,10.446729657395696,1
1437,2020-08-14,10.594316074961169,4.568279270777573,18.002051488346808,10.594316074961169,10.594316074961169,0.5314651151160907,0.5314651151160907,0.5314651151160907,0.003928796736861891,0.003928796736861891,0.003928796736861891,0.5275363183792289,0.5275363183792289,0.5275363183792289,0.0,0.0,0.0,11.125781190077259,10.527640735859379,1
1438,2020-08-17,10.660346341737252,4.6709242433873355,18.48548526220813,10.660346341737252,10.660346341737252,0.990266526199328,0.990266526199328,0.990266526199328,0.06302283964532455,0.06302283964532455,0.06302283964532455,0.9272436865540034,0.9272436865540034,0.9272436865540034,0.0,0.0,0.0,11.65061286793658,10.670691079124278,1
1439,2020-08-18,10.682356430662619,4.286049760025171,18.473056633015368,10.682356430662619,10.682356430662619,1.0927956931516496,1.0927956931516496,1.0927956931516496,0.044313532660233745,0.044313532660233745,0.044313532660233745,1.0484821604914158,1.0484821604914158,1.0484821604914158,0.0,0.0,0.0,11.77515212381427,10.82897210508427,1
1440,2020-08-19,10.704366519587978,4.594556619308779,18.115278401874047,10.704366519587978,10.704366519587978,1.1248672251381553,1.1248672251381553,1.1248672251381553,-0.03333725219127211,-0.03333725219127211,-0.03333725219127211,1.1582044773294273,1.1582044773294273,1.1582044773294273,0.0,0.0,0.0,11.829233744726134,10.999082625289429,1
1441,2020-08-20,10.726376608513345,4.992779118874175,19.21064276875545,10.726376608513345,10.726376608513345,1.292071525072147,1.292071525072147,1.292071525072147,0.03864826539195223,0.03864826539195223,0.03864826539195223,1.253423259680195,1.253423259680195,1.253423259680195,0.0,0.0,0.0,12.018448133585492,11.177331720417033,1
1442,2020-08-21,10.748386697438704,4.769064631604016,18.692413941022153,10.748386697438704,10.748386697438704,1.3353946822561424,1.3353946822561424,1.3353946822561424,0.00392879673681842,0.00392879673681842,0.00392879673681842,1.331465885519324,1.331465885519324,1.331465885519324,0.0,0.0,0.0,12.083781379694846,11.359820770560168,1
1443,2020-08-24,10.814416964214788,5.3891803523492845,19.011940138159147,10.814416964214788,10.814416964214788,1.5047886414278913,1.5047886414278913,1.5047886414278913,0.06302283964521173,0.06302283964521173,0.06302283964521173,1.4417658017826795,1.4417658017826795,1.4417658017826795,0.0,0.0,0.0,12.31920560564268,11.53089095235093,1
1444,2020-08-25,10.836427053140156,5.304418244665268,19.082559826110217,10.836427053140156,10.836427053140156,1.4769531961615396,1.4769531961615396,1.4769531961615396,0.04431353266008133,0.04431353266008133,0.04431353266008133,1.4326396635014582,1.4326396635014582,1.4326396635014582,0.0,0.0,0.0,12.313380249301696,11.690316013114534,1
1445,2020-08-26,10.858437142065513,5.456344276100998,18.908679484948678,10.858437142065513,10.858437142065513,1.366184578906478,1.366184578906478,1.366184578906478,-0.03333725219129693,-0.03333725219129693,-0.03333725219129693,1.3995218310977748,1.3995218310977748,1.3995218310977748,0.0,0.0,0.0,12.224621720971992,11.834504668415814,1
1446,2020-08-27,10.880447230990882,5.249266639518104,19.16115115814271,10.880447230990882,10.880447230990882,1.38122359974669,1.38122359974669,1.38122359974669,0.0386482653919601,0.0386482653919601,0.0386482653919601,1.3425753343547298,1.3425753343547298,1.3425753343547298,0.0,0.0,0.0,12.261670830737572,11.960188784648853,1
1447,2020-08-28,10.90245731991624,5.803933239839608,18.994439993358124,10.90245731991624,10.90245731991624,1.2664172104771803,1.2664172104771803,1.2664172104771803,0.003928796736757033,0.003928796736757033,0.003928796736757033,1.262488413740423,1.262488413740423,1.262488413740423,0.0,0.0,0.0,12.16887453039342,12.064498118680469,1
1448,2020-08-31,10.968487586692325,5.16368482686692,18.494754774165987,10.968487586692325,10.968487586692325,0.9607153121407291,0.9607153121407291,0.9607153121407291,0.06302283964498516,0.06302283964498516,0.06302283964498516,0.8976924724957439,0.8976924724957439,0.8976924724957439,0.0,0.0,0.0,11.929202898833054,12.092357121770117,-1
1449,2020-09-01,10.990497675617691,5.501559472286006,18.38985751981816,10.990497675617691,10.990497675617691,0.7858822865036643,0.7858822865036643,0.7858822865036643,0.04431353266016567,0.04431353266016567,0.04431353266016567,0.7415687538434986,0.7415687538434986,0.7415687538434986,0.0,0.0,0.0,11.776379962121355,12.092479905600824,-1
1450,2020-09-02,11.012507778639725,4.504423827881747,18.486107964068793,11.012507778639725,11.012507778639725,0.5392712673571797,0.5392712673571797,0.5392712673571797,-0.03333725219123081,-0.03333725219123081,-0.03333725219123081,0.5726085195484105,0.5726085195484105,0.5726085195484105,0.0,0.0,0.0,11.551779045996904,12.064734435727903,-1
1451,2020-09-03,11.034517881661776,4.72107818231103,18.48958534195505,11.034517881661776,11.034517881661776,0.43254582563915916,0.43254582563915916,0.43254582563915916,0.03864826539201345,0.03864826539201345,0.03864826539201345,0.3938975602471457,0.3938975602471457,0.3938975602471457,0.0,0.0,0.0,11.467063707300936,12.009595993099445,-1
1452,2020-09-04,11.05652798468381,4.310239221857579,18.491304124321694,11.05652798468381,11.05652798468381,0.21263878881283332,0.21263878881283332,0.21263878881283332,0.003928796736695637,0.003928796736695637,0.003928796736695637,0.2087099920761377,0.2087099920761377,0.2087099920761377,0.0,0.0,0.0,11.269166773496643,11.928134532479625,-1
1453,2020-09-08,11.144568396771971,3.2600700512824092,17.610943027712374,11.144568396771971,11.144568396771971,-0.4847155638090753,-0.4847155638090753,-0.4847155638090753,0.044313532660013255,0.044313532660013255,0.044313532660013255,-0.5290290964690887,-0.5290290964690887,-0.5290290964690887,0.0,0.0,0.0,10.659852832962896,11.762199255211646,-1
1454,2020-09-09,11.166578499794005,3.8235851358376047,17.06420640968557,11.166578499794005,11.166578499794005,-0.7296098492625991,-0.7296098492625991,-0.7296098492625991,-0.03333725219123296,-0.03333725219123296,-0.03333725219123296,-0.6962725970713662,-0.6962725970713662,-0.6962725970713662,0.0,0.0,0.0,10.436968650531405,11.574558095334618,-1
1455,2020-09-10,11.188588602816056,3.5804539003285867,17.23714270903616,11.188588602816056,11.188588602816056,-0.8120297924873244,-0.8120297924873244,-0.8120297924873244,0.03864826539182997,0.03864826539182997,0.03864826539182997,-0.8506780578791545,-0.8506780578791545,-0.8506780578791545,0.0,0.0,0.0,10.376558810328731,11.389751804270292,-1
1456,2020-09-11,11.21059870583809,3.1522481838020306,17.243592243836424,11.21059870583809,11.21059870583809,-0.9858278502021812,-0.9858278502021812,-0.9858278502021812,0.003928796736652173,0.003928796736652173,0.003928796736652173,-0.9897566469388335,-0.9897566469388335,-0.9897566469388335,0.0,0.0,0.0,10.224770855635908,11.186061806760126,-1
1457,2020-09-14,11.276629014904207,2.8900255370258714,17.099021460992024,11.276629014904207,11.276629014904207,-1.2329027387334857,-1.2329027387334857,-1.2329027387334857,0.06302283964489047,0.06302283964489047,0.06302283964489047,-1.295925578378376,-1.295925578378376,-1.295925578378376,0.0,0.0,0.0,10.043726276170721,10.973546981337856,-1
1458,2020-09-15,11.298639117926252,3.5816483814478985,16.540725103379806,11.298639117926252,11.298639117926252,-1.3124470987282653,-1.3124470987282653,-1.3124470987282653,0.04431353265986084,0.04431353265986084,0.04431353265986084,-1.356760631388126,-1.356760631388126,-1.356760631388126,0.0,0.0,0.0,9.986192019197986,10.779245893374348,-1
1459,2020-09-16,11.320649220948294,3.19179419959585,16.804372715501213,11.320649220948294,11.320649220948294,-1.429377340405063,-1.429377340405063,-1.429377340405063,-0.03333725219116684,-0.03333725219116684,-0.03333725219116684,-1.3960400882138961,-1.3960400882138961,-1.3960400882138961,0.0,0.0,0.0,9.891271880543231,10.590735085216537,-1
1460,2020-09-17,11.342659323970336,3.431021559597608,16.602078496907033,11.342659323970336,11.342659323970336,-1.3752512783377788,-1.3752512783377788,-1.3752512783377788,0.03864826539188333,0.03864826539188333,0.03864826539188333,-1.413899543729662,-1.413899543729662,-1.413899543729662,0.0,0.0,0.0,9.967408045632558,10.432297985180101,-1
1461,2020-09-18,11.36466942699237,2.8058428837583094,17.209544580762014,11.36466942699237,11.36466942699237,-1.4069994796856213,-1.4069994796856213,-1.4069994796856213,0.003928796736590781,0.003928796736590781,0.003928796736590781,-1.4109282764222122,-1.4109282764222122,-1.4109282764222122,0.0,0.0,0.0,9.957669947306748,10.281358609180682,-1
1462,2020-09-21,11.430699736058488,3.5290608953035054,17.211564260279776,11.430699736058488,11.430699736058488,-1.22611044533439,-1.22611044533439,-1.22611044533439,0.06302283964503097,0.06302283964503097,0.06302283964503097,-1.2891332849794208,-1.2891332849794208,-1.2891332849794208,0.0,0.0,0.0,10.204589290724098,10.174900860903428,1
1463,2020-09-22,11.452709839080539,3.8699991476368094,17.435499392132826,11.452709839080539,11.452709839080539,-1.1724130332671667,-1.1724130332671667,-1.1724130332671667,0.04431353265994517,0.04431353265994517,0.04431353265994517,-1.2167265659271118,-1.2167265659271118,-1.2167265659271118,0.0,0.0,0.0,10.280296805813371,10.136945258188476,1
1464,2020-09-23,11.474719942102572,3.562371913339979,17.499650570541164,11.474719942102572,11.474719942102572,-1.1653747905532368,-1.1653747905532368,-1.1653747905532368,-0.03333725219128259,-0.03333725219128259,-0.03333725219128259,-1.1320375383619543,-1.1320375383619543,-1.1320375383619543,0.0,0.0,0.0,10.309345151549335,10.124182908290269,1
1465,2020-09-24,11.496730045124615,3.8359077194471274,17.588031571647537,11.496730045124615,11.496730045124615,-0.9988938946040183,-0.9988938946040183,-0.9988938946040183,0.03864826539193669,0.03864826539193669,0.03864826539193669,-1.0375421599959551,-1.0375421599959551,-1.0375421599959551,0.0,0.0,0.0,10.497836150520596,10.136310642309457,1
1466,2020-09-25,11.51874014814665,3.5437280817688537,17.253454757014712,11.51874014814665,11.51874014814665,-0.9318988255966224,-0.9318988255966224,-0.9318988255966224,0.00392879673683834,0.00392879673683834,0.00392879673683834,-0.9358276223334606,-0.9358276223334606,-0.9358276223334606,0.0,0.0,0.0,10.586841322550027,10.172517689000866,1
1467,2020-09-28,11.584770457212768,4.353778355048207,17.9294268002395,11.584770457212768,11.584770457212768,-0.5504786976879439,-0.5504786976879439,-0.5504786976879439,0.06302283964504912,0.06302283964504912,0.06302283964504912,-0.613501537332993,-0.613501537332993,-0.613501537332993,0.0,0.0,0.0,11.034291759524823,10.271574237336278,1
1468,2020-09-29,11.606780560234819,4.206984782934392,17.824255886440486,11.606780560234819,11.606780560234819,-0.4643589569440419,-0.4643589569440419,-0.4643589569440419,0.04431353265979277,0.04431353265979277,0.04431353265979277,-0.5086724896038346,-0.5086724896038346,-0.5086724896038346,0.0,0.0,0.0,11.142421603290778,10.387197195745555,1
1469,2020-09-30,11.628790663256853,4.377930198820054,18.344493196986047,11.628790663256853,11.628790663256853,-0.4422594149425404,-0.4422594149425404,-0.4422594149425404,-0.03333725219121648,-0.03333725219121648,-0.03333725219121648,-0.4089221627513239,-0.4089221627513239,-0.4089221627513239,0.0,0.0,0.0,11.186531248314312,10.516723132522664,1
1470,2020-10-01,11.650800766278895,4.654337140515108,17.701981108146487,11.650800766278895,11.650800766278895,-0.2775139313794167,-0.2775139313794167,-0.2775139313794167,0.03864826539199005,0.03864826539199005,0.03864826539199005,-0.3161621967714068,-0.3161621967714068,-0.3161621967714068,0.0,0.0,0.0,11.373286834899478,10.657311011449357,1
1471,2020-10-02,11.672810869300937,5.027075013668931,18.248478522944477,11.672810869300937,11.672810869300937,-0.22807865800155122,-0.22807865800155122,-0.22807865800155122,0.003928796736776948,0.003928796736776948,0.003928796736776948,-0.23200745473832815,-0.23200745473832815,-0.23200745473832815,0.0,0.0,0.0,11.444732211299385,10.80601723784862,1
1472,2020-10-05,11.738841178367055,5.277484120797739,18.733133751527866,11.738841178367055,11.738841178367055,0.020788900367299006,0.020788900367299006,0.020788900367299006,0.06302283964506726,0.06302283964506726,0.06302283964506726,-0.04223393927776826,-0.04223393927776826,-0.04223393927776826,0.0,0.0,0.0,11.759630078734354,10.961521316649646,1
1473,2020-10-06,11.760851281389098,4.770617510380368,18.580521421363944,11.760851281389098,11.760851281389098,0.04257445529344245,0.04257445529344245,0.04257445529344245,0.0443135326600946,0.0443135326600946,0.0443135326600946,-0.001739077366652152,-0.001739077366652152,-0.001739077366652152,0.0,0.0,0.0,11.80342573668254,11.113834209736563,1
1474,2020-10-07,11.782861384411133,5.207849038402528,18.4310816533079,11.782861384411133,11.782861384411133,-0.00596968159850753,-0.00596968159850753,-0.00596968159850753,-0.03333725219115035,-0.03333725219115035,-0.03333725219115035,0.027367570592642818,0.027367570592642818,0.027367570592642818,0.0,0.0,0.0,11.776891702812625,11.260588864862891,1
1475,2020-10-08,11.804871487433182,5.169921314062837,18.73138098499448,11.804871487433182,11.804871487433182,0.08426838425094323,0.08426838425094323,0.08426838425094323,0.038648265391997914,0.038648265391997914,0.038648265391997914,0.04562011885894532,0.04562011885894532,0.04562011885894532,0.0,0.0,0.0,11.889139871684126,11.399719236979246,1
1476,2020-10-09,11.826881590455217,5.114394641544044,19.239608645781747,11.826881590455217,11.826881590455217,0.057811167569228196,0.057811167569228196,0.057811167569228196,0.003928796736724518,0.003928796736724518,0.003928796736724518,0.053882370832503676,0.053882370832503676,0.053882370832503676,0.0,0.0,0.0,11.884692758024446,11.529504380526687,1
1477,2020-10-12,11.892911899521335,5.136930318661642,18.713769520270038,11.892911899521335,11.892911899521335,0.09461180941775879,0.09461180941775879,0.09461180941775879,0.06302283964508541,0.06302283964508541,0.06302283964508541,0.03158896977267336,0.03158896977267336,0.03158896977267336,0.0,0.0,0.0,11.987523708939094,11.624827575468114,1
1478,2020-10-13,11.914922002543378,4.789448424185017,18.433092692488724,11.914922002543378,11.914922002543378,0.05817106301128595,0.05817106301128595,0.05817106301128595,0.044313532659942194,0.044313532659942194,0.044313532659942194,0.013857530351343758,0.013857530351343758,0.013857530351343758,0.0,0.0,0.0,11.973093065554664,11.707894721694503,1
1479,2020-10-14,11.936932105565411,4.512582589098459,19.063720868002335,11.936932105565411,11.936932105565411,-0.03928611291366084,-0.03928611291366084,-0.03928611291366084,-0.033337252191243436,-0.033337252191243436,-0.033337252191243436,-0.005948860722417398,-0.005948860722417398,-0.005948860722417398,0.0,0.0,0.0,11.89764599265175,11.779006196128247,1
1480,2020-10-15,11.958942208587453,4.664182865493943,19.12709315793579,11.958942208587453,11.958942208587453,0.012776772081168461,0.012776772081168461,0.012776772081168461,0.03864826539209677,0.03864826539209677,0.03864826539209677,-0.02587149331092831,-0.02587149331092831,-0.02587149331092831,0.0,0.0,0.0,11.971718980668623,11.838849410705162,1
1481,2020-10-16,11.980952311609496,5.355660072310496,19.040470762683906,11.980952311609496,11.980952311609496,-0.040025437713309166,-0.040025437713309166,-0.040025437713309166,0.0039287967366720905,0.0039287967366720905,0.0039287967366720905,-0.04395423444998126,-0.04395423444998126,-0.04395423444998126,0.0,0.0,0.0,11.940926873896187,11.88846887696484,1
1482,2020-10-19,12.046982620675616,4.721171572393836,19.103477133049598,12.046982620675616,12.046982620675616,-0.005760526626721408,-0.005760526626721408,-0.005760526626721408,0.06302283964522593,0.06302283964522593,0.06302283964522593,-0.06878336627194732,-0.06878336627194732,-0.06878336627194732,0.0,0.0,0.0,12.041222094048894,11.916628078496295,1
1483,2020-10-20,12.068992723697658,5.445702359691526,19.092031883656627,12.068992723697658,12.068992723697658,-0.017559502007829023,-0.017559502007829023,-0.017559502007829023,0.04431353265990815,0.04431353265990815,0.04431353265990815,-0.06187303466773717,-0.06187303466773717,-0.06187303466773717,0.0,0.0,0.0,12.051433221689829,11.941428826997024,1
1484,2020-10-21,12.091002826719691,5.143411129126922,19.10124037040222,12.091002826719691,12.091002826719691,-0.07854407469916129,-0.07854407469916129,-0.07854407469916129,-0.033337252191177315,-0.033337252191177315,-0.033337252191177315,-0.04520682250798399,-0.04520682250798399,-0.04520682250798399,0.0,0.0,0.0,12.01245875202053,11.964985531917815,1
1485,2020-10-22,12.113012929741734,5.154360370269198,18.55530776945104,12.113012929741734,12.113012929741734,0.02076851306413485,0.02076851306413485,0.02076851306413485,0.038648265391867796,0.038648265391867796,0.038648265391867796,-0.017879752327732947,-0.017879752327732947,-0.017879752327732947,0.0,0.0,0.0,12.13378144280587,11.989449689029987,1
1486,2020-10-23,12.135023032763776,5.105641153647224,18.677787487121247,12.135023032763776,12.135023032763776,0.024642799328529478,0.024642799328529478,0.024642799328529478,0.003928796736619654,0.003928796736619654,0.003928796736619654,0.02071400259190983,0.02071400259190983,0.02071400259190983,0.0,0.0,0.0,12.159665832092305,12.016946996436776,1
1487,2020-10-26,12.201053341829896,5.442142200796652,18.92219892453852,12.201053341829896,12.201053341829896,0.2684038748581974,0.2684038748581974,0.2684038748581974,0.0630228396451217,0.0630228396451217,0.0630228396451217,0.20538103521307569,0.20538103521307569,0.20538103521307569,0.0,0.0,0.0,12.469457216688093,12.065140347211674,1
1488,2020-10-27,12.223063444851938,5.151097132364868,19.164686112110275,12.223063444851938,12.223063444851938,0.3330317078288638,0.3330317078288638,0.3330317078288638,0.04431353265987411,0.04431353265987411,0.04431353265987411,0.2887181751689897,0.2887181751689897,0.2887181751689897,0.0,0.0,0.0,12.556095152680802,12.123440555924288,1
1489,2020-10-28,12.24507354787398,4.901297834323765,19.33306450652823,12.24507354787398,12.24507354787398,0.3482428757744006,0.3482428757744006,0.3482428757744006,-0.03333725219129307,-0.03333725219129307,-0.03333725219129307,0.3815801279656936,0.3815801279656936,0.3815801279656936,0.0,0.0,0.0,12.593316423648382,12.193007599023952,1
1490,2020-10-29,12.267083650896014,5.2747388048302,19.132954462344774,12.267083650896014,12.267083650896014,0.5213689462576894,0.5213689462576894,0.5213689462576894,0.038648265391921156,0.038648265391921156,0.038648265391921156,0.48272068086576825,0.48272068086576825,0.48272068086576825,0.0,0.0,0.0,12.788452597153704,12.274680960672459,1
1491,2020-10-30,12.289093753918056,6.398680898053873,19.904812256206704,12.289093753918056,12.289093753918056,0.5945767070672009,0.5945767070672009,0.5945767070672009,0.003928796736558255,0.003928796736558255,0.003928796736558255,0.5906479103306426,0.5906479103306426,0.5906479103306426,0.0,0.0,0.0,12.883670460985257,12.368955319381367,1
1492,2020-11-02,12.355124062984174,6.350124459474835,20.112048331950785,12.355124062984174,12.355124062984174,1.000344973133714,1.000344973133714,1.000344973133714,0.06302283964500886,0.06302283964500886,0.06302283964500886,0.9373221334887051,0.9373221334887051,0.9373221334887051,0.0,0.0,0.0,13.355469036117888,12.500380013588266,1
1493,2020-11-03,12.377134166006226,6.512938100294396,20.30358978556677,12.377134166006226,12.377134166006226,1.0982093582465506,1.0982093582465506,1.0982093582465506,0.04431353265984007,0.04431353265984007,0.04431353265984007,1.0538958255867104,1.0538958255867104,1.0538958255867104,0.0,0.0,0.0,13.475343524252777,12.64277104384456,1
1494,2020-11-04,12.399144269028259,7.088023222557004,20.64987266022536,12.399144269028259,12.399144269028259,1.1341564707701972,1.1341564707701972,1.1341564707701972,-0.03333725219122695,-0.03333725219122695,-0.03333725219122695,1.1674937229614242,1.1674937229614242,1.1674937229614242,0.0,0.0,0.0,13.533300739798456,12.794855242622354,1
1495,2020-11-05,12.421154372050294,6.900596210263365,20.56772735524596,12.421154372050294,12.421154372050294,1.3146675329514208,1.3146675329514208,1.3146675329514208,0.038648265391929025,0.038648265391929025,0.038648265391929025,1.2760192675594917,1.2760192675594917,1.2760192675594917,0.0,0.0,0.0,13.735821905001714,12.955059288841937,1
1496,2020-11-06,12.443164475072336,6.981053516632298,21.02616452827151,12.443164475072336,12.443164475072336,1.3813657332637752,1.3813657332637752,1.3813657332637752,0.003928796736514798,0.003928796736514798,0.003928796736514798,1.3774369365272603,1.3774369365272603,1.3774369365272603,0.0,0.0,0.0,13.824530208336112,13.121545726466318,1
1497,2020-11-09,12.509194784138455,7.708333992499005,21.34034588903192,12.509194784138455,12.509194784138455,1.683528800922038,1.683528800922038,1.683528800922038,0.06302283964502703,0.06302283964502703,0.06302283964502703,1.620505961277011,1.620505961277011,1.620505961277011,0.0,0.0,0.0,14.192723585060492,13.293872363303558,1
1498,2020-11-10,12.531204887160506,6.944829413227917,20.717277088740204,12.531204887160506,12.531204887160506,1.7201412783430494,1.7201412783430494,1.7201412783430494,0.044313532660141895,0.044313532660141895,0.044313532660141895,1.6758277456829076,1.6758277456829076,1.6758277456829076,0.0,0.0,0.0,14.251346165503556,13.463397464585833,1
1499,2020-11-11,12.55321499018254,7.726651155040072,20.535242720467018,12.55321499018254,12.55321499018254,1.6828553945573517,1.6828553945573517,1.6828553945573517,-0.03333725219125177,-0.03333725219125177,-0.03333725219125177,1.7161926467486035,1.7161926467486035,1.7161926467486035,0.0,0.0,0.0,14.236070384739891,13.627672860694986,1
1500,2020-11-12,12.575225093204573,7.853273437060007,21.200520202287976,12.575225093204573,12.575225093204573,1.7793642538431569,1.7793642538431569,1.7793642538431569,0.038648265391936894,0.038648265391936894,0.038648265391936894,1.7407159884512202,1.7407159884512202,1.7407159884512202,0.0,0.0,0.0,14.35458934704773,13.784286535684387,1
1501,2020-11-13,12.597235196226624,7.8736413126709355,20.723482401239824,12.597235196226624,12.597235196226624,1.752717078458985,1.752717078458985,1.752717078458985,0.0039287967367533936,0.0039287967367533936,0.0039287967367533936,1.7487882817222316,1.7487882817222316,1.7487882817222316,0.0,0.0,0.0,14.34995227468561,13.930914717054424,1
1502,2020-11-16,12.663265505292742,7.243848259973372,21.191585585601146,12.663265505292742,12.663265505292742,1.7354663798094065,1.7354663798094065,1.7354663798094065,0.06302283964516751,0.06302283964516751,0.06302283964516751,1.672443540164239,1.672443540164239,1.672443540164239,0.0,0.0,0.0,14.398731885102148,14.03524100195285,1
1503,2020-11-17,12.685275608314777,7.610319842003738,21.593855094141322,12.685275608314777,12.685275608314777,1.6585610745908432,1.6585610745908432,1.6585610745908432,0.04431353266010785,0.04431353266010785,0.04431353266010785,1.6142475419307354,1.6142475419307354,1.6142475419307354,0.0,0.0,0.0,14.34383668290562,14.122090317818135,1
1504,2020-11-18,12.70728571133682,7.842236837195395,21.2710783534134,12.70728571133682,12.70728571133682,1.5073835788607934,1.5073835788607934,1.5073835788607934,-0.03333725219125392,-0.03333725219125392,-0.03333725219125392,1.5407208310520475,1.5407208310520475,1.5407208310520475,0.0,0.0,0.0,14.214669290197612,14.190227172858048,1
1505,2020-11-19,12.729295814358853,7.11493370801666,20.842781848317433,12.729295814358853,12.729295814358853,1.4914932533963001,1.4914932533963001,1.4914932533963001,0.038648265392035745,0.038648265392035745,0.038648265392035745,1.4528449880042642,1.4528449880042642,1.4528449880042642,0.0,0.0,0.0,14.220789067755153,14.238723889133393,-1
1506,2020-11-20,12.751305917380904,6.8655874420823855,21.21104855098568,12.751305917380904,12.751305917380904,1.3557333319111997,1.3557333319111997,1.3557333319111997,0.003928796736700963,0.003928796736700963,0.003928796736700963,1.3518045351744987,1.3518045351744987,1.3518045351744987,0.0,0.0,0.0,14.107039249292104,14.266974793228991,-1
1507,2020-11-23,12.817336226447022,7.42276375174829,20.58209021681639,12.817336226447022,12.817336226447022,1.0469743529114668,1.0469743529114668,1.0469743529114668,0.06302283964530803,0.06302283964530803,0.06302283964530803,0.9839515132661587,0.9839515132661587,0.9839515132661587,0.0,0.0,0.0,13.864310579358488,14.234133492658794,-1
1508,2020-11-24,12.839346329469056,7.025823997090073,21.006155435918973,12.839346329469056,12.839346329469056,0.8893944641436763,0.8893944641436763,0.8893944641436763,0.044313532659955454,0.044313532659955454,0.044313532659955454,0.8450809314837208,0.8450809314837208,0.8450809314837208,0.0,0.0,0.0,13.728740793612731,14.181872955469709,-1
1509,2020-11-25,12.861356432491098,6.858356205633399,20.289244328829398,12.861356432491098,12.861356432491098,0.6675743590758461,0.6675743590758461,0.6675743590758461,-0.033337252191278734,-0.033337252191278734,-0.033337252191278734,0.7009116112671249,0.7009116112671249,0.7009116112671249,0.0,0.0,0.0,13.528930791566944,14.111158996152415,-1
1510,2020-11-27,12.905376638535182,6.88020049418789,20.030345209712788,12.905376638535182,12.905376638535182,0.40747190357355756,0.40747190357355756,0.40747190357355756,0.003928796736648531,0.003928796736648531,0.003928796736648531,0.40354310683690897,0.40354310683690897,0.40354310683690897,0.0,0.0,0.0,13.31284854210874,14.006984915658515,-1
1511,2020-11-30,12.971406947601302,6.031723495151541,19.586902368887536,12.971406947601302,12.971406947601302,0.022326337882118213,0.022326337882118213,0.022326337882118213,0.0630228396452038,0.0630228396452038,0.0630228396452038,-0.04069650176308559,-0.04069650176308559,-0.04069650176308559,0.0,0.0,0.0,12.99373328548342,13.871363016738297,-1
1512,2020-12-01,12.993417050623336,6.041556518474543,19.55537634143573,12.993417050623336,12.993417050623336,-0.13814080058173603,-0.13814080058173603,-0.13814080058173603,0.044313532660039776,0.044313532660039776,0.044313532660039776,-0.18245433324177582,-0.18245433324177582,-0.18245433324177582,0.0,0.0,0.0,12.8552762500416,13.717017453232241,-1
1513,2020-12-02,13.015427153645378,5.854606568325309,19.046243784219072,13.015427153645378,13.015427153645378,-0.3523347428695651,-0.3523347428695651,-0.3523347428695651,-0.03333725219121261,-0.03333725219121261,-0.03333725219121261,-0.3189974906783525,-0.3189974906783525,-0.3189974906783525,0.0,0.0,0.0,12.663092410775812,13.54894302601926,-1
1514,2020-12-03,13.03743725666742,6.056331017247945,19.354608044469824,13.03743725666742,13.03743725666742,-0.41067903561772046,-0.41067903561772046,-0.41067903561772046,0.03864826539209697,0.03864826539209697,0.03864826539209697,-0.44932730100981744,-0.44932730100981744,-0.44932730100981744,0.0,0.0,0.0,12.6267582210497,13.390151919104472,-1
1515,2020-12-04,13.059447359689463,5.601863559871421,19.311183961484183,13.059447359689463,13.059447359689463,-0.5686858491081328,-0.5686858491081328,-0.5686858491081328,0.003928796736896089,0.003928796736896089,0.003928796736896089,-0.5726146458450289,-0.5726146458450289,-0.5726146458450289,0.0,0.0,0.0,12.49076151058133,13.217149163387086,-1
1516,2020-12-07,13.125477668755583,5.622167424046985,19.03782267672959,13.125477668755583,13.125477668755583,-0.8315158635854232,-0.8315158635854232,-0.8315158635854232,0.06302283964484627,0.06302283964484627,0.06302283964484627,-0.8945387032302695,-0.8945387032302695,-0.8945387032302695,0.0,0.0,0.0,12.29396180517016,13.035841418974892,-1
1517,2020-12-08,13.147487771777616,5.273157551032827,19.291409630047287,13.147487771777616,13.147487771777616,-0.9405145660439022,-0.9405145660439022,-0.9405145660439022,0.04431353265988738,0.04431353265988738,0.04431353265988738,-0.9848280987037894,-0.9848280987037894,-0.9848280987037894,0.0,0.0,0.0,12.206973205733714,12.870107681612415,-1
1518,2020-12-09,13.169497874799667,4.8224835108179045,19.1053813061568,13.169497874799667,13.169497874799667,-1.0998300848860543,-1.0998300848860543,-1.0998300848860543,-0.033337252191237426,-0.033337252191237426,-0.033337252191237426,-1.0664928326948169,-1.0664928326948169,-1.0664928326948169,0.0,0.0,0.0,12.069667789913613,12.704200381242504,-1
1519,2020-12-10,13.1915079778217,5.1620677521784,18.60854502136817,13.1915079778217,13.1915079778217,-1.101035742684705,-1.101035742684705,-1.101035742684705,0.03864826539191349,0.03864826539191349,0.03864826539191349,-1.1396840080766186,-1.1396840080766186,-1.1396840080766186,0.0,0.0,0.0,12.090472235136996,12.560354525599509,-1
1520,2020-12-11,13.213518080843743,5.307091070327406,19.093586425946118,13.213518080843743,13.213518080843743,-1.2007514721037957,-1.2007514721037957,-1.2007514721037957,0.003928796736843663,0.003928796736843663,0.003928796736843663,-1.2046802688406393,-1.2046802688406393,-1.2046802688406393,0.0,0.0,0.0,12.012766608739947,12.430346332262628,-1
1521,2020-12-14,13.279548389909861,5.2041797903327875,18.61822119376321,13.279548389909861,13.279548389909861,-1.291828584331437,-1.291828584331437,-1.291828584331437,0.06302283964498677,0.06302283964498677,0.06302283964498677,-1.3548514239764238,-1.3548514239764238,-1.3548514239764238,0.0,0.0,0.0,11.987719805578424,12.329744984272129,-1
1522,2020-12-15,13.301558492931896,4.616485863229688,18.924413444618285,13.301558492931896,13.301558492931896,-1.3475040872045403,-1.3475040872045403,-1.3475040872045403,0.0443135326601892,0.0443135326601892,0.0443135326601892,-1.3918176198647294,-1.3918176198647294,-1.3918176198647294,0.0,0.0,0.0,11.954054405727355,12.239622799840706,-1
1523,2020-12-16,13.323568595953946,5.187973855556615,18.44006163422274,13.323568595953946,13.323568595953946,-1.4566353875641669,-1.4566353875641669,-1.4566353875641669,-0.033337252191171306,-0.033337252191171306,-0.033337252191171306,-1.4232981353729954,-1.4232981353729954,-1.4232981353729954,0.0,0.0,0.0,11.866933208389778,12.160006879602102,-1
1524,2020-12-17,13.34557869897598,4.700393092709756,18.760507522607007,13.34557869897598,13.34557869897598,-1.411324722919633,-1.411324722919633,-1.411324722919633,0.03864826539196685,0.03864826539196685,0.03864826539196685,-1.4499729883116,-1.4499729883116,-1.4499729883116,0.0,0.0,0.0,11.934253976056347,12.090756455102767,-1
1525,2020-12-18,13.367588801998023,4.94556128345562,18.60624253374685,13.367588801998023,13.367588801998023,-1.4685995118082642,-1.4685995118082642,-1.4685995118082642,0.003928796736791236,0.003928796736791236,0.003928796736791236,-1.4725283085450553,-1.4725283085450553,-1.4725283085450553,0.0,0.0,0.0,11.898989290189759,12.031579233063608,-1
1526,2020-12-21,13.433619111064141,5.347529034377562,18.67516002962765,13.433619111064141,13.433619111064141,-1.4591009151719498,-1.4591009151719498,-1.4591009151719498,0.06302283964512727,0.06302283964512727,0.06302283964512727,-1.522123754817077,-1.522123754817077,-1.522123754817077,0.0,0.0,0.0,11.974518195892191,11.999634872135811,-1
1527,2020-12-22,13.455629214086184,4.898964426632225,18.422865663702765,13.455629214086184,13.455629214086184,-1.4903752463358244,-1.4903752463358244,-1.4903752463358244,0.044313532660155155,0.044313532660155155,0.044313532660155155,-1.5346887789959798,-1.5346887789959798,-1.5346887789959798,0.0,0.0,0.0,11.965253967750359,11.975462948337476,-1
1528,2020-12-23,13.477639317108226,4.750583334193369,18.59627404425991,13.477639317108226,13.477639317108226,-1.5795210781050915,-1.5795210781050915,-1.5795210781050915,-0.03333725219128706,-0.03333725219128706,-0.03333725219128706,-1.5461838259138043,-1.5461838259138043,-1.5461838259138043,0.0,0.0,0.0,11.898118239003134,11.958307993246429,-1
1529,2020-12-24,13.49964942013026,5.239695205894255,18.928553646757813,13.49964942013026,13.49964942013026,-1.5184234807721064,-1.5184234807721064,-1.5184234807721064,0.03864826539202021,0.03864826539202021,0.03864826539202021,-1.5570717461641264,-1.5570717461641264,-1.5570717461641264,0.0,0.0,0.0,11.981225939358152,11.947383363668544,1
1530,2020-12-28,13.587690557213477,4.852721922109033,18.467889807221248,13.587690557213477,13.587690557213477,-1.5384830541841572,-1.5384830541841572,-1.5384830541841572,0.06302283964514542,0.06302283964514542,0.06302283964514542,-1.6015058938293023,-1.6015058938293023,-1.6015058938293023,0.0,0.0,0.0,12.04920750302932,11.951027453097483,1
1531,2020-12-29,13.609700841484273,4.9804879259288315,19.628969623883226,13.609700841484273,13.609700841484273,-1.5696620977526623,-1.5696620977526623,-1.5696620977526623,0.04431353266012112,0.04431353266012112,0.04431353266012112,-1.6139756304127835,-1.6139756304127835,-1.6139756304127835,0.0,0.0,0.0,12.04003874373161,11.956259346912802,1
1532,2020-12-30,13.631711125755078,4.821305052138208,18.23531334099034,13.631711125755078,13.631711125755078,-1.660546775038899,-1.660546775038899,-1.660546775038899,-0.03333725219122094,-0.03333725219122094,-0.03333725219122094,-1.627209522847678,-1.627209522847678,-1.627209522847678,0.0,0.0,0.0,11.97116435071618,11.957970341411684,1
1533,2020-12-31,13.653721410025883,5.294650398022741,19.28008238282333,13.653721410025883,13.653721410025883,-1.6025568535670505,-1.6025568535670505,-1.6025568535670505,0.03864826539183673,0.03864826539183673,0.03864826539183673,-1.641205118958887,-1.641205118958887,-1.641205118958887,0.0,0.0,0.0,12.051164556458833,11.976393476218588,1
1534,2021-01-04,13.741762547109092,5.590401470556442,18.761160222837628,13.741762547109092,13.741762547109092,-1.6397753683132719,-1.6397753683132719,-1.6397753683132719,0.06302283964516356,0.06302283964516356,0.06302283964516356,-1.7027982079584354,-1.7027982079584354,-1.7027982079584354,0.0,0.0,0.0,12.10198717879582,11.993166796492536,1
1535,2021-01-05,13.763772831379887,4.985076667773488,18.89037058170551,13.763772831379887,13.763772831379887,-1.6743617337004566,-1.6743617337004566,-1.6743617337004566,0.04431353265996872,0.04431353265996872,0.04431353265996872,-1.7186752663604254,-1.7186752663604254,-1.7186752663604254,0.0,0.0,0.0,12.089411097679431,12.012208977241503,1
1536,2021-01-06,13.7857831156507,5.007132394369636,18.877852290878142,13.7857831156507,13.7857831156507,-1.7675718634106357,-1.7675718634106357,-1.7675718634106357,-0.03333725219122309,-0.03333725219122309,-0.03333725219122309,-1.7342346112194125,-1.7342346112194125,-1.7342346112194125,0.0,0.0,0.0,12.018211252240064,12.01657828287629,1
1537,2021-01-07,13.807793399921497,5.2223800099494015,18.907938748245012,13.807793399921497,13.807793399921497,-1.7105188597871357,-1.7105188597871357,-1.7105188597871357,0.03864826539184459,0.03864826539184459,0.03864826539184459,-1.74916712517898,-1.74916712517898,-1.74916712517898,0.0,0.0,0.0,12.09727454013436,12.02978034011469,1
1538,2021-01-08,13.829803684192301,5.040907203687605,18.506978350918565,13.829803684192301,13.829803684192301,-1.7592127252028589,-1.7592127252028589,-1.7592127252028589,0.00392879673661602,0.00392879673661602,0.00392879673661602,-1.7631415219394748,-1.7631415219394748,-1.7631415219394748,0.0,0.0,0.0,12.070590958989442,12.047027612113322,1
1539,2021-01-11,13.895834537004706,5.577105869755649,19.150211586873734,13.895834537004706,13.895834537004706,-1.732767440835077,-1.732767440835077,-1.732767440835077,0.06302283964492837,0.06302283964492837,0.06302283964492837,-1.7957902804800057,-1.7957902804800057,-1.7957902804800057,0.0,0.0,0.0,12.163067096169629,12.065211727794468,1
1540,2021-01-12,13.91784482127551,5.495502496482283,19.316315831879148,13.91784482127551,13.91784482127551,-1.7580623187591808,-1.7580623187591808,-1.7580623187591808,0.0443135326598163,0.0443135326598163,0.0443135326598163,-1.802375851418997,-1.802375851418997,-1.802375851418997,0.0,0.0,0.0,12.159782502516329,12.07626922774317,1
1541,2021-01-13,13.939855105546314,5.034803878542804,19.149354129392112,13.939855105546314,13.939855105546314,-1.8395521977284286,-1.8395521977284286,-1.8395521977284286,-0.03333725219124791,-0.03333725219124791,-0.03333725219124791,-1.8062149455371805,-1.8062149455371805,-1.8062149455371805,0.0,0.0,0.0,12.100302907817886,12.082295644151795,1
1542,2021-01-14,13.96186538981711,5.288149332510208,19.237325719179935,13.96186538981711,13.96186538981711,-1.7683161713236644,-1.7683161713236644,-1.7683161713236644,0.038648265391943444,0.038648265391943444,0.038648265391943444,-1.806964436715608,-1.806964436715608,-1.806964436715608,0.0,0.0,0.0,12.193549218493445,12.104534130929522,1
1543,2021-01-15,13.983875674087916,5.648499644308295,19.286225815019616,13.983875674087916,13.983875674087916,-1.8003712317295095,-1.8003712317295095,-1.8003712317295095,0.0039287967365635905,0.0039287967365635905,0.0039287967365635905,-1.804300028466073,-1.804300028466073,-1.804300028466073,0.0,0.0,0.0,12.183504442358405,12.11776811951948,1
1544,2021-01-19,14.071916811171125,5.243871111649051,19.11168360093334,14.071916811171125,14.071916811171125,-1.7097056258547112,-1.7097056258547112,-1.7097056258547112,0.04431353265978227,0.04431353265978227,0.04431353265978227,-1.7540191585144933,-1.7540191585144933,-1.7540191585144933,0.0,0.0,0.0,12.362211185316413,12.143790520171539,1
1545,2021-01-20,14.093927095441929,5.51281323308033,19.335786452054812,14.093927095441929,14.093927095441929,-1.7638444717761816,-1.7638444717761816,-1.7638444717761816,-0.03333725219127272,-0.03333725219127272,-0.03333725219127272,-1.7305072195849087,-1.7305072195849087,-1.7305072195849087,0.0,0.0,0.0,12.330082623665747,12.167857672770172,1
1546,2021-01-21,14.115937379712733,5.6742972429187635,19.293507845021352,14.115937379712733,14.115937379712733,-1.6637225226456807,-1.6637225226456807,-1.6637225226456807,0.03864826539195131,0.03864826539195131,0.03864826539195131,-1.702370788037632,-1.702370788037632,-1.702370788037632,0.0,0.0,0.0,12.452214857067052,12.21125803325287,1
1547,2021-01-22,14.137947663983528,5.681328449760748,19.53423584717318,14.137947663983528,14.137947663983528,-1.6656553220496209,-1.6656553220496209,-1.6656553220496209,0.00392879673681115,0.00392879673681115,0.00392879673681115,-1.6695841187864318,-1.6695841187864318,-1.6695841187864318,0.0,0.0,0.0,12.472292341933908,12.248759813432827,1
1548,2021-01-25,14.203978516795942,5.790776752653592,19.73907272971894,14.203978516795942,14.203978516795942,-1.4810118089477775,-1.4810118089477775,-1.4810118089477775,0.06302283964496466,0.06302283964496466,0.06302283964496466,-1.5440346485927423,-1.5440346485927423,-1.5440346485927423,0.0,0.0,0.0,12.722966707848165,12.313997388318699,1
1549,2021-01-26,14.225988801066737,6.171448298390828,19.46482739255632,14.225988801066737,14.225988801066737,-1.4493876733122355,-1.4493876733122355,-1.4493876733122355,0.04431353265974823,0.04431353265974823,0.04431353265974823,-1.4937012059719836,-1.4937012059719836,-1.4937012059719836,0.0,0.0,0.0,12.776601127754502,12.375350791477185,1
1550,2021-01-27,14.24799908533755,5.6402166637948055,19.110196845124616,14.24799908533755,14.24799908533755,-1.4729283873179793,-1.4729283873179793,-1.4729283873179793,-0.03333725219127487,-0.03333725219127487,-0.03333725219127487,-1.4395911351267043,-1.4395911351267043,-1.4395911351267043,0.0,0.0,0.0,12.77507069801957,12.43687961102751,1
1551,2021-01-28,14.270009369608347,5.912849736505714,19.528004951626098,14.270009369608347,14.270009369608347,-1.3434394365964213,-1.3434394365964213,-1.3434394365964213,0.03864826539200468,0.03864826539200468,0.03864826539200468,-1.3820877019884261,-1.3820877019884261,-1.3820877019884261,0.0,0.0,0.0,12.926569933011926,12.519506313546914,1
1552,2021-01-29,14.292019653879143,5.913775964075415,19.61412572650202,14.292019653879143,14.292019653879143,-1.317711336369957,-1.317711336369957,-1.317711336369957,0.003928796736749756,0.003928796736749756,0.003928796736749756,-1.3216401331067067,-1.3216401331067067,-1.3216401331067067,0.0,0.0,0.0,12.974308317509186,12.597582223448487,1
1553,2021-02-01,14.358050506691564,6.506119377995656,19.961112458501,14.358050506691564,14.358050506691564,-1.0649833083920974,-1.0649833083920974,-1.0649833083920974,0.06302283964510516,0.06302283964510516,0.06302283964510516,-1.1280061480372028,-1.1280061480372028,-1.1280061480372028,0.0,0.0,0.0,13.293067198299466,12.708538499042593,1
1554,2021-02-02,14.38006079096236,5.937002091820347,19.953913921775218,14.38006079096236,14.38006079096236,-1.0170844976309277,-1.0170844976309277,-1.0170844976309277,0.04431353266005005,0.04431353266005005,0.04431353266005005,-1.0613980302909778,-1.0613980302909778,-1.0613980302909778,0.0,0.0,0.0,13.362976293331434,12.808615009844095,1
1555,2021-02-03,14.402071075233165,5.942044297472596,20.966741622075517,14.402071075233165,14.402071075233165,-1.0282004875946806,-1.0282004875946806,-1.0282004875946806,-0.03333725219129968,-0.03333725219129968,-0.03333725219129968,-0.9948632354033811,-0.9948632354033811,-0.9948632354033811,0.0,0.0,0.0,13.373870587638484,12.912993806241369,1
1556,2021-02-04,14.424081359503969,6.638611835493725,20.8347832994462,14.424081359503969,14.424081359503969,-0.8904456553360078,-0.8904456553360078,-0.8904456553360078,0.03864826539201255,0.03864826539201255,0.03864826539201255,-0.9290939207280203,-0.9290939207280203,-0.9290939207280203,0.0,0.0,0.0,13.533635704167962,13.021135890951461,1
1557,2021-02-05,14.446091643774766,6.972053861950641,20.38351913254951,14.446091643774766,14.446091643774766,-0.860854729313661,-0.860854729313661,-0.860854729313661,0.003928796736706288,0.003928796736706288,0.003928796736706288,-0.8647835260503672,-0.8647835260503672,-0.8647835260503672,0.0,0.0,0.0,13.585236914461104,13.132430348204178,1
1558,2021-02-08,14.512122496587178,7.352888565287285,20.70044584361711,14.512122496587178,14.512122496587178,-0.6242358203758605,-0.6242358203758605,-0.6242358203758605,0.06302283964512331,0.06302283964512331,0.06302283964512331,-0.6872586600209838,-0.6872586600209838,-0.6872586600209838,0.0,0.0,0.0,13.887886676211318,13.248922345040494,1
1559,2021-02-09,14.534132780857975,6.871628650311072,20.92003981826574,14.534132780857975,14.534132780857975,-0.5909259500373133,-0.5909259500373133,-0.5909259500373133,0.04431353265989765,0.04431353265989765,0.04431353265989765,-0.635239482697211,-0.635239482697211,-0.635239482697211,0.0,0.0,0.0,13.943206830820662,13.36558291534711,1
1560,2021-02-10,14.556143065128786,6.969340733298046,20.804952281988946,14.556143065128786,14.556143065128786,-0.6209959001216739,-0.6209959001216739,-0.6209959001216739,-0.03333725219123357,-0.03333725219123357,-0.03333725219123357,-0.5876586479304404,-0.5876586479304404,-0.5876586479304404,0.0,0.0,0.0,13.935147165007113,13.481590562045866,1
1561,2021-02-11,14.578153349399583,7.089296440373547,20.63807450199788,14.578153349399583,14.578153349399583,-0.5062654439325095,-0.5062654439325095,-0.5062654439325095,0.0386482653920659,0.0386482653920659,0.0386482653920659,-0.5449137093245754,-0.5449137093245754,-0.5449137093245754,0.0,0.0,0.0,14.071887905467074,13.59612235929138,1
1562,2021-02-12,14.600163633670379,7.010080183290406,21.396699085510328,14.600163633670379,14.600163633670379,-0.5033771476817378,-0.5033771476817378,-0.5033771476817378,0.003928796736644895,0.003928796736644895,0.003928796736644895,-0.5073059444183827,-0.5073059444183827,-0.5073059444183827,0.0,0.0,0.0,14.096786485988641,13.708370176139326,1
1563,2021-02-16,14.688204770753597,7.316128585173747,21.449469643066813,14.688204770753597,14.688204770753597,-0.36608791634106974,-0.36608791634106974,-0.36608791634106974,0.044313532659981975,0.044313532659981975,0.044313532659981975,-0.41040144900105174,-0.41040144900105174,-0.41040144900105174,0.0,0.0,0.0,14.322116854412528,13.811275141750633,1
1564,2021-02-17,14.710215055024394,7.82701194036747,20.93913338873839,14.710215055024394,14.710215055024394,-0.4323896698093835,-0.4323896698093835,-0.4323896698093835,-0.03333725219134932,-0.03333725219134932,-0.03333725219134932,-0.3990524176180341,-0.3990524176180341,-0.3990524176180341,0.0,0.0,0.0,14.27782538521501,13.90276005093899,1
1565,2021-02-18,14.732225339295198,8.29292503496985,20.618660049105674,14.732225339295198,14.732225339295198,-0.35357957338237667,-0.35357957338237667,-0.35357957338237667,0.03864826539188242,0.03864826539188242,0.03864826539188242,-0.3922278387742591,-0.3922278387742591,-0.3922278387742591,0.0,0.0,0.0,14.378645765912822,14.003237568766423,1
1566,2021-02-19,14.754235623566002,7.483823304896301,21.18880469160821,14.754235623566002,14.754235623566002,-0.3854823180020646,-0.3854823180020646,-0.3854823180020646,0.003928796736592468,0.003928796736592468,0.003928796736592468,-0.3894111147386571,-0.3894111147386571,-0.3894111147386571,0.0,0.0,0.0,14.368753305563937,14.08674932890602,1
1567,2021-02-22,14.820266476378414,7.439049594685704,21.520552380347848,14.820266476378414,14.820266476378414,-0.33533927006693404,-0.33533927006693404,-0.33533927006693404,0.06302283964528195,0.06302283964528195,0.06302283964528195,-0.398362109712216,-0.398362109712216,-0.398362109712216,0.0,0.0,0.0,14.48492720631148,14.17671835809106,1
1568,2021-02-23,14.842276760649211,7.900352672376206,21.42329081440439,14.842276760649211,14.842276760649211,-0.3602228614021383,-0.3602228614021383,-0.3602228614021383,0.044313532660165446,0.044313532660165446,0.044313532660165446,-0.4045363940623037,-0.4045363940623037,-0.4045363940623037,0.0,0.0,0.0,14.482053899247074,14.236135080394636,1
1569,2021-02-24,14.864287044920006,7.395822421758389,21.57050777207007,14.864287044920006,14.864287044920006,-0.44420237757179093,-0.44420237757179093,-0.44420237757179093,-0.0333372521912832,-0.0333372521912832,-0.0333372521912832,-0.4108651253805078,-0.4108651253805078,-0.4108651253805078,0.0,0.0,0.0,14.420084667348215,14.28382286404739,1
1570,2021-02-25,14.88629732919082,7.115703310505198,20.919208823989656,14.88629732919082,14.88629732919082,-0.37779648425953005,-0.37779648425953005,-0.37779648425953005,0.038648265391935784,0.038648265391935784,0.038648265391935784,-0.4164447496514659,-0.4164447496514659,-0.4164447496514659,0.0,0.0,0.0,14.508500844931289,14.341158232039806,1
1571,2021-02-26,14.908307613461616,7.95769286800858,21.137089788778695,14.908307613461616,14.908307613461616,-0.4164480573371385,-0.4164480573371385,-0.4164480573371385,0.003928796736531075,0.003928796736531075,0.003928796736531075,-0.4203768540736696,-0.4203768540736696,-0.4203768540736696,0.0,0.0,0.0,14.491859556124478,14.383155397105549,1
1572,2021-03-01,14.974338466274029,7.597577180716156,21.57120762483639,14.974338466274029,14.974338466274029,-0.350848947930638,-0.350848947930638,-0.350848947930638,0.06302283964504678,0.06302283964504678,0.06302283964504678,-0.41387178757568477,-0.41387178757568477,-0.41387178757568477,0.0,0.0,0.0,14.62348951834339,14.435825700341022,1
1573,2021-03-02,14.996348750544826,7.9600938107251045,21.835108921520654,14.996348750544826,14.996348750544826,-0.3588344713284269,-0.3588344713284269,-0.3588344713284269,0.04431353266024978,0.04431353266024978,0.04431353266024978,-0.4031480039886767,-0.4031480039886767,-0.4031480039886767,0.0,0.0,0.0,14.637514279216399,14.467365442821409,1
1574,2021-03-03,15.01835903481563,7.7340659528882325,21.32090791727115,15.01835903481563,15.01835903481563,-0.4205072001124314,-0.4205072001124314,-0.4205072001124314,-0.03333725219121708,-0.03333725219121708,-0.03333725219121708,-0.3871699479212144,-0.3871699479212144,-0.3871699479212144,0.0,0.0,0.0,14.597851834703198,14.499368087770227,1
1575,2021-03-04,15.040369319086434,7.975447114443424,21.418951783610126,15.040369319086434,15.040369319086434,-0.3268942986379308,-0.3268942986379308,-0.3268942986379308,0.038648265391943645,0.038648265391943645,0.038648265391943645,-0.36554256402987445,-0.36554256402987445,-0.36554256402987445,0.0,0.0,0.0,14.713475020448502,14.532851013223796,1
1576,2021-03-05,15.062379603357229,7.856835175105316,21.357186843986696,15.062379603357229,15.062379603357229,-0.33409138275852385,-0.33409138275852385,-0.33409138275852385,0.0039287967367876,0.0039287967367876,0.0039287967367876,-0.3380201794953115,-0.3380201794953115,-0.3380201794953115,0.0,0.0,0.0,14.728288220598705,14.568804504727273,1
1577,2021-03-08,15.128410456169652,8.474992834391575,21.53373849200386,15.128410456169652,15.128410456169652,-0.15706031419866143,-0.15706031419866143,-0.15706031419866143,0.06302283964506492,0.06302283964506492,0.06302283964506492,-0.22008315384372631,-0.22008315384372631,-0.22008315384372631,0.0,0.0,0.0,14.97135014197099,14.617446798293225,1
1578,2021-03-09,15.150420740440447,8.386242075611507,21.70745817192148,15.150420740440447,15.150420740440447,-0.12552201146101102,-0.12552201146101102,-0.12552201146101102,0.04431353266009736,0.04431353266009736,0.04431353266009736,-0.16983554412110838,-0.16983554412110838,-0.16983554412110838,0.0,0.0,0.0,15.024898728979435,14.67173128126646,1
1579,2021-03-10,15.172431024711244,8.318811476363768,22.017591604843414,15.172431024711244,15.172431024711244,-0.1483104987912967,-0.1483104987912967,-0.1483104987912967,-0.033337252191241895,-0.033337252191241895,-0.033337252191241895,-0.11497324660005481,-0.11497324660005481,-0.11497324660005481,0.0,0.0,0.0,15.024120525919948,14.732134867123634,1
1580,2021-03-11,15.194441308982055,8.203090594741937,21.77494509237648,15.194441308982055,15.194441308982055,-0.01760199740131275,-0.01760199740131275,-0.01760199740131275,0.0386482653920425,0.0386482653920425,0.0386482653920425,-0.05625026279335525,-0.05625026279335525,-0.05625026279335525,0.0,0.0,0.0,15.176839311580743,14.798968713788579,1
1581,2021-03-12,15.216451593252852,8.738579271433252,21.972253939487143,15.216451593252852,15.216451593252852,0.009363421164692826,0.009363421164692826,0.009363421164692826,0.003928796736735165,0.003928796736735165,0.003928796736735165,0.0054346244279576605,0.0054346244279576605,0.0054346244279576605,0.0,0.0,0.0,15.225815014417545,14.872364259617886,1
1582,2021-03-15,15.282482446065258,8.94977987479377,22.33411711745821,15.282482446065258,15.282482446065258,0.2605118275161158,0.2605118275161158,0.2605118275161158,0.06302283964520541,0.06302283964520541,0.06302283964520541,0.1974889878709104,0.1974889878709104,0.1974889878709104,0.0,0.0,0.0,15.542994273581373,14.964314735141684,1
1583,2021-03-16,15.304492730336062,9.135150767935114,22.41033110629557,15.304492730336062,15.304492730336062,0.3041289129618413,0.3041289129618413,0.3041289129618413,0.04431353266006332,0.04431353266006332,0.04431353266006332,0.259815380301778,0.259815380301778,0.259815380301778,0.0,0.0,0.0,15.608621643297903,15.061425471549834,1
1584,2021-03-17,15.326503014606866,9.193342424969993,22.50098763268948,15.326503014606866,15.326503014606866,0.2858213886617776,0.2858213886617776,0.2858213886617776,-0.03333725219115311,-0.03333725219115311,-0.03333725219115311,0.3191586408529307,0.3191586408529307,0.3191586408529307,0.0,0.0,0.0,15.612324403268643,15.162872728406379,1
1585,2021-03-18,15.34851329887767,8.889944864047928,22.38676241854919,15.34851329887767,15.34851329887767,0.4128703390580967,0.4128703390580967,0.4128703390580967,0.038648265392050365,0.038648265392050365,0.038648265392050365,0.3742220736660464,0.3742220736660464,0.3742220736660464,0.0,0.0,0.0,15.761383637935767,15.267663590155104,1
1586,2021-03-19,15.370523583148467,8.920865826823208,22.594278032795543,15.370523583148467,15.370523583148467,0.4276702676480174,0.4276702676480174,0.4276702676480174,0.003928796736682742,0.003928796736682742,0.003928796736682742,0.4237414709113347,0.4237414709113347,0.4237414709113347,0.0,0.0,0.0,15.798193850796483,15.374654153174884,1
1587,2021-03-22,15.43655443596087,9.42444085412949,22.73573615542969,15.43655443596087,15.43655443596087,0.5905238680657983,0.5905238680657983,0.5905238680657983,0.06302283964484787,0.06302283964484787,0.06302283964484787,0.5275010284209505,0.5275010284209505,0.5275010284209505,0.0,0.0,0.0,16.02707830402667,15.480226969380453,1
1588,2021-03-23,15.458564720231683,9.667656955149477,22.75183567831934,15.458564720231683,15.458564720231683,0.588185336678036,0.588185336678036,0.588185336678036,0.044313532660029284,0.044313532660029284,0.044313532660029284,0.5438718040180067,0.5438718040180067,0.5438718040180067,0.0,0.0,0.0,16.04675005690972,15.582412102173478,1
1589,2021-03-24,15.48057500450248,9.040753825324057,22.574542995857687,15.48057500450248,15.48057500450248,0.5165219378639908,0.5165219378639908,0.5165219378639908,-0.03333725219126887,-0.03333725219126887,-0.03333725219126887,0.5498591900552596,0.5498591900552596,0.5498591900552596,0.0,0.0,0.0,15.99709694236647,15.679709743818133,1
1590,2021-03-25,15.502585288773284,9.628424229963496,23.154366000469302,15.502585288773284,15.502585288773284,0.5836074270297028,0.5836074270297028,0.5836074270297028,0.03864826539205825,0.03864826539205825,0.03864826539205825,0.5449591616376446,0.5449591616376446,0.5449591616376446,0.0,0.0,0.0,16.086192715802987,15.770645084240357,1
1591,2021-03-26,15.524595573044088,9.383662420758016,22.810985042617304,15.524595573044088,15.524595573044088,0.5327910060827683,0.5327910060827683,0.5327910060827683,0.003928796736621347,0.003928796736621347,0.003928796736621347,0.5288622093461469,0.5288622093461469,0.5288622093461469,0.0,0.0,0.0,16.057386579126856,15.853802240711286,1
1592,2021-03-29,15.590626425856493,9.354917204656427,23.332505042871183,15.590626425856493,15.590626425856493,0.47637726093180394,0.47637726093180394,0.47637726093180394,0.06302283964498838,0.06302283964498838,0.06302283964498838,0.4133544212868155,0.4133544212868155,0.4133544212868155,0.0,0.0,0.0,16.067003686788297,15.906203182031982,1
1593,2021-03-30,15.612636710127298,9.004638954161083,23.02477958087581,15.612636710127298,15.612636710127298,0.3977684519093361,0.3977684519093361,0.3977684519093361,0.04431353265999524,0.04431353265999524,0.04431353265999524,0.35345491924934086,0.35345491924934086,0.35345491924934086,0.0,0.0,0.0,16.010405162036633,15.946381533905853,1
1594,2021-03-31,15.634646994398095,8.923450141148148,22.295298133259443,15.634646994398095,15.634646994398095,0.25051119158119456,0.25051119158119456,0.25051119158119456,-0.033337252191202746,-0.033337252191202746,-0.033337252191202746,0.2838484437723973,0.2838484437723973,0.2838484437723973,0.0,0.0,0.0,15.88515818597929,15.973664912176918,-1
1595,2021-04-01,15.656657278668906,9.156217652706596,22.12349693936824,15.656657278668906,15.656657278668906,0.24404298404173863,0.24404298404173863,0.24404298404173863,0.038648265392111594,0.038648265392111594,0.038648265392111594,0.20539471864962705,0.20539471864962705,0.20539471864962705,0.0,0.0,0.0,15.900700262710645,15.987596574654408,-1
1596,2021-04-05,15.744698415752108,8.345215237241513,22.09439616666919,15.744698415752108,15.744698415752108,-0.1119499108065314,-0.1119499108065314,-0.1119499108065314,0.06302283964488416,0.06302283964488416,0.06302283964488416,-0.17497275045141555,-0.17497275045141555,-0.17497275045141555,0.0,0.0,0.0,15.632748504945576,15.971052040069313,-1
1597,2021-04-06,15.766708700022912,8.5810343987773,22.520354823091445,15.766708700022912,15.766708700022912,-0.2361020757193506,-0.2361020757193506,-0.2361020757193506,0.044313532659842836,0.044313532659842836,0.044313532659842836,-0.28041560837919344,-0.28041560837919344,-0.28041560837919344,0.0,0.0,0.0,15.530606624303562,15.921404872097003,-1
1598,2021-04-07,15.788718984293716,8.479347609625346,22.109703733548606,15.788718984293716,15.788718984293716,-0.4206650947306917,-0.4206650947306917,-0.4206650947306917,-0.03333725219122756,-0.03333725219122756,-0.03333725219122756,-0.3873278425394641,-0.3873278425394641,-0.3873278425394641,0.0,0.0,0.0,15.368053889563024,15.853535255362335,-1
1599,2021-04-08,15.81072926856452,8.404463498698862,22.568597416811468,15.81072926856452,15.81072926856452,-0.4557345578534598,-0.4557345578534598,-0.4557345578534598,0.038648265391928116,0.038648265391928116,0.038648265391928116,-0.4943828232453879,-0.4943828232453879,-0.4943828232453879,0.0,0.0,0.0,15.354994710711061,15.78932503219679,-1
1600,2021-04-09,15.832739552835317,8.328650085972962,22.30502112102422,15.832739552835317,15.832739552835317,-0.596379001787623,-0.596379001787623,-0.596379001787623,0.003928796736807504,0.003928796736807504,0.003928796736807504,-0.6003077985244306,-0.6003077985244306,-0.6003077985244306,0.0,0.0,0.0,15.236360551047694,15.704341815721264,-1
1601,2021-04-12,15.898770405647722,8.379798812433984,21.617298414514,15.898770405647722,15.898770405647722,-0.8369308428133269,-0.8369308428133269,-0.8369308428133269,0.06302283964502467,0.06302283964502467,0.06302283964502467,-0.8999536824583515,-0.8999536824583515,-0.8999536824583515,0.0,0.0,0.0,15.061839562834395,15.604787114092016,-1
1602,2021-04-13,15.920780689918534,7.994675451600713,21.620178788664994,15.920780689918534,15.920780689918534,-0.9463163185788157,-0.9463163185788157,-0.9463163185788157,0.04431353266014467,0.04431353266014467,0.04431353266014467,-0.9906298512389603,-0.9906298512389603,-0.9906298512389603,0.0,0.0,0.0,14.974464371339717,15.49553318254716,-1
1603,2021-04-14,15.94279097418933,7.717024630747005,21.92185849463454,15.94279097418933,15.94279097418933,-1.1088309158107335,-1.1088309158107335,-1.1088309158107335,-0.03333725219125238,-0.03333725219125238,-0.03333725219125238,-1.075493663619481,-1.075493663619481,-1.075493663619481,0.0,0.0,0.0,14.833960058378597,15.377888672181356,-1
1604,2021-04-15,15.964801258460144,8.082370286520888,21.308090160518027,15.964801258460144,15.964801258460144,-1.115418498385226,-1.115418498385226,-1.115418498385226,0.03864826539202697,0.03864826539202697,0.03864826539202697,-1.154066763777253,-1.154066763777253,-1.154066763777253,0.0,0.0,0.0,14.849382760074917,15.274311129590918,-1
1605,2021-04-16,15.986811542730939,8.236037372925713,21.728301908279107,15.986811542730939,15.986811542730939,-1.2221135644054828,-1.2221135644054828,-1.2221135644054828,0.003928796736764049,0.003928796736764049,0.003928796736764049,-1.226042361142247,-1.226042361142247,-1.226042361142247,0.0,0.0,0.0,14.764697978325456,15.160710901152399,-1
1606,2021-04-19,16.052842395543344,8.118695096361321,21.663386960531152,16.052842395543344,16.052842395543344,-1.3387841367464406,-1.3387841367464406,-1.3387841367464406,0.06302283964516517,0.06302283964516517,0.06302283964516517,-1.4018069763916057,-1.4018069763916057,-1.4018069763916057,0.0,0.0,0.0,14.714058258796904,15.068841876537533,-1
1607,2021-04-20,16.07485267981415,7.660588239718849,21.24965631020399,16.07485267981415,16.07485267981415,-1.4032574366110586,-1.4032574366110586,-1.4032574366110586,0.04431353265999226,0.04431353265999226,0.04431353265999226,-1.4475709692710508,-1.4475709692710508,-1.4475709692710508,0.0,0.0,0.0,14.671595243203091,14.982940738427484,-1
1608,2021-04-21,16.096862964084952,7.971071919330238,21.362722180206628,16.096862964084952,16.096862964084952,-1.5208606478328326,-1.5208606478328326,-1.5208606478328326,-0.03333725219127719,-0.03333725219127719,-0.03333725219127719,-1.4875233956415552,-1.4875233956415552,-1.4875233956415552,0.0,0.0,0.0,14.576002316252119,14.903735581096395,-1
1609,2021-04-22,16.118873248355758,7.650552242624089,21.152267124417488,16.118873248355758,16.118873248355758,-1.4835213544663,-1.4835213544663,-1.4835213544663,0.038648265392034836,0.038648265392034836,0.038648265392034836,-1.5221696198583348,-1.5221696198583348,-1.5221696198583348,0.0,0.0,0.0,14.635351893889458,14.831771299414237,-1
1610,2021-04-23,16.140883532626557,7.885096614579863,21.216404963248202,16.140883532626557,16.140883532626557,-1.548146279845055,-1.548146279845055,-1.548146279845055,0.003928796736702646,0.003928796736702646,0.003928796736702646,-1.5520750765817577,-1.5520750765817577,-1.5520750765817577,0.0,0.0,0.0,14.592737252781502,14.767408969587615,-1
1611,2021-04-26,16.27677856760763,8.008761271793084,21.823893886630753,16.27677856760763,16.27677856760763,-1.5562674245308898,-1.5562674245308898,-1.5562674245308898,0.06302283964506095,0.06302283964506095,0.06302283964506095,-1.6192902641759508,-1.6192902641759508,-1.6192902641759508,0.0,0.0,0.0,14.720511143076738,14.73327612761185,-1
1612,2021-04-27,16.32207691260134,7.877503496085867,21.807510049721888,16.32207691260134,16.32207691260134,-1.591751570133101,-1.591751570133101,-1.591751570133101,0.04431353266007658,0.04431353266007658,0.04431353266007658,-1.6360651027931776,-1.6360651027931776,-1.6360651027931776,0.0,0.0,0.0,14.730325342468237,14.708862224724703,1
1613,2021-04-28,16.36737525759503,8.24428809266432,21.8026643509306,16.36737525759503,16.36737525759503,-1.6841420394571498,-1.6841420394571498,-1.6841420394571498,-0.03333725219121108,-0.03333725219121108,-0.03333725219121108,-1.6508047872659386,-1.6508047872659386,-1.6508047872659386,0.0,0.0,0.0,14.683233218137879,14.69378954070063,-1
1614,2021-04-29,16.412673602588736,8.140569169537063,21.766635235752243,16.412673602588736,16.412673602588736,-1.6251819240010614,-1.6251819240010614,-1.6251819240010614,0.03864826539185136,0.03864826539185136,0.03864826539185136,-1.6638301893929128,-1.6638301893929128,-1.6638301893929128,0.0,0.0,0.0,14.787491678587674,14.687600432551907,1
1615,2021-04-30,16.45797194758241,7.7821025489449065,21.72451880427219,16.45797194758241,16.45797194758241,-1.67140521896356,-1.67140521896356,-1.67140521896356,0.00392879673664125,0.00392879673664125,0.00392879673664125,-1.6753340157002012,-1.6753340157002012,-1.6753340157002012,0.0,0.0,0.0,14.786566728618851,14.689787307581247,1
1616,2021-05-03,16.5938669825635,8.474506612190229,21.911987642195633,16.5938669825635,16.5938669825635,-1.637397857079706,-1.637397857079706,-1.637397857079706,0.06302283964520146,0.06302283964520146,0.06302283964520146,-1.7004206967249074,-1.7004206967249074,-1.7004206967249074,0.0,0.0,0.0,14.956469125483794,14.714028394249933,1
1617,2021-05-04,16.63916532755719,8.147287200964595,21.663393464993025,16.63916532755719,16.63916532755719,-1.6604371163420635,-1.6604371163420635,-1.6604371163420635,0.04431353265992418,0.04431353265992418,0.04431353265992418,-1.7047506490019875,-1.7047506490019875,-1.7047506490019875,0.0,0.0,0.0,14.978728211215127,14.744741691051138,1
1618,2021-05-05,16.684463672550883,8.276184884232169,21.66658683432585,16.684463672550883,16.684463672550883,-1.7395608322680256,-1.7395608322680256,-1.7395608322680256,-0.033337252191304165,-0.033337252191304165,-0.033337252191304165,-1.7062235800767216,-1.7062235800767216,-1.7062235800767216,0.0,0.0,0.0,14.944902840282857,14.781631743454213,1
1619,2021-05-06,16.72976201754459,7.510941674679344,22.18787296384497,16.72976201754459,16.72976201754459,-1.6654659300221104,-1.6654659300221104,-1.6654659300221104,0.03864826539185922,0.03864826539185922,0.03864826539185922,-1.7041141954139696,-1.7041141954139696,-1.7041141954139696,0.0,0.0,0.0,15.06429608752248,14.824526162817515,1
1620,2021-05-07,16.77506036253828,8.22228693204021,22.16879912319211,16.77506036253828,16.77506036253828,-1.6936428655838345,-1.6936428655838345,-1.6936428655838345,0.003928796736597788,0.003928796736597788,0.003928796736597788,-1.6975716623204324,-1.6975716623204324,-1.6975716623204324,0.0,0.0,0.0,15.081417496954446,14.873394187234808,1
1621,2021-05-10,16.910955397519352,9.297888233635724,21.863200336821183,16.910955397519352,16.910955397519352,-1.5784348369497323,-1.5784348369497323,-1.5784348369497323,0.06302283964496627,0.06302283964496627,0.06302283964496627,-1.6414576765946987,-1.6414576765946987,-1.6414576765946987,0.0,0.0,0.0,15.33252056056962,14.934595128984096,1
1622,2021-05-11,16.956253742513063,9.061621624486904,21.971149738018163,16.956253742513063,16.956253742513063,-1.562728860104093,-1.562728860104093,-1.562728860104093,0.04431353265977177,0.04431353265977177,0.04431353265977177,-1.6070423927638648,-1.6070423927638648,-1.6070423927638648,0.0,0.0,0.0,15.39352488240897,15.000915082978171,1
1623,2021-05-12,17.001552087506735,8.804922165968948,21.945490779632706,17.001552087506735,17.001552087506735,-1.5963267069846765,-1.5963267069846765,-1.5963267069846765,-0.033337252191238044,-0.033337252191238044,-0.033337252191238044,-1.5629894547934386,-1.5629894547934386,-1.5629894547934386,0.0,0.0,0.0,15.405225380522058,15.073114299216588,1
1624,2021-05-13,17.04685043250044,8.910114525450721,22.39388396062951,17.04685043250044,17.04685043250044,-1.4696526865832704,-1.4696526865832704,-1.4696526865832704,0.03864826539191258,0.03864826539191258,0.03864826539191258,-1.5083009519751829,-1.5083009519751829,-1.5083009519751829,0.0,0.0,0.0,15.577197745917172,15.152084905949536,1
1625,2021-05-14,17.092148777494135,8.702868655664918,22.833063586398193,17.092148777494135,17.092148777494135,-1.4381498377198765,-1.4381498377198765,-1.4381498377198765,0.0039287967365364,0.0039287967365364,0.0039287967365364,-1.442078634456413,-1.442078634456413,-1.442078634456413,0.0,0.0,0.0,15.653998939774258,15.238828127065077,1
1626,2021-05-17,17.228043812475207,9.466647966903867,22.55085671314226,17.228043812475207,17.228043812475207,-1.1044381626996074,-1.1044381626996074,-1.1044381626996074,0.06302283964510677,0.06302283964510677,0.06302283964510677,-1.167461002344714,-1.167461002344714,-1.167461002344714,0.0,0.0,0.0,16.123605649775598,15.35554177949426,1
1627,2021-05-18,17.273342157468914,8.97754298861204,23.43132598492932,17.273342157468914,17.273342157468914,-1.0050068780117067,-1.0050068780117067,-1.0050068780117067,0.0443135326598561,0.0443135326598561,0.0443135326598561,-1.0493204106715628,-1.0493204106715628,-1.0493204106715628,0.0,0.0,0.0,16.268335279457208,15.484502486318467,1
1628,2021-05-19,17.318640502462607,9.444723742135999,23.49806425560296,17.318640502462607,17.318640502462607,-0.9511470349441774,-0.9511470349441774,-0.9511470349441774,-0.03333725219135379,-0.03333725219135379,-0.03333725219135379,-0.9178097827528235,-0.9178097827528235,-0.9178097827528235,0.0,0.0,0.0,16.36749346751843,15.626761549042024,1
1629,2021-05-20,17.36393884745628,10.019460097836328,23.49889767606316,17.36393884745628,17.36393884745628,-0.7346224382661903,-0.7346224382661903,-0.7346224382661903,0.03864826539196594,0.03864826539196594,0.03864826539196594,-0.7732707036581562,-0.7732707036581562,-0.7732707036581562,0.0,0.0,0.0,16.62931640919009,15.783263581208782,1
1630,2021-05-21,17.40923719244999,9.834025223622273,23.90341286306615,17.40923719244999,17.40923719244999,-0.6123860890774306,-0.6123860890774306,-0.6123860890774306,0.003928796736783958,0.003928796736783958,0.003928796736783958,-0.6163148858142146,-0.6163148858142146,-0.6163148858142146,0.0,0.0,0.0,16.79685110337256,15.954806941850597,1
1631,2021-05-24,17.54513222743108,10.089008169796768,24.137472138622588,17.54513222743108,17.54513222743108,-0.018068817487184856,-0.018068817487184856,-0.018068817487184856,0.06302283964512492,0.06302283964512492,0.06302283964512492,-0.08109165713230977,-0.08109165713230977,-0.08109165713230977,0.0,0.0,0.0,17.527063409943896,16.174261226788026,1
1632,2021-05-25,17.59043057242477,10.866770989122625,24.706942938238967,17.59043057242477,17.59043057242477,0.1584335985124057,0.1584335985124057,0.1584335985124057,0.04431353265970369,0.04431353265970369,0.04431353265970369,0.11412006585270203,0.11412006585270203,0.11412006585270203,0.0,0.0,0.0,17.748864170937175,16.409795155640843,1
1633,2021-05-26,17.635728917418458,11.436125790958817,25.027199244334764,17.635728917418458,17.635728917418458,0.2815107515575084,0.2815107515575084,0.2815107515575084,-0.033337252191265,-0.033337252191265,-0.033337252191265,0.31484800374877336,0.31484800374877336,0.31484800374877336,0.0,0.0,0.0,17.917239668975967,16.660996584486234,1
1634,2021-05-27,17.68102726241215,11.95031884922753,24.90727702591033,17.68102726241215,17.68102726241215,0.5577333951040141,0.5577333951040141,0.5577333951040141,0.0386482653920193,0.0386482653920193,0.0386482653920193,0.5190851297119948,0.5190851297119948,0.5190851297119948,0.0,0.0,0.0,18.238760657516163,16.927152875646136,1
1635,2021-05-28,17.726325607405858,11.617928574430367,25.45106881736064,17.726325607405858,17.726325607405858,0.7286215078170731,0.7286215078170731,0.7286215078170731,0.003928796736722565,0.003928796736722565,0.003928796736722565,0.7246927110803506,0.7246927110803506,0.7246927110803506,0.0,0.0,0.0,18.454947115222932,17.207247693191004,1
1636,2021-06-01,17.907518987380637,12.885498637526581,26.575892104339985,17.907518987380637,17.907518987380637,1.5602841690929066,1.5602841690929066,1.5602841690929066,0.04431353266012389,0.04431353266012389,0.04431353266012389,1.5159706364327825,1.5159706364327825,1.5159706364327825,0.0,0.0,0.0,19.467803156473543,17.541667443860796,1
1637,2021-06-02,17.952817332374313,12.62437322543736,26.463092297016686,17.952817332374313,17.952817332374313,1.6616131063180102,1.6616131063180102,1.6616131063180102,-0.033337252191289815,-0.033337252191289815,-0.033337252191289815,1.6949503585092998,1.6949503585092998,1.6949503585092998,0.0,0.0,0.0,19.614430438692324,17.87627695978431,1
1638,2021-06-03,17.998115677368006,12.959528191911051,26.878024478349662,17.998115677368006,17.998115677368006,1.9009653837300102,1.9009653837300102,1.9009653837300102,0.038648265392027176,0.038648265392027176,0.038648265392027176,1.8623171183379832,1.8623171183379832,1.8623171183379832,0.0,0.0,0.0,19.899081061098016,18.229435719142266,1
1639,2021-06-04,18.043414022361713,13.233719088120482,26.846411272149844,18.043414022361713,18.043414022361713,2.020266987867307,2.020266987867307,2.020266987867307,0.003928796736670137,0.003928796736670137,0.003928796736670137,2.016338191130637,2.016338191130637,2.016338191130637,0.0,0.0,0.0,20.06368101022902,18.57287217924616,1
1640,2021-06-07,18.179309057342785,13.767585711616444,27.84276788784544,18.179309057342785,18.179309057342785,2.447888239595396,2.447888239595396,2.447888239595396,0.06302283964516121,0.06302283964516121,0.06302283964516121,2.3848653999502343,2.3848653999502343,2.3848653999502343,0.0,0.0,0.0,20.62719729693818,18.95590679860272,1
1641,2021-06-08,18.224607402336492,14.0421009246225,27.465116196414602,18.224607402336492,18.224607402336492,2.517863475669752,2.517863475669752,2.517863475669752,0.04431353265997149,0.04431353265997149,0.04431353265997149,2.4735499430097803,2.4735499430097803,2.4735499430097803,0.0,0.0,0.0,20.742470878006245,19.277447545408954,1
1642,2021-06-09,18.26990574733018,14.015055024966113,27.415681112704373,18.26990574733018,18.26990574733018,2.511159085544097,2.511159085544097,2.511159085544097,-0.0333372521912237,-0.0333372521912237,-0.0333372521912237,2.5444963377353202,2.5444963377353202,2.5444963377353202,0.0,0.0,0.0,20.78106483287428,19.580667611602667,1
1643,2021-06-10,18.315204092323857,13.946417097799134,27.56846209304631,18.315204092323857,18.315204092323857,2.6364787274199912,2.6364787274199912,2.6364787274199912,0.03864826539212602,0.03864826539212602,0.03864826539212602,2.597830462027865,2.597830462027865,2.597830462027865,0.0,0.0,0.0,20.951682819743848,19.884111926679456,1
1644,2021-06-11,18.360502437317564,14.233556538402619,28.113235485275826,18.360502437317564,18.360502437317564,2.637953928650831,2.637953928650831,2.637953928650831,0.003928796736617707,0.003928796736617707,0.003928796736617707,2.634025131914213,2.634025131914213,2.634025131914213,0.0,0.0,0.0,20.998456365968394,20.16008149752468,1
1645,2021-06-14,18.49639747229864,14.460538869361516,28.257659797194645,18.49639747229864,18.49639747229864,2.7124099909210444,2.7124099909210444,2.7124099909210444,0.06302283964530171,0.06302283964530171,0.06302283964530171,2.649387151275743,2.649387151275743,2.649387151275743,0.0,0.0,0.0,21.208807463219685,20.435467532324353,1
1646,2021-06-15,18.54169581729233,14.077665984609805,27.97692813244086,18.54169581729233,18.54169581729233,2.672397137101868,2.672397137101868,2.672397137101868,0.04431353265993745,0.04431353265993745,0.04431353265993745,2.6280836044419305,2.6280836044419305,2.6280836044419305,0.0,0.0,0.0,21.214092954394197,20.610096512116417,1
1647,2021-06-16,18.586994162286036,14.72139157721437,27.855621090207656,18.586994162286036,18.586994162286036,2.56315059318408,2.56315059318408,2.56315059318408,-0.03333725219115758,-0.03333725219115758,-0.03333725219115758,2.596487845375237,2.596487845375237,2.596487845375237,0.0,0.0,0.0,21.150144755470116,20.763667943794196,1
1648,2021-06-17,18.63229250727973,14.498126760243006,28.482239862322757,18.63229250727973,18.63229250727973,2.5952625293518947,2.5952625293518947,2.5952625293518947,0.038648265391897044,0.038648265391897044,0.038648265391897044,2.556614263959998,2.556614263959998,2.556614263959998,0.0,0.0,0.0,21.227555036631625,20.89651534134756,1
1649,2021-06-18,18.677590852273436,14.100974074740542,27.873640227467167,18.677590852273436,18.677590852273436,2.5145085786357138,2.5145085786357138,2.5145085786357138,0.003928796736874223,0.003928796736874223,0.003928796736874223,2.5105797818988393,2.5105797818988393,2.5105797818988393,0.0,0.0,0.0,21.19209943090915,21.00935718341557,1
1650,2021-06-21,18.813485887254508,14.551136039311041,28.020738196017746,18.813485887254508,18.813485887254508,2.420051434598241,2.420051434598241,2.420051434598241,0.06302283964519749,0.06302283964519749,0.06302283964519749,2.357028594953043,2.357028594953043,2.357028594953043,0.0,0.0,0.0,21.23353732185275,21.069991185907032,1
1651,2021-06-22,18.858784232248183,14.698676683291461,28.552576612540033,18.858784232248183,18.858784232248183,2.3518955393185657,2.3518955393185657,2.3518955393185657,0.04431353266023927,0.04431353266023927,0.04431353266023927,2.3075820066583264,2.3075820066583264,2.3075820066583264,0.0,0.0,0.0,21.21067977156675,21.116812075263077,1
1652,2021-06-23,18.90408257724189,14.699539375657894,28.089118203743652,18.90408257724189,18.90408257724189,2.2287720123664143,2.2287720123664143,2.2287720123664143,-0.033337252191273335,-0.033337252191273335,-0.033337252191273335,2.2621092645576875,2.2621092645576875,2.2621092645576875,0.0,0.0,0.0,21.132854589608304,21.15199105093648,-1
1653,2021-06-24,18.94938092223558,14.484401468185846,27.955283560193987,18.94938092223558,18.94938092223558,2.260811391184663,2.260811391184663,2.260811391184663,0.03864826539195041,0.03864826539195041,0.03864826539195041,2.222163125792713,2.222163125792713,2.222163125792713,0.0,0.0,0.0,21.210192313420244,21.17784200030412,1
1654,2021-06-25,18.994679267229287,14.980536541017868,28.112650602006465,18.994679267229287,18.994679267229287,2.192956018891231,2.192956018891231,2.192956018891231,0.003928796736812833,0.003928796736812833,0.003928796736812833,2.1890272221544183,2.1890272221544183,2.1890272221544183,0.0,0.0,0.0,21.187635286120518,21.196759892319335,-1
1655,2021-06-28,19.130574302210363,14.23171547851876,28.368896624294774,19.130574302210363,19.130574302210363,2.201618131766302,2.201618131766302,2.201618131766302,0.06302283964508466,0.06302283964508466,0.06302283964508466,2.1385952921212175,2.1385952921212175,2.1385952921212175,0.0,0.0,0.0,21.332192433976665,21.20909838939503,1
1656,2021-06-29,19.175872647204052,14.662339265323745,28.11910106457233,19.175872647204052,19.175872647204052,2.183406194364531,2.183406194364531,2.183406194364531,0.04431353266020523,0.04431353266020523,0.04431353266020523,2.1390926617043253,2.1390926617043253,2.1390926617043253,0.0,0.0,0.0,21.35927884156858,21.22361697811247,1
1657,2021-06-30,19.22117099219776,14.324024025505919,28.101359972353844,19.22117099219776,19.22117099219776,2.114507125268048,2.114507125268048,2.114507125268048,-0.03333725219120722,-0.03333725219120722,-0.03333725219120722,2.147844377459255,2.147844377459255,2.147844377459255,0.0,0.0,0.0,21.335678117465807,21.24217031431204,1
1658,2021-07-01,19.266469337191435,14.617923863992399,28.229249903110947,19.266469337191435,19.266469337191435,2.202733878017009,2.202733878017009,2.202733878017009,0.03864826539195828,0.03864826539195828,0.03864826539195828,2.164085612625051,2.164085612625051,2.164085612625051,0.0,0.0,0.0,21.469203215208445,21.266335132169722,1
1659,2021-07-02,19.311767682185142,15.095847877251988,28.228131153645116,19.311767682185142,19.311767682185142,2.1906551206973295,2.1906551206973295,2.1906551206973295,0.003928796736760401,0.003928796736760401,0.003928796736760401,2.186726323960569,2.186726323960569,2.186726323960569,0.0,0.0,0.0,21.50242280288247,21.297367469367053,1
1660,2021-07-06,19.492961062159907,14.535401243248801,28.68287044010615,19.492961062159907,19.492961062159907,2.3543435139159095,2.3543435139159095,2.3543435139159095,0.04431353266005283,0.04431353266005283,0.04431353266005283,2.3100299812558567,2.3100299812558567,2.3100299812558567,0.0,0.0,0.0,21.847304576075818,21.35874419478936,1
1661,2021-07-07,19.538259407153614,15.363924453369403,28.435141741707632,19.538259407153614,19.538259407153614,2.3061711701004235,2.3061711701004235,2.3061711701004235,-0.033337252191232035,-0.033337252191232035,-0.033337252191232035,2.3395084222916553,2.3395084222916553,2.3395084222916553,0.0,0.0,0.0,21.844430577254037,21.422119275358092,1
1662,2021-07-08,19.583557752147303,15.18630675547048,28.706236192907436,19.583557752147303,19.583557752147303,2.402903426439337,2.402903426439337,2.402903426439337,0.03864826539196614,0.03864826539196614,0.03864826539196614,2.364255161047371,2.364255161047371,2.364255161047371,0.0,0.0,0.0,21.98646117858664,21.507479934255922,1
1663,2021-07-09,19.628856097140996,15.230678817740403,29.11272949705653,19.628856097140996,19.628856097140996,2.3860834549813945,2.3860834549813945,2.3860834549813945,0.003928796736699019,0.003928796736699019,0.003928796736699019,2.382154658244696,2.382154658244696,2.382154658244696,0.0,0.0,0.0,22.014939552122392,21.587954658126137,1
1664,2021-07-12,19.764751132122086,14.977406074803113,29.092764228505178,19.764751132122086,19.764751132122086,2.4383661255408233,2.4383661255408233,2.4383661255408233,0.06302283964512095,0.06302283964512095,0.06302283964512095,2.375343285895702,2.375343285895702,2.375343285895702,0.0,0.0,0.0,22.20311725766291,21.689502855280374,1
1665,2021-07-13,19.810049477115758,15.270329130816869,28.557074279380178,19.810049477115758,19.810049477115758,2.3917368900837075,2.3917368900837075,2.3917368900837075,0.044313532660018785,0.044313532660018785,0.044313532660018785,2.347423357423688,2.347423357423688,2.347423357423688,0.0,0.0,0.0,22.201786367199464,21.776462248602655,1
1666,2021-07-14,19.85534782210947,15.774591301118411,28.55228443675407,19.85534782210947,19.85534782210947,2.271288097762728,2.271288097762728,2.271288097762728,-0.033337252191234186,-0.033337252191234186,-0.033337252191234186,2.304625349953962,2.304625349953962,2.304625349953962,0.0,0.0,0.0,22.126635919872196,21.853197956433018,1
1667,2021-07-15,19.900646167103158,14.891473960633286,29.248561682124297,19.900646167103158,19.900646167103158,2.2848721458500196,2.2848721458500196,2.2848721458500196,0.03864826539187365,0.03864826539187365,0.03864826539187365,2.246223880458146,2.246223880458146,2.246223880458146,0.0,0.0,0.0,22.185518312953178,21.938181975981756,1
1668,2021-07-16,19.945944512096865,14.961768500146597,28.747618325530684,19.945944512096865,19.945944512096865,2.175807931294332,2.175807931294332,2.175807931294332,0.003928796736655545,0.003928796736655545,0.003928796736655545,2.1718791345576767,2.1718791345576767,2.1718791345576767,0.0,0.0,0.0,22.1217524433912,22.00343689880003,1
1669,2021-07-19,20.081839547077937,15.098757812576785,28.51813161423161,20.081839547077937,20.081839547077937,1.9189672714609398,1.9189672714609398,1.9189672714609398,0.06302283964488578,0.06302283964488578,0.06302283964488578,1.855944431816054,1.855944431816054,1.855944431816054,0.0,0.0,0.0,22.000806818538877,22.05327530036567,-1
1670,2021-07-20,20.12713789207163,14.991094776076165,28.666117105523263,20.12713789207163,20.12713789207163,1.7669754749040232,1.7669754749040232,1.7669754749040232,0.044313532659866386,0.044313532659866386,0.044313532659866386,1.722661942244157,1.722661942244157,1.722661942244157,0.0,0.0,0.0,21.894113366975652,22.057956179455655,-1
1671,2021-07-21,20.172436237065337,14.999437303342116,28.58262105635381,20.172436237065337,20.172436237065337,1.5445529023300093,1.5445529023300093,1.5445529023300093,-0.033337252191259,-0.033337252191259,-0.033337252191259,1.577890154521268,1.577890154521268,1.577890154521268,0.0,0.0,0.0,21.716989139395345,22.045212035669785,-1
1672,2021-07-22,20.217734582059013,15.333068825136408,28.346104339899934,20.217734582059013,20.217734582059013,1.4623195344210473,1.4623195344210473,1.4623195344210473,0.038648265391927006,0.038648265391927006,0.038648265391927006,1.4236712690291204,1.4236712690291204,1.4236712690291204,0.0,0.0,0.0,21.68005411648006,22.014571329459127,-1
1673,2021-07-23,20.26303292705272,14.542423339306264,29.0994841017863,20.26303292705272,20.26303292705272,1.2662838947550026,1.2662838947550026,1.2662838947550026,0.003928796736594158,0.003928796736594158,0.003928796736594158,1.2623550980184086,1.2623550980184086,1.2623550980184086,0.0,0.0,0.0,21.529316821807722,21.966009056427662,-1
1674,2021-07-26,20.39892796203379,14.83314488765903,28.02189620516804,20.39892796203379,20.39892796203379,0.8258195490589401,0.8258195490589401,0.8258195490589401,0.0630228396449039,0.0630228396449039,0.0630228396449039,0.7627967094140362,0.7627967094140362,0.7627967094140362,0.0,0.0,0.0,21.224747511092733,21.868172081770645,-1
1675,2021-07-27,20.444226307027485,13.650218278658768,27.679497028488402,20.444226307027485,20.444226307027485,0.6450946059046507,0.6450946059046507,0.6450946059046507,0.044313532659950715,0.044313532659950715,0.044313532659950715,0.6007810732447001,0.6007810732447001,0.6007810732447001,0.0,0.0,0.0,21.089320912932134,21.756925536343907,-1
1676,2021-07-28,20.489524652021192,14.722379600716037,28.064894146050857,20.489524652021192,20.489524652021192,0.41264802575545495,0.41264802575545495,0.41264802575545495,-0.03333725219119288,-0.03333725219119288,-0.03333725219119288,0.4459852779466479,0.4459852779466479,0.4459852779466479,0.0,0.0,0.0,20.902172677776647,21.634479212134355,-1
1677,2021-07-29,20.53482299701488,13.651767966486569,27.390577618292557,20.53482299701488,20.53482299701488,0.3399538081530661,0.3399538081530661,0.3399538081530661,0.038648265391934875,0.038648265391934875,0.038648265391934875,0.3013055427611312,0.3013055427611312,0.3013055427611312,0.0,0.0,0.0,20.874776805167947,21.50340506135583,-1
1678,2021-07-30,20.58012134200857,13.726214714165407,27.461025483650467,20.58012134200857,20.58012134200857,0.17340817436401648,0.17340817436401648,0.17340817436401648,0.003928796736841714,0.003928796736841714,0.003928796736841714,0.1694793776271748,0.1694793776271748,0.1694793776271748,0.0,0.0,0.0,20.753529516372588,21.366582768653974,-1
1679,2021-08-02,20.71601637698966,13.538349621506176,27.393950499137908,20.71601637698966,20.71601637698966,-0.06229738043879963,-0.06229738043879963,-0.06229738043879963,0.06302283964492206,0.06302283964492206,0.06302283964492206,-0.12532022008372168,-0.12532022008372168,-0.12532022008372168,0.0,0.0,0.0,20.65371899655086,21.23187398645517,-1
1680,2021-08-03,20.761314721983336,13.994221444105797,27.636026817468277,20.761314721983336,20.761314721983336,-0.1395602238785005,-0.1395602238785005,-0.1395602238785005,0.0443135326597983,0.0443135326597983,0.0443135326597983,-0.1838737565382988,-0.1838737565382988,-0.1838737565382988,0.0,0.0,0.0,20.621754498104835,21.104638099568085,-1
1681,2021-08-04,20.806613066977043,13.955879172816317,27.90621471461535,20.806613066977043,20.806613066977043,-0.25385842281717746,-0.25385842281717746,-0.25385842281717746,-0.03333725219121769,-0.03333725219121769,-0.03333725219121769,-0.2205211706259598,-0.2205211706259598,-0.2205211706259598,0.0,0.0,0.0,20.552754644159865,20.98821465004454,-1
1682,2021-08-05,20.851911411970736,13.698357674237972,27.401932438049727,20.851911411970736,20.851911411970736,-0.19608075141576245,-0.19608075141576245,-0.19608075141576245,0.03864826539194274,0.03864826539194274,0.03864826539194274,-0.23472901680770522,-0.23472901680770522,-0.23472901680770522,0.0,0.0,0.0,20.655830660554972,20.885792304452032,-1
1683,2021-08-06,20.897209756964443,13.937071745322339,27.200970030069524,20.897209756964443,20.897209756964443,-0.2225324803408305,-0.2225324803408305,-0.2225324803408305,0.003928796736789286,0.003928796736789286,0.003928796736789286,-0.22646127707761976,-0.22646127707761976,-0.22646127707761976,0.0,0.0,0.0,20.674677276623612,20.800328349933622,-1
1684,2021-08-09,21.033104791945515,13.826703134178743,27.980359289492167,21.033104791945515,21.033104791945515,-0.010965646503272261,-0.010965646503272261,-0.010965646503272261,0.06302283964506256,0.06302283964506256,0.06302283964506256,-0.07398848614833482,-0.07398848614833482,-0.07398848614833482,0.0,0.0,0.0,21.022139145442242,20.78006751336857,1
1685,2021-08-10,21.078403136939208,14.137452907914932,27.372684433829065,21.078403136939208,21.078403136939208,0.058882962663679365,0.058882962663679365,0.058882962663679365,0.04431353266010013,0.04431353266010013,0.04431353266010013,0.014569430003579235,0.014569430003579235,0.014569430003579235,0.0,0.0,0.0,21.13728609960289,20.784864032035646,1
1686,2021-08-11,21.123701481932898,14.211217223941942,28.567123346023482,21.123701481932898,21.123701481932898,0.08513020386766404,0.08513020386766404,0.08513020386766404,-0.03333725219115158,-0.03333725219115158,-0.03333725219115158,0.11846745605881562,0.11846745605881562,0.11846745605881562,0.0,0.0,0.0,21.20883168580056,20.81552993283804,1
1687,2021-08-12,21.168999826926587,14.548931329044557,28.014482126789147,21.168999826926587,21.168999826926587,0.2736590828119585,0.2736590828119585,0.2736590828119585,0.038648265391996096,0.038648265391996096,0.038648265391996096,0.2350108174199624,0.2350108174199624,0.2350108174199624,0.0,0.0,0.0,21.442658909738547,20.872318143295097,1
1688,2021-08-13,21.21429817192028,14.470153147200048,27.74379051709474,21.21429817192028,21.21429817192028,0.3651263975016631,0.3651263975016631,0.3651263975016631,0.003928796736736852,0.003928796736736852,0.003928796736736852,0.3611976007649263,0.3611976007649263,0.3611976007649263,0.0,0.0,0.0,21.579424569421942,20.954907648600035,1
1689,2021-08-16,21.35019320690137,15.203521669734869,28.7110159348304,21.35019320690137,21.35019320690137,0.8274664566373644,0.8274664566373644,0.8274664566373644,0.06302283964520307,0.06302283964520307,0.06302283964520307,0.7644436169921612,0.7644436169921612,0.7644436169921612,0.0,0.0,0.0,22.177659663538734,21.10730171529882,1
1690,2021-08-17,21.395491551895045,15.570953428011125,29.1012954667519,21.395491551895045,21.395491551895045,0.9398227193390609,0.9398227193390609,0.9398227193390609,0.04431353266006609,0.04431353266006609,0.04431353266006609,0.8955091866789948,0.8955091866789948,0.8955091866789948,0.0,0.0,0.0,22.335314271234108,21.27865769261175,1
1691,2021-08-18,21.44078991043635,15.427288283179829,29.179717664135506,21.44078991043635,21.44078991043635,0.9857922801483984,0.9857922801483984,0.9857922801483984,-0.03333725219133559,-0.03333725219133559,-0.03333725219133559,1.019129532339734,1.019129532339734,1.019129532339734,0.0,0.0,0.0,22.42658219058475,21.466040447254237,1
1692,2021-08-19,21.48608826897762,15.359430667411248,29.140881564513005,21.48608826897762,21.48608826897762,1.1706700461134858,1.1706700461134858,1.1706700461134858,0.03864826539204946,0.03864826539204946,0.03864826539204946,1.1320217807214363,1.1320217807214363,1.1320217807214363,0.0,0.0,0.0,22.656758315091107,21.666133212707848,1
1693,2021-08-20,21.531386627518895,16.199672174892132,29.58784930209633,21.531386627518895,21.531386627518895,1.2350592149833801,1.2350592149833801,1.2350592149833801,0.003928796736675459,0.003928796736675459,0.003928796736675459,1.2311304182467047,1.2311304182467047,1.2311304182467047,0.0,0.0,0.0,22.766445842502275,21.875310069295715,1
1694,2021-08-23,21.667281703142763,16.23289700190629,30.42688058910082,21.667281703142763,21.667281703142763,1.4830678995036803,1.4830678995036803,1.4830678995036803,0.06302283964522122,0.06302283964522122,0.06302283964522122,1.4200450598584593,1.4200450598584593,1.4200450598584593,0.0,0.0,0.0,23.150349602646443,22.088131115016136,1
1695,2021-08-24,21.712580061684037,16.24164983463902,30.02674595311122,21.712580061684037,21.712580061684037,1.484643626149302,1.484643626149302,1.484643626149302,0.04431353266003206,0.04431353266003206,0.04431353266003206,1.4403300934892698,1.4403300934892698,1.4403300934892698,0.0,0.0,0.0,23.19722368783334,22.29412487383918,1
1696,2021-08-25,21.757878420225342,16.28962374484314,29.760448927345816,21.757878420225342,21.757878420225342,1.4038278672810776,1.4038278672810776,1.4038278672810776,-0.03333725219126948,-0.03333725219126948,-0.03333725219126948,1.4371651194723472,1.4371651194723472,1.4371651194723472,0.0,0.0,0.0,23.16170628750642,22.489412334009764,1
1697,2021-08-26,21.803176778766616,15.944525568164806,29.73073685803589,21.803176778766616,21.803176778766616,1.448698920886791,1.448698920886791,1.448698920886791,0.038648265391865985,0.038648265391865985,0.038648265391865985,1.4100506554949248,1.4100506554949248,1.4100506554949248,0.0,0.0,0.0,23.251875699653407,22.670334013001256,1
1698,2021-08-27,21.84847513730789,16.73525945924918,30.49319116114593,21.84847513730789,21.84847513730789,1.3629459070305738,1.3629459070305738,1.3629459070305738,0.003928796736614065,0.003928796736614065,0.003928796736614065,1.3590171102939599,1.3590171102939599,1.3590171102939599,0.0,0.0,0.0,23.211421044338465,22.833533660492908,1
1699,2021-08-30,21.984370212931758,16.947692436311154,29.668100133988442,21.984370212931758,21.984370212931758,1.1335448792522986,1.1335448792522986,1.1335448792522986,0.06302283964523935,0.06302283964523935,0.06302283964523935,1.0705220396070594,1.0705220396070594,1.0705220396070594,0.0,0.0,0.0,23.117915092184056,22.927559203357436,1
1700,2021-08-31,22.02966857147303,15.74655625369569,30.27198666131907,22.02966857147303,22.02966857147303,0.9786934455310996,0.9786934455310996,0.9786934455310996,0.04431353265987965,0.04431353265987965,0.04431353265987965,0.9343799128712199,0.9343799128712199,0.9343799128712199,0.0,0.0,0.0,23.00836201700413,22.99486397793444,1
1701,2021-09-01,22.074966930014337,16.08383056262527,29.74469504471601,22.074966930014337,22.074966930014337,0.7485812027894975,0.7485812027894975,0.7485812027894975,-0.0333372521912943,-0.0333372521912943,-0.0333372521912943,0.7819184549807917,0.7819184549807917,0.7819184549807917,0.0,0.0,0.0,22.823548132803836,23.034560572156348,-1
1702,2021-09-02,22.120265288555608,16.123905514183804,30.10874522445351,22.120265288555608,22.120265288555608,0.6545353032596707,0.6545353032596707,0.6545353032596707,0.03864826539187384,0.03864826539187384,0.03864826539187384,0.6158870378677969,0.6158870378677969,0.6158870378677969,0.0,0.0,0.0,22.77480059181528,23.046364799828766,-1
1703,2021-09-03,22.16556364709688,16.144079089840247,29.86609577539607,22.16556364709688,22.16556364709688,0.44324168750827986,0.44324168750827986,0.44324168750827986,0.003928796736561633,0.003928796736561633,0.003928796736561633,0.4393128907717182,0.4393128907717182,0.4393128907717182,0.0,0.0,0.0,22.60880533460516,23.030600749039056,-1
1704,2021-09-07,22.346757081262023,15.364648931980085,29.364314373371833,22.346757081262023,22.346757081262023,-0.2619097213155122,-0.2619097213155122,-0.2619097213155122,0.04431353265972723,0.04431353265972723,0.04431353265972723,-0.3062232539752394,-0.3062232539752394,-0.3062232539752394,0.0,0.0,0.0,22.08484735994651,22.92405052476906,-1
1705,2021-09-08,22.39205543980333,14.77609633004703,28.536712887433524,22.39205543980333,22.39205543980333,-0.5188723166523167,-0.5188723166523167,-0.5188723166523167,-0.03333725219122818,-0.03333725219122818,-0.03333725219122818,-0.4855350644610885,-0.4855350644610885,-0.4855350644610885,0.0,0.0,0.0,21.873183123151012,22.791646468300826,-1
1706,2021-09-09,22.437353798344603,15.257993075180277,28.747901573817074,22.437353798344603,22.437353798344603,-0.6169123775899908,-0.6169123775899908,-0.6169123775899908,0.038648265391972705,0.038648265391972705,0.038648265391972705,-0.6555606429819636,-0.6555606429819636,-0.6555606429819636,0.0,0.0,0.0,21.820441420754612,22.657519981625647,-1
1707,2021-09-10,22.482652156885877,14.849812259764594,28.272076268095073,22.482652156885877,22.482652156885877,-0.8094935236427121,-0.8094935236427121,-0.8094935236427121,0.003928796736509217,0.003928796736509217,0.003928796736509217,-0.8134223203792214,-0.8134223203792214,-0.8134223203792214,0.0,0.0,0.0,21.673158633243165,22.499648274984622,-1
1708,2021-09-13,22.618547232509744,14.385206669958475,28.229609840702626,22.618547232509744,22.618547232509744,-1.127097615870162,-1.127097615870162,-1.127097615870162,0.06302283964514467,0.06302283964514467,0.06302283964514467,-1.1901204555153069,-1.1901204555153069,-1.1901204555153069,0.0,0.0,0.0,21.49144961663958,22.327651132214733,-1
1709,2021-09-14,22.663845591051032,14.868951821863728,28.329946065212155,22.663845591051032,22.663845591051032,-1.2330637966783764,-1.2330637966783764,-1.2330637966783764,0.04431353266014743,0.04431353266014743,0.04431353266014743,-1.2773773293385238,-1.2773773293385238,-1.2773773293385238,0.0,0.0,0.0,21.430781794372656,22.158937802433595,-1
1710,2021-09-15,22.709143949592306,14.399933755359662,27.65781415148143,22.709143949592306,22.709143949592306,-1.3769050351974397,-1.3769050351974397,-1.3769050351974397,-0.03333725219125299,-0.03333725219125299,-0.03333725219125299,-1.3435677830061867,-1.3435677830061867,-1.3435677830061867,0.0,0.0,0.0,21.332238914394868,21.99132549217267,-1
1711,2021-09-16,22.754442308133594,14.288977981617055,28.20724248155496,22.754442308133594,22.754442308133594,-1.3495932826102877,-1.3495932826102877,-1.3495932826102877,0.038648265391980574,0.038648265391980574,0.038648265391980574,-1.3882415480022685,-1.3882415480022685,-1.3882415480022685,0.0,0.0,0.0,21.404849025523305,21.849455581444616,-1
1712,2021-09-17,22.799740666674868,14.09461961522316,28.20253837437649,22.799740666674868,22.799740666674868,-1.4074893367008556,-1.4074893367008556,-1.4074893367008556,0.003928796736756775,0.003928796736756775,0.003928796736756775,-1.4114181334376126,-1.4114181334376126,-1.4114181334376126,0.0,0.0,0.0,21.392251329974012,21.71120065526049,-1
1713,2021-09-20,22.935635742298736,14.230439561619212,27.933361609261457,22.935635742298736,22.935635742298736,-1.295866656965713,-1.295866656965713,-1.295866656965713,0.06302283964504046,0.06302283964504046,0.06302283964504046,-1.3588894966107532,-1.3588894966107532,-1.3588894966107532,0.0,0.0,0.0,21.639769085333022,21.614297030333272,1
1714,2021-09-21,22.980934100840027,14.684794446342467,28.14501927907208,22.980934100840027,22.980934100840027,-1.2607281183505974,-1.2607281183505974,-1.2607281183505974,0.04431353266023177,0.04431353266023177,0.04431353266023177,-1.3050416510108291,-1.3050416510108291,-1.3050416510108291,0.0,0.0,0.0,21.72020598248943,21.577832892587566,1
1715,2021-09-22,23.026232459381298,14.93877657213003,28.35609086352932,23.026232459381298,23.026232459381298,-1.2694102865806736,-1.2694102865806736,-1.2694102865806736,-0.033337252191255135,-0.033337252191255135,-0.033337252191255135,-1.2360730343894184,-1.2360730343894184,-1.2360730343894184,0.0,0.0,0.0,21.756822172800625,21.56619679755253,1
1716,2021-09-23,23.07153081792259,14.872400434977168,28.728161815340485,23.07153081792259,23.07153081792259,-1.1155800074864146,-1.1155800074864146,-1.1155800074864146,0.03864826539203393,0.03864826539203393,0.03864826539203393,-1.1542282728784485,-1.1542282728784485,-1.1542282728784485,0.0,0.0,0.0,21.955950810436175,21.57974773652068,1
1717,2021-09-24,23.116829176463863,15.441386988275484,28.96538079138247,23.116829176463863,23.116829176463863,-1.0580163367696416,-1.0580163367696416,-1.0580163367696416,0.003928796736695378,0.003928796736695378,0.003928796736695378,-1.061945133506337,-1.061945133506337,-1.061945133506337,0.0,0.0,0.0,22.058812839694223,21.61831315716579,1
1718,2021-09-27,23.25272425208773,15.93152307941598,29.731968747580527,23.25272425208773,23.25272425208773,-0.6853362872204425,-0.6853362872204425,-0.6853362872204425,0.06302283964518096,0.06302283964518096,0.06302283964518096,-0.7483591268656234,-0.7483591268656234,-0.7483591268656234,0.0,0.0,0.0,22.567387964867287,21.72590699198856,1
1719,2021-09-28,23.29802261062902,16.108012078293623,29.681199984295656,23.29802261062902,23.29802261062902,-0.5959398601953846,-0.5959398601953846,-0.5959398601953846,0.044313532660079355,0.044313532660079355,0.044313532660079355,-0.6402533928554639,-0.6402533928554639,-0.6402533928554639,0.0,0.0,0.0,22.702082750433636,21.853037087594657,1
1720,2021-09-29,23.343320969170293,15.91238567727042,29.339335240766687,23.343320969170293,23.343320969170293,-0.5678215013176575,-0.5678215013176575,-0.5678215013176575,-0.033337252191279955,-0.033337252191279955,-0.033337252191279955,-0.5344842491263776,-0.5344842491263776,-0.5344842491263776,0.0,0.0,0.0,22.775499467852637,21.997363142940436,1
1721,2021-09-30,23.38861932771158,16.557554323198293,29.317594238271223,23.38861932771158,23.38861932771158,-0.39462602870031466,-0.39462602870031466,-0.39462602870031466,0.038648265392041796,0.038648265392041796,0.038648265392041796,-0.43327429409235646,-0.43327429409235646,-0.43327429409235646,0.0,0.0,0.0,22.993993299011265,22.15627757028923,1
1722,2021-10-01,23.433917686252872,16.018749896028794,29.825588889308783,23.433917686252872,23.433917686252872,-0.3346743142374518,-0.3346743142374518,-0.3346743142374518,0.003928796736651909,0.003928796736651909,0.003928796736651909,-0.3386031109741037,-0.3386031109741037,-0.3386031109741037,0.0,0.0,0.0,23.09924337201542,22.326976774493367,1
1723,2021-10-04,23.569812761876722,16.579387998701947,30.479105224248244,23.569812761876722,23.569812761876722,-0.04608458582882025,-0.04608458582882025,-0.04608458582882025,0.0630228396451991,0.0630228396451991,0.0630228396451991,-0.10910742547401936,-0.10910742547401936,-0.10910742547401936,0.0,0.0,0.0,23.523728176047904,22.51537268356486,1
1724,2021-10-05,23.615111120418014,16.775134356310232,30.079225707518678,23.615111120418014,23.615111120418014,-0.009852715845293234,-0.009852715845293234,-0.009852715845293234,0.04431353265992694,0.04431353265992694,0.04431353265992694,-0.05416624850522017,-0.05416624850522017,-0.05416624850522017,0.0,0.0,0.0,23.60525840457272,22.70387792577319,1
1725,2021-10-06,23.660409478959284,17.450170828245035,30.369428395748933,23.660409478959284,23.660409478959284,-0.04411915645448789,-0.04411915645448789,-0.04411915645448789,-0.033337252191213834,-0.033337252191213834,-0.033337252191213834,-0.010781904263274059,-0.010781904263274059,-0.010781904263274059,0.0,0.0,0.0,23.616290322504796,22.889824740743606,1
1726,2021-10-07,23.705707837500576,16.849760191579787,30.582575123664512,23.705707837500576,23.705707837500576,0.05978345737267491,0.05978345737267491,0.05978345737267491,0.03864826539209516,0.03864826539209516,0.03864826539209516,0.02113519198057975,0.02113519198057975,0.02113519198057975,0.0,0.0,0.0,23.76549129487325,23.07077878918731,1
1727,2021-10-08,23.751006196041864,17.404683773909987,30.800006390131404,23.751006196041864,23.751006196041864,0.045961471872509325,0.045961471872509325,0.045961471872509325,0.0039287967368905,0.0039287967368905,0.0039287967368905,0.04203267513561882,0.04203267513561882,0.04203267513561882,0.0,0.0,0.0,23.796967667914373,23.24459427200933,1
1728,2021-10-11,23.88690127166573,17.184591103064616,30.79434109459871,23.88690127166573,23.88690127166573,0.11096552007273565,0.11096552007273565,0.11096552007273565,0.06302283964496391,0.06302283964496391,0.06302283964496391,0.04794268042777175,0.04794268042777175,0.04794268042777175,0.0,0.0,0.0,23.997866791738467,23.387642154696444,1
1729,2021-10-12,23.932199630207005,17.375055939156766,30.8320359196846,23.932199630207005,23.932199630207005,0.07978591789506247,0.07978591789506247,0.07978591789506247,0.0443135326598929,0.0443135326598929,0.0443135326598929,0.03547238523516957,0.03547238523516957,0.03547238523516957,0.0,0.0,0.0,24.011985548102068,23.518632434463292,1
1730,2021-10-13,23.97749798874828,17.04547134499813,30.78684527055675,23.97749798874828,23.97749798874828,-0.01477656873737654,-0.01477656873737654,-0.01477656873737654,-0.03333725219132959,-0.03333725219132959,-0.03333725219132959,0.018560683453953047,0.018560683453953047,0.018560683453953047,0.0,0.0,0.0,23.962721420010904,23.637354629679116,1
1731,2021-10-14,24.022796347289567,17.245190642904337,30.934575409181726,24.022796347289567,24.022796347289567,0.03773879932321072,0.03773879932321072,0.03773879932321072,0.03864826539191167,0.03864826539191167,0.03864826539191167,-0.0009094660687009536,-0.0009094660687009536,-0.0009094660687009536,0.0,0.0,0.0,24.06053514661278,23.744008814439265,1
1732,2021-10-15,24.06809470583086,16.758760680216938,30.40576611375699,24.06809470583086,24.06809470583086,-0.017058686226305284,-0.017058686226305284,-0.017058686226305284,0.0039287967368470365,0.0039287967368470365,0.0039287967368470365,-0.020987482963152324,-0.020987482963152324,-0.020987482963152324,0.0,0.0,0.0,24.051036019604553,23.83918807919818,1
1733,2021-10-18,24.203989781454695,17.4439242421632,31.035995046692403,24.203989781454695,24.203989781454695,-0.002500301445228099,-0.002500301445228099,-0.002500301445228099,0.06302283964498206,0.06302283964498206,0.06302283964498206,-0.06552314109021017,-0.06552314109021017,-0.06552314109021017,0.0,0.0,0.0,24.201489480009467,23.90696420959434,1
1734,2021-10-19,24.249288139996,17.766142972170524,30.91475915060472,24.249288139996,24.249288139996,-0.024805706524057364,-0.024805706524057364,-0.024805706524057364,0.04431353266007637,0.04431353266007637,0.04431353266007637,-0.06911923918413374,-0.06911923918413374,-0.06911923918413374,0.0,0.0,0.0,24.224482433471945,23.968886612484262,1
1735,2021-10-20,24.29458649853727,17.011717909230054,30.69026924369307,24.29458649853727,24.29458649853727,-0.09781087465540077,-0.09781087465540077,-0.09781087465540077,-0.033337252191263475,-0.033337252191263475,-0.033337252191263475,-0.0644736224641373,-0.0644736224641373,-0.0644736224641373,0.0,0.0,0.0,24.19677562388187,24.026935142621966,1
1736,2021-10-21,24.339884857078562,17.049767997066787,31.637022591145584,24.339884857078562,24.339884857078562,-0.011694167919279708,-0.011694167919279708,-0.011694167919279708,0.03864826539196504,0.03864826539196504,0.03864826539196504,-0.050342433311244744,-0.050342433311244744,-0.050342433311244744,0.0,0.0,0.0,24.328190689159282,24.083205082050572,1
1737,2021-10-22,24.38518321561985,17.027083378709055,31.153718677973576,24.38518321561985,24.38518321561985,-0.02182060446050263,-0.02182060446050263,-0.02182060446050263,0.003928796736785642,0.003928796736785642,0.003928796736785642,-0.025749401197288274,-0.025749401197288274,-0.025749401197288274,0.0,0.0,0.0,24.36336261115935,24.13984457637507,1
1738,2021-10-25,24.521078291243704,18.19377682073222,31.921293012898488,24.521078291243704,24.521078291243704,0.17907721263638654,0.17907721263638654,0.17907721263638654,0.06302283964500022,0.06302283964500022,0.06302283964500022,0.11605437299138635,0.11605437299138635,0.11605437299138635,0.0,0.0,0.0,24.70015550388009,24.21007344758923,1
1739,2021-10-26,24.566376649784992,17.250815073595607,31.952979745110163,24.566376649784992,24.566376649784992,0.2304686986555548,0.2304686986555548,0.2304686986555548,0.0443135326601607,0.0443135326601607,0.0443135326601607,0.1861551659953941,0.1861551659953941,0.1861551659953941,0.0,0.0,0.0,24.796845348440545,24.288559427623078,1
1740,2021-10-27,24.611675008326266,17.89824298160579,32.08457787658198,24.611675008326266,24.611675008326266,0.23361085798179868,0.23361085798179868,0.23361085798179868,-0.03333725219119735,-0.03333725219119735,-0.03333725219119735,0.266948110172996,0.266948110172996,0.266948110172996,0.0,0.0,0.0,24.845285866308064,24.376815872252795,1
1741,2021-10-28,24.65697336686757,18.22704792774638,31.49807935688146,24.65697336686757,24.65697336686757,0.39618365590474625,0.39618365590474625,0.39618365590474625,0.03864826539201839,0.03864826539201839,0.03864826539201839,0.35753539051272787,0.35753539051272787,0.35753539051272787,0.0,0.0,0.0,25.053157022772318,24.476078059868748,1
1742,2021-10-29,24.702271725408846,18.562450900569164,31.70690934394356,24.702271725408846,24.702271725408846,0.4606659267589921,0.4606659267589921,0.4606659267589921,0.00392879673673321,0.00392879673673321,0.00392879673673321,0.45673713002225885,0.45673713002225885,0.45673713002225885,0.0,0.0,0.0,25.162937652167837,24.587268223125076,1
1743,2021-11-01,24.838166801032695,18.980817212689587,32.559234918675045,24.838166801032695,24.838166801032695,0.8536570923245362,0.8536570923245362,0.8536570923245362,0.06302283964501836,0.06302283964501836,0.06302283964501836,0.7906342526795179,0.7906342526795179,0.7906342526795179,0.0,0.0,0.0,25.69182389335723,24.73630166445985,1
1744,2021-11-02,24.883465159573987,18.79684393734793,32.716160973696994,24.883465159573987,24.883465159573987,0.9522750418027074,0.9522750418027074,0.9522750418027074,0.04431353266000829,0.04431353266000829,0.04431353266000829,0.9079615091426992,0.9079615091426992,0.9079615091426992,0.0,0.0,0.0,25.835740201376694,24.897427441250326,1
1745,2021-11-03,24.928763518115257,19.331709837885498,33.04381118759518,24.928763518115257,24.928763518115257,0.9916115483899888,0.9916115483899888,0.9916115483899888,-0.033337252191222175,-0.033337252191222175,-0.033337252191222175,1.0249488005812109,1.0249488005812109,1.0249488005812109,0.0,0.0,0.0,25.920375066505247,25.069787385512665,1
1746,2021-11-04,24.974061876656563,19.37120258398451,33.51196112946322,24.974061876656563,24.974061876656563,1.1781368431360584,1.1781368431360584,1.1781368431360584,0.03864826539183491,0.03864826539183491,0.03864826539183491,1.1394885777442234,1.1394885777442234,1.1394885777442234,0.0,0.0,0.0,26.152198719792622,25.252188188576,1
1747,2021-11-05,25.019360235197837,19.446407330635093,32.98262291810379,25.019360235197837,25.019360235197837,1.2534049964135052,1.2534049964135052,1.2534049964135052,0.00392879673668079,0.00392879673668079,0.00392879673668079,1.2494761996768244,1.2494761996768244,1.2494761996768244,0.0,0.0,0.0,26.27276523161134,25.4431284506212,1
1748,2021-11-08,25.15525531082169,20.443278628516122,33.647733813819364,25.15525531082169,25.15525531082169,1.5951124775151304,1.5951124775151304,1.5951124775151304,0.06302283964515885,0.06302283964515885,0.06302283964515885,1.5320896378699713,1.5320896378699713,1.5320896378699713,0.0,0.0,0.0,26.75036778833682,25.64814967906687,1
1749,2021-11-09,25.20055366936298,19.41390180154671,33.02646894165246,25.20055366936298,25.20055366936298,1.64878084556153,1.64878084556153,1.64878084556153,0.04431353265997425,0.04431353265997425,0.04431353265997425,1.6044673129015556,1.6044673129015556,1.6044673129015556,0.0,0.0,0.0,26.849334514924507,25.853398595715266,1
1750,2021-11-10,25.245852027904252,19.657803371712458,33.63717585967848,25.245852027904252,25.245852027904252,1.6300218233921147,1.6300218233921147,1.6300218233921147,-0.03333725219113338,-0.03333725219113338,-0.03333725219113338,1.6633590755832481,1.6633590755832481,1.6633590755832481,0.0,0.0,0.0,26.87587385129637,26.0564573942141,1
1751,2021-11-11,25.29115038644556,20.299849975325266,33.32436108617799,25.29115038644556,25.29115038644556,1.7462048937766987,1.7462048937766987,1.7462048937766987,0.03864826539184278,0.03864826539184278,0.03864826539184278,1.707556628384856,1.707556628384856,1.707556628384856,0.0,0.0,0.0,27.037355280222258,26.25487721995909,1
1752,2021-11-12,25.336448744986832,20.50052216267863,33.95015072556931,25.336448744986832,25.336448744986832,1.7400372234061707,1.7400372234061707,1.7400372234061707,0.003928796736628361,0.003928796736628361,0.003928796736628361,1.7361084266695421,1.7361084266695421,1.7361084266695421,0.0,0.0,0.0,27.076485968393,26.44623205158161,1
1753,2021-11-15,25.472343820610682,20.519397712508695,34.21827809297594,25.472343820610682,25.472343820610682,1.785529327714186,1.785529327714186,1.785529327714186,0.06302283964492367,0.06302283964492367,0.06302283964492367,1.7225064880692622,1.7225064880692622,1.7225064880692622,0.0,0.0,0.0,27.25787314832487,26.602836977078375,1
1754,2021-11-16,25.517642179151974,20.27877635264812,33.905896318683,25.517642179151974,25.517642179151974,1.7288170760951191,1.7288170760951191,1.7288170760951191,0.0443135326599402,0.0443135326599402,0.0443135326599402,1.684503543435179,1.684503543435179,1.684503543435179,0.0,0.0,0.0,27.246459255247093,26.743908882465412,1
1755,2021-11-17,25.562940537693244,20.187953702600655,34.52324655562716,25.562940537693244,25.562940537693244,1.5969300417435202,1.5969300417435202,1.5969300417435202,-0.03333725219124913,-0.03333725219124913,-0.03333725219124913,1.630267293934769,1.630267293934769,1.630267293934769,0.0,0.0,0.0,27.159870579436763,26.867858433758567,1
1756,2021-11-18,25.60823889623455,20.58831344787797,33.96902006633774,25.60823889623455,25.60823889623455,1.5991380288779533,1.5991380288779533,1.5991380288779533,0.03864826539194163,0.03864826539194163,0.03864826539194163,1.5604897634860115,1.5604897634860115,1.5604897634860115,0.0,0.0,0.0,27.207376925112502,26.973376254290553,1
1757,2021-11-19,25.653537254775824,20.1531811012379,34.04261222298841,25.653537254775824,25.653537254775824,1.4800264014443059,1.4800264014443059,1.4800264014443059,0.003928796736566964,0.003928796736566964,0.003928796736566964,1.476097604707739,1.476097604707739,1.476097604707739,0.0,0.0,0.0,27.13356365622013,27.059456096751433,1
1758,2021-11-22,25.789432330399677,20.030852715999295,33.82527093416127,25.789432330399677,25.789432330399677,1.2104951243362256,1.2104951243362256,1.2104951243362256,0.06302283964506418,0.06302283964506418,0.06302283964506418,1.1474722846911614,1.1474722846911614,1.1474722846911614,0.0,0.0,0.0,26.999927454735904,27.08441206339134,-1
1759,2021-11-23,25.834730688940965,20.08509747607348,34.20904486497967,25.834730688940965,25.834730688940965,1.0619527038243104,1.0619527038243104,1.0619527038243104,0.044313532659906174,0.044313532659906174,0.044313532659906174,1.0176391711644042,1.0176391711644042,1.0176391711644042,0.0,0.0,0.0,26.896683392765276,27.089146951175415,-1
1760,2021-11-24,25.88002904748224,19.983070446875278,33.62079693589748,25.88002904748224,25.88002904748224,0.8470255742929385,0.8470255742929385,0.8470255742929385,-0.033337252191183005,-0.033337252191183005,-0.033337252191183005,0.8803628264841215,0.8803628264841215,0.8803628264841215,0.0,0.0,0.0,26.727054621775178,27.074265028223294,-1
1761,2021-11-26,25.97062576456482,19.044467052302426,32.96433978458701,25.97062576456482,25.97062576456482,0.5942737725811212,0.5942737725811212,0.5942737725811212,0.0039287967368145235,0.0039287967368145235,0.0039287967368145235,0.5903449758443066,0.5903449758443066,0.5903449758443066,0.0,0.0,0.0,26.56489953714594,27.027019453915663,-1
1762,2021-11-29,26.10652084018867,18.610755060986573,32.88779504894603,26.10652084018867,26.10652084018867,0.20507567628500872,0.20507567628500872,0.20507567628500872,0.06302283964495994,0.06302283964495994,0.06302283964495994,0.14205283664004875,0.14205283664004875,0.14205283664004875,0.0,0.0,0.0,26.311596516473678,26.950530508723734,-1
1763,2021-11-30,26.15181919872996,19.786365757319263,32.761797578010295,26.15181919872996,26.15181919872996,0.03973875289034419,0.03973875289034419,0.03973875289034419,0.044313532659753754,0.044313532659753754,0.044313532659753754,-0.004574779769409567,-0.004574779769409567,-0.004574779769409567,0.0,0.0,0.0,26.191557951620304,26.843898989053276,-1
1764,2021-12-01,26.19711755727123,19.700362919903185,33.021960764116436,26.19711755727123,26.19711755727123,-0.1807983713337051,-0.1807983713337051,-0.1807983713337051,-0.03333725219127609,-0.03333725219127609,-0.03333725219127609,-0.14746111914242901,-0.14746111914242901,-0.14746111914242901,0.0,0.0,0.0,26.016319185937526,26.72088498212232,-1
1765,2021-12-02,26.242415915812536,19.165015746816284,32.717877783362,26.242415915812536,26.242415915812536,-0.2467597733802201,-0.2467597733802201,-0.2467597733802201,0.03864826539195737,0.03864826539195737,0.03864826539195737,-0.2854080387721774,-0.2854080387721774,-0.2854080387721774,0.0,0.0,0.0,25.995656142432317,26.604463538421875,-1
1766,2021-12-03,26.28771427435381,19.37445519520951,32.98388956533444,26.28771427435381,26.28771427435381,-0.41344684870962595,-0.41344684870962595,-0.41344684870962595,0.003928796736753133,0.003928796736753133,0.003928796736753133,-0.4173756454463791,-0.4173756454463791,-0.4173756454463791,0.0,0.0,0.0,25.874267425644184,26.471152588475046,-1
1767,2021-12-06,26.423609349977664,18.90046451191629,32.56661165742466,26.423609349977664,26.423609349977664,-0.7065265119798777,-0.7065265119798777,-0.7065265119798777,0.06302283964510046,0.06302283964510046,0.06302283964510046,-0.7695493516249781,-0.7695493516249781,-0.7695493516249781,0.0,0.0,0.0,25.717082837997786,26.329504506652807,-1
1768,2021-12-07,26.46890770851895,18.73965714347222,32.39687530918204,26.46890770851895,26.46890770851895,-0.8263008524641262,-0.8263008524641262,-0.8263008524641262,0.044313532660055596,0.044313532660055596,0.044313532660055596,-0.8706143851241818,-0.8706143851241818,-0.8706143851241818,0.0,0.0,0.0,25.642606856054826,26.193772446784703,-1
1769,2021-12-08,26.514206067060243,18.21620067701405,32.34494432976231,26.514206067060243,26.514206067060243,-0.9964044482047357,-0.9964044482047357,-0.9964044482047357,-0.033337252191209976,-0.033337252191209976,-0.033337252191209976,-0.9630671960135256,-0.9630671960135256,-0.9630671960135256,0.0,0.0,0.0,25.517801618855508,26.055884269393722,-1
1770,2021-12-09,26.55950442560153,18.675962372465666,32.26560352434333,26.55950442560153,26.55950442560153,-1.0082309805312473,-1.0082309805312473,-1.0082309805312473,0.03864826539205622,0.03864826539205622,0.03864826539205622,-1.0468792459233034,-1.0468792459233034,-1.0468792459233034,0.0,0.0,0.0,25.551273445070283,25.938306151723236,-1
1771,2021-12-10,26.604802784142805,18.688833905085964,32.465434621694975,26.604802784142805,26.604802784142805,-1.1182386075734234,-1.1182386075734234,-1.1182386075734234,0.003928796736709662,0.003928796736709662,0.003928796736709662,-1.1221674043101333,-1.1221674043101333,-1.1221674043101333,0.0,0.0,0.0,25.48656417656938,25.83047261566558,-1
1772,2021-12-13,26.508107511464363,18.018969533943377,31.740236698911257,26.508107511464363,26.508107511464363,-1.236908403248652,-1.236908403248652,-1.236908403248652,0.06302283964524097,0.06302283964524097,0.06302283964524097,-1.2999312428938927,-1.2999312428938927,-1.2999312428938927,0.0,0.0,0.0,25.27119910821571,25.72643287483978,-1
1773,2021-12-14,26.475875753904877,18.758161907548132,32.29036320376945,26.475875753904877,26.475875753904877,-1.300361410319404,-1.300361410319404,-1.300361410319404,0.044313532659903176,0.044313532659903176,0.044313532659903176,-1.344674942979307,-1.344674942979307,-1.344674942979307,0.0,0.0,0.0,25.175514343585473,25.624828514036302,-1
1774,2021-12-15,26.44364399634539,17.957881281120383,32.13636549525768,26.44364399634539,26.44364399634539,-1.4164538054858764,-1.4164538054858764,-1.4164538054858764,-0.03333725219123479,-0.03333725219123479,-0.03333725219123479,-1.3831165532946414,-1.3831165532946414,-1.3831165532946414,0.0,0.0,0.0,25.027190190859514,25.525915614528497,-1
1775,2021-12-16,26.41141223878592,18.37720213174795,31.796288476590686,26.41141223878592,26.41141223878592,-1.377257061383248,-1.377257061383248,-1.377257061383248,0.03864826539206409,0.03864826539206409,0.03864826539206409,-1.4159053267753123,-1.4159053267753123,-1.4159053267753123,0.0,0.0,0.0,25.034155177402674,25.429765518025533,-1
1776,2021-12-17,26.379180481226435,17.896449564675358,31.411461464067305,26.379180481226435,26.379180481226435,-1.4397884441372681,-1.4397884441372681,-1.4397884441372681,0.003928796736648265,0.003928796736648265,0.003928796736648265,-1.4437172408739165,-1.4437172408739165,-1.4437172408739165,0.0,0.0,0.0,24.939392037089167,25.33627797917003,-1
1777,2021-12-20,26.282485208547993,18.154109786083968,31.923294612835107,26.282485208547993,26.282485208547993,-1.4410890081414338,-1.4410890081414338,-1.4410890081414338,0.06302283964513675,0.06302283964513675,0.06302283964513675,-1.5041118477865705,-1.5041118477865705,-1.5041118477865705,0.0,0.0,0.0,24.84139620040656,25.24870931541091,-1
1778,2021-12-21,26.250253450988488,18.012812554277545,31.963995079163794,26.250253450988488,26.250253450988488,-1.4744417882866616,-1.4744417882866616,-1.4744417882866616,0.04431353265998751,0.04431353265998751,0.04431353265998751,-1.5187553209466491,-1.5187553209466491,-1.5187553209466491,0.0,0.0,0.0,24.775811662701827,25.162029796075608,-1
1779,2021-12-22,26.21802169342902,17.969136883023218,31.331968122264467,26.21802169342902,26.21802169342902,-1.565004517385805,-1.565004517385805,-1.565004517385805,-0.03333725219125961,-0.03333725219125961,-0.03333725219125961,-1.531667265194545,-1.531667265194545,-1.531667265194545,0.0,0.0,0.0,24.653017176043214,25.07555135179438,-1
1780,2021-12-23,26.18578993586955,18.05188425464484,31.922945113862422,26.18578993586955,26.18578993586955,-1.5047357289635648,-1.5047357289635648,-1.5047357289635648,0.038648265391880605,0.038648265391880605,0.038648265391880605,-1.5433839943554455,-1.5433839943554455,-1.5433839943554455,0.0,0.0,0.0,24.681054206905987,24.98852942797795,-1
1781,2021-12-27,26.056862905631604,17.799766089874247,31.565639543293347,26.056862905631604,26.056862905631604,-1.5238728123521963,-1.5238728123521963,-1.5238728123521963,0.06302283964527725,0.06302283964527725,0.06302283964527725,-1.5868956519974737,-1.5868956519974737,-1.5868956519974737,0.0,0.0,0.0,24.53299009327941,24.893172019648954,-1
1782,2021-12-28,26.02463114807212,17.35631278787411,31.299905686547607,26.02463114807212,26.02463114807212,-1.5541887121295401,-1.5541887121295401,-1.5541887121295401,0.04431353266028934,0.04431353266028934,0.04431353266028934,-1.5985022447898294,-1.5985022447898294,-1.5985022447898294,0.0,0.0,0.0,24.47044243594258,24.813096352421642,-1
1783,2021-12-29,25.99239939051265,17.15183400586419,31.333608400177116,25.99239939051265,25.99239939051265,-1.6441250592716503,-1.6441250592716503,-1.6441250592716503,-0.03333725219128443,-0.03333725219128443,-0.03333725219128443,-1.6107878070803658,-1.6107878070803658,-1.6107878070803658,0.0,0.0,0.0,24.348274331240997,24.730372351187192,-1
1784,2021-12-30,25.960167632953162,17.405842947418243,30.949543666036305,25.960167632953162,25.960167632953162,-1.5851802447863585,-1.5851802447863585,-1.5851802447863585,0.038648265391888474,0.038648265391888474,0.038648265391888474,-1.623828510178247,-1.623828510178247,-1.623828510178247,0.0,0.0,0.0,24.374987388166804,24.665152070917923,-1
1785,2021-12-31,25.92793587539368,17.61026880054022,31.450483336800975,25.92793587539368,25.92793587539368,-1.6337083923188174,-1.6337083923188174,-1.6337083923188174,0.003928796736543407,0.003928796736543407,0.003928796736543407,-1.637637189055361,-1.637637189055361,-1.637637189055361,0.0,0.0,0.0,24.294227483074863,24.591159301485142,-1
1786,2022-01-03,25.831240602715237,17.846747313599334,31.29707012232467,25.831240602715237,25.831240602715237,-1.6199077114931861,-1.6199077114931861,-1.6199077114931861,0.06302283964504207,0.06302283964504207,0.06302283964504207,-1.6829305511382284,-1.6829305511382284,-1.6829305511382284,0.0,0.0,0.0,24.21133289122205,24.51835338689843,-1
1787,2022-01-04,25.79900884515575,17.587964578325376,30.916432789514385,25.79900884515575,25.79900884515575,-1.6544994246647986,-1.6544994246647986,-1.6544994246647986,0.04431353266025529,0.04431353266025529,0.04431353266025529,-1.6988129573250539,-1.6988129573250539,-1.6988129573250539,0.0,0.0,0.0,24.14450942049095,24.44866470890687,-1
1788,2022-01-05,25.766777087596264,17.68104706514325,31.40111221008301,25.766777087596264,25.766777087596264,-1.7480615325932112,-1.7480615325932112,-1.7480615325932112,-0.03333725219121831,-0.03333725219121831,-0.03333725219121831,-1.7147242804019929,-1.7147242804019929,-1.7147242804019929,0.0,0.0,0.0,24.01871555500305,24.37295509813699,-1
1789,2022-01-06,25.734545330036795,17.088460925435776,31.042889603737045,25.734545330036795,25.734545330036795,-1.6917427776978085,-1.6917427776978085,-1.6917427776978085,0.038648265391941834,0.038648265391941834,0.038648265391941834,-1.7303910430897507,-1.7303910430897507,-1.7303910430897507,0.0,0.0,0.0,24.042802552338987,24.31193363576657,-1
1790,2022-01-07,25.70231357247731,17.72161926137359,31.328106889619896,25.70231357247731,25.70231357247731,-1.7415817569965464,-1.7415817569965464,-1.7415817569965464,0.003928796736482025,0.003928796736482025,0.003928796736482025,-1.7455105537330284,-1.7455105537330284,-1.7455105537330284,0.0,0.0,0.0,23.960731815480763,24.239901396624045,-1
1791,2022-01-10,25.605618299798866,17.62815822226943,30.622441568726156,25.605618299798866,25.605618299798866,-1.721216147079172,-1.721216147079172,-1.721216147079172,0.06302283964518256,0.06302283964518256,0.06302283964518256,-1.7842389867243547,-1.7842389867243547,-1.7842389867243547,0.0,0.0,0.0,23.884402152719694,24.175042602568073,-1
1792,2022-01-11,25.57338654223938,16.931535850941707,30.351036872824977,25.57338654223938,25.57338654223938,-1.7494427292588066,-1.7494427292588066,-1.7494427292588066,0.0443135326601029,0.0443135326601029,0.0443135326601029,-1.7937562619189096,-1.7937562619189096,-1.7937562619189096,0.0,0.0,0.0,23.823943812980573,24.110392740271873,-1
1793,2022-01-12,25.541154784679893,16.934802614975695,30.39563078836883,25.541154784679893,25.541154784679893,-1.834310462922171,-1.834310462922171,-1.834310462922171,-0.03333725219133406,-0.03333725219133406,-0.03333725219133406,-1.8009732107308367,-1.8009732107308367,-1.8009732107308367,0.0,0.0,0.0,23.70684432175772,24.04624973932355,-1
1794,2022-01-13,25.508923027120424,16.39575013881971,30.583497247757425,25.508923027120424,25.508923027120424,-1.7668834284266486,-1.7668834284266486,-1.7668834284266486,0.038648265391995194,0.038648265391995194,0.038648265391995194,-1.8055316938186439,-1.8055316938186439,-1.8055316938186439,0.0,0.0,0.0,23.742039598693776,23.98295496037624,-1
1795,2022-01-14,25.476691269560938,16.708355119288,30.537678406783648,25.476691269560938,25.476691269560938,-1.8031560316216526,-1.8031560316216526,-1.8031560316216526,0.003928796736738545,0.003928796736738545,0.003928796736738545,-1.807084828358391,-1.807084828358391,-1.807084828358391,0.0,0.0,0.0,23.673535237939284,23.920885735862687,-1
1796,2022-01-18,25.34776423932301,16.8893164302975,30.948697240688997,25.34776423932301,25.34776423932301,-1.7327268672720335,-1.7327268672720335,-1.7327268672720335,0.04431353265995049,0.04431353265995049,0.04431353265995049,-1.7770403999319841,-1.7770403999319841,-1.7770403999319841,0.0,0.0,0.0,23.615037372050974,23.861256183945578,-1
1797,2022-01-19,25.315532481763523,17.20331083832127,30.847029622624543,25.315532481763523,25.315532481763523,-1.7925205309254306,-1.7925205309254306,-1.7925205309254306,-0.03333725219124527,-0.03333725219124527,-0.03333725219124527,-1.7591832787341852,-1.7591832787341852,-1.7591832787341852,0.0,0.0,0.0,23.523011950838093,23.79910643698029,-1
1798,2022-01-20,25.283300724204054,16.60722444088484,30.777582957136378,25.283300724204054,25.283300724204054,-1.6981681451871482,-1.6981681451871482,-1.6981681451871482,0.038648265392048554,0.038648265392048554,0.038648265392048554,-1.7368164105791968,-1.7368164105791968,-1.7368164105791968,0.0,0.0,0.0,23.585132579016907,23.755748139381677,-1
1799,2022-01-21,25.251068966644553,16.151536892014136,30.165918605035298,25.251068966644553,25.251068966644553,-1.7059121057737623,-1.7059121057737623,-1.7059121057737623,0.003928796736677154,0.003928796736677154,0.003928796736677154,-1.7098409025104395,-1.7098409025104395,-1.7098409025104395,0.0,0.0,0.0,23.54515686087079,23.705983570234856,-1
1800,2022-01-24,25.15437369396611,16.81935640320833,30.538369978298924,25.15437369396611,25.15437369396611,-1.5381455884369528,-1.5381455884369528,-1.5381455884369528,0.06302283964484316,0.06302283964484316,0.06302283964484316,-1.601168428081796,-1.601168428081796,-1.601168428081796,0.0,0.0,0.0,23.616228105529157,23.671533199239697,-1
1801,2022-01-25,25.12214193640664,16.68002511137178,30.45874621873789,25.12214193640664,25.12214193640664,-1.5116760027507314,-1.5116760027507314,-1.5116760027507314,0.044313532660034814,0.044313532660034814,0.044313532660034814,-1.5559895354107662,-1.5559895354107662,-1.5559895354107662,0.0,0.0,0.0,23.610465933655906,23.644139577333316,-1
1802,2022-01-26,25.089910178847155,16.480571277086632,30.646464016984865,25.089910178847155,25.089910178847155,-1.5399893504366997,-1.5399893504366997,-1.5399893504366997,-0.03333725219127009,-0.03333725219127009,-0.03333725219127009,-1.5066520982454294,-1.5066520982454294,-1.5066520982454294,0.0,0.0,0.0,23.549920828410457,23.616737278876307,-1
1803,2022-01-27,25.05767842128767,17.193568797190373,30.590391551437687,25.05767842128767,25.05767842128767,-1.414804642330062,-1.414804642330062,-1.414804642330062,0.03864826539205642,0.03864826539205642,0.03864826539205642,-1.4534529077221185,-1.4534529077221185,-1.4534529077221185,0.0,0.0,0.0,23.642873778957608,23.610340224596293,1
1804,2022-01-28,25.025446663728182,16.95466999266532,30.605283099372485,25.025446663728182,25.025446663728182,-1.3928294139528938,-1.3928294139528938,-1.3928294139528938,0.003928796736624722,0.003928796736624722,0.003928796736624722,-1.3967582106895184,-1.3967582106895184,-1.3967582106895184,0.0,0.0,0.0,23.63261724977529,23.59939798970445,1
1805,2022-01-31,24.92875139104974,17.201138050809437,30.83303255444153,24.92875139104974,24.92875139104974,-1.1473167612345259,-1.1473167612345259,-1.1473167612345259,0.0630228396448613,0.0630228396448613,0.0630228396448613,-1.2103396008793872,-1.2103396008793872,-1.2103396008793872,0.0,0.0,0.0,23.781434629815216,23.61018792889204,1
1806,2022-02-01,24.89651963349027,17.25906295058499,30.87739865464068,24.89651963349027,24.89651963349027,-1.1002762006878042,-1.1002762006878042,-1.1002762006878042,0.0443135326598824,0.0443135326598824,0.0443135326598824,-1.1445897333476864,-1.1445897333476864,-1.1445897333476864,0.0,0.0,0.0,23.796243432802466,23.62830853496719,1
1807,2022-02-02,24.864287875930785,16.615307545229886,30.829397396532805,24.864287875930785,24.864287875930785,-1.1114072525717356,-1.1114072525717356,-1.1114072525717356,-0.03333725219120397,-0.03333725219120397,-0.03333725219120397,-1.0780700003805317,-1.0780700003805317,-1.0780700003805317,0.0,0.0,0.0,23.75288062335905,23.651295402219283,1
1808,2022-02-03,24.8320561183713,16.58111100808117,30.121863077569717,24.8320561183713,24.8320561183713,-0.9728040701883294,-0.9728040701883294,-0.9728040701883294,0.038648265392155275,0.038648265392155275,0.038648265392155275,-1.0114523355804845,-1.0114523355804845,-1.0114523355804845,0.0,0.0,0.0,23.85925204818297,23.67870734913589,1
1809,2022-02-04,24.79982436081181,17.21079724746268,30.889380055767027,24.79982436081181,24.79982436081181,-0.9414976575830726,-0.9414976575830726,-0.9414976575830726,0.003928796736872276,0.003928796736872276,0.003928796736872276,-0.945426454319945,-0.945426454319945,-0.945426454319945,0.0,0.0,0.0,23.858326703228737,23.710024333371685,1
1810,2022-02-07,24.70312908813337,17.11998452206513,30.43713417393523,24.70312908813337,24.70312908813337,-0.6947598788145114,-0.6947598788145114,-0.6947598788145114,0.06302283964500181,0.06302283964500181,0.06302283964500181,-0.7577827184595132,-0.7577827184595132,-0.7577827184595132,0.0,0.0,0.0,24.008369209318857,23.749238443750656,1
1811,2022-02-08,24.6708973305739,17.620669051614854,30.92071366633912,24.6708973305739,24.6708973305739,-0.6565885975668904,-0.6565885975668904,-0.6565885975668904,0.04431353265984836,0.04431353265984836,0.04431353265984836,-0.7009021302267389,-0.7009021302267389,-0.7009021302267389,0.0,0.0,0.0,24.01430873300701,23.789622723685767,1
1812,2022-02-09,24.638665573014396,16.8946061081623,30.66270429279443,24.638665573014396,24.638665573014396,-0.6811829173125643,-0.6811829173125643,-0.6811829173125643,-0.033337252191137846,-0.033337252191137846,-0.033337252191137846,-0.6478456651214264,-0.6478456651214264,-0.6478456651214264,0.0,0.0,0.0,23.95748265570183,23.830378906414904,1
1813,2022-02-10,24.606433815454928,16.853419808797472,31.05441105756994,24.606433815454928,24.606433815454928,-0.5604661952352153,-0.5604661952352153,-0.5604661952352153,0.038648265391926305,0.038648265391926305,0.038648265391926305,-0.5991144606271417,-0.5991144606271417,-0.5991144606271417,0.0,0.0,0.0,24.045967620219713,23.870688290541114,1
1814,2022-02-11,24.57420205789544,16.899905713165758,31.018180019683857,24.57420205789544,24.57420205789544,-0.5511995592055825,-0.5511995592055825,-0.5511995592055825,0.0039287967368198465,0.0039287967368198465,0.0039287967368198465,-0.5551283559424023,-0.5551283559424023,-0.5551283559424023,0.0,0.0,0.0,24.02300249868986,23.90972681543257,1
1815,2022-02-14,24.477506785217,17.14209108523181,31.15038286803241,24.477506785217,24.477506785217,-0.3913529590628133,-0.3913529590628133,-0.3913529590628133,0.06302283964501995,0.06302283964501995,0.06302283964501995,-0.4543757987078333,-0.4543757987078333,-0.4543757987078333,0.0,0.0,0.0,24.086153826154185,23.940198735066467,1
1816,2022-02-15,24.445275027657512,17.48094303305272,31.49205852897556,24.445275027657512,24.445275027657512,-0.3872401076395846,-0.3872401076395846,-0.3872401076395846,0.044313532660150194,0.044313532660150194,0.044313532660150194,-0.4315536402997348,-0.4315536402997348,-0.4315536402997348,0.0,0.0,0.0,24.058034920017928,23.966377883788013,1
1817,2022-02-16,24.413043270098026,16.868456596061236,30.79669428178524,24.413043270098026,24.413043270098026,-0.447332776486755,-0.447332776486755,-0.447332776486755,-0.0333372521912536,-0.0333372521912536,-0.0333372521912536,-0.4139955242955014,-0.4139955242955014,-0.4139955242955014,0.0,0.0,0.0,23.965710493611272,23.987660870813237,-1
1818,2022-02-17,24.380811512538557,17.24519573848286,31.072572438375918,24.380811512538557,24.380811512538557,-0.3627994892550802,-0.3627994892550802,-0.3627994892550802,0.038648265392025156,0.038648265392025156,0.038648265392025156,-0.4014477546471053,-0.4014477546471053,-0.4014477546471053,0.0,0.0,0.0,24.018012023283475,24.003536868323287,1
1819,2022-02-18,24.34857975497907,17.051723441275303,30.699290320921985,24.34857975497907,24.34857975497907,-0.3896074147790628,-0.3896074147790628,-0.3896074147790628,0.003928796736758458,0.003928796736758458,0.003928796736758458,-0.3935362115158213,-0.3935362115158213,-0.3935362115158213,0.0,0.0,0.0,23.958972340200006,24.013601432020415,-1
1820,2022-02-22,24.219652724741145,17.553501936217813,30.69014341554787,24.219652724741145,24.219652724741145,-0.35263366543854974,-0.35263366543854974,-0.35263366543854974,0.044313532660116166,0.044313532660116166,0.044313532660116166,-0.39694719809866585,-0.39694719809866585,-0.39694719809866585,0.0,0.0,0.0,23.867019059302596,23.999466417018787,-1
1821,2022-02-23,24.18742096718166,17.08840355509194,30.665764846140938,24.18742096718166,24.18742096718166,-0.4362805160554413,-0.4362805160554413,-0.4362805160554413,-0.03333725219118748,-0.03333725219118748,-0.03333725219118748,-0.4029432638642538,-0.4029432638642538,-0.4029432638642538,0.0,0.0,0.0,23.75114045112622,23.973149588830708,-1
1822,2022-02-24,24.155189209622172,16.95160900703249,30.909100718461282,24.155189209622172,24.155189209622172,-0.3706695209020779,-0.3706695209020779,-0.3706695209020779,0.03864826539203302,0.03864826539203302,0.03864826539203302,-0.40931778629411086,-0.40931778629411086,-0.40931778629411086,0.0,0.0,0.0,23.784519688720096,23.955853292132534,-1
1823,2022-02-25,24.122957452062685,16.775697932482856,30.27664733146781,24.122957452062685,24.122957452062685,-0.4112407137927068,-0.4112407137927068,-0.4112407137927068,0.003928796736706026,0.003928796736706026,0.003928796736706026,-0.41516951052941276,-0.41516951052941276,-0.41516951052941276,0.0,0.0,0.0,23.711716738269978,23.922428203937564,-1
1824,2022-02-28,24.026262179384243,16.704306178694402,30.133066356434203,24.026262179384243,24.026262179384243,-0.35768300132893244,-0.35768300132893244,-0.35768300132893244,0.06302283964505624,0.06302283964505624,0.06302283964505624,-0.42070584097398867,-0.42070584097398867,-0.42070584097398867,0.0,0.0,0.0,23.66857917805531,23.886985871874106,-1
1825,2022-03-01,23.994030421824775,16.562133275815764,30.308161028749307,23.994030421824775,23.994030421824775,-0.371477565660351,-0.371477565660351,-0.371477565660351,0.04431353265996376,0.04431353265996376,0.04431353265996376,-0.41579109832031474,-0.41579109832031474,-0.41579109832031474,0.0,0.0,0.0,23.622552856164425,23.84062577487513,-1
1826,2022-03-02,23.961798664265288,16.269887898205287,30.37987705978339,23.961798664265288,23.961798664265288,-0.4396402757243851,-0.4396402757243851,-0.4396402757243851,-0.0333372521912123,-0.0333372521912123,-0.0333372521912123,-0.4063030235331728,-0.4063030235331728,-0.4063030235331728,0.0,0.0,0.0,23.522158388540902,23.787038121727427,-1
1827,2022-03-03,23.9295669067058,16.84721937331478,30.349496917127023,23.9295669067058,23.9295669067058,-0.35303283868915086,-0.35303283868915086,-0.35303283868915086,0.03864826539184953,0.03864826539184953,0.03864826539184953,-0.39168110408100043,-0.39168110408100043,-0.39168110408100043,0.0,0.0,0.0,23.57653406801665,23.748120479167966,-1
1828,2022-03-04,23.897335149146315,16.674646180831736,30.865748488221755,23.897335149146315,23.897335149146315,-0.36756634701684343,-0.36756634701684343,-0.36756634701684343,0.003928796736644641,0.003928796736644641,0.003928796736644641,-0.3714951437534881,-0.3714951437534881,-0.3714951437534881,0.0,0.0,0.0,23.52976880212947,23.699296157052565,-1
1829,2022-03-07,23.800639876467873,16.587951891949654,30.66386592541829,23.800639876467873,23.800639876467873,-0.2124884750500426,-0.2124884750500426,-0.2124884750500426,0.06302283964519675,0.06302283964519675,0.06302283964519675,-0.2755113146952393,-0.2755113146952393,-0.2755113146952393,0.0,0.0,0.0,23.58815140141783,23.66221406317435,-1
1830,2022-03-08,23.768408118908404,16.14116770088877,30.317822969341744,23.768408118908404,23.768408118908404,-0.18753702615432288,-0.18753702615432288,-0.18753702615432288,0.04431353265992971,0.04431353265992971,0.04431353265992971,-0.23185055881425257,-0.23185055881425257,-0.23185055881425257,0.0,0.0,0.0,23.58087109275408,23.633599266519496,-1
1831,2022-03-09,23.7361763613489,16.63131529305412,30.05492436794652,23.7361763613489,23.7361763613489,-0.21619338995672718,-0.21619338995672718,-0.21619338995672718,-0.03333725219121445,-0.03333725219121445,-0.03333725219121445,-0.1828561377655127,-0.1828561377655127,-0.1828561377655127,0.0,0.0,0.0,23.51998297139217,23.61048351854609,-1
1832,2022-03-10,23.70394460378943,16.736249580189114,30.227186194370248,23.70394460378943,23.70394460378943,-0.09043453941988593,-0.09043453941988593,-0.09043453941988593,0.0386482653919029,0.0386482653919029,0.0386482653919029,-0.12908280481178883,-0.12908280481178883,-0.12908280481178883,0.0,0.0,0.0,23.613510064369546,23.593382556111038,1
1833,2022-03-11,23.671712846229944,16.970586090287433,30.85862871015305,23.671712846229944,23.671712846229944,-0.06731732424494574,-0.06731732424494574,-0.06731732424494574,0.003928796736601174,0.003928796736601174,0.003928796736601174,-0.07124612098154691,-0.07124612098154691,-0.07124612098154691,0.0,0.0,0.0,23.604395521984998,23.582650434482538,1
1834,2022-03-14,23.575017573551502,16.708571030758904,31.037413404797714,23.575017573551502,23.575017573551502,0.18038548281479846,0.18038548281479846,0.18038548281479846,0.06302283964496157,0.06302283964496157,0.06302283964496157,0.11736264316983691,0.11736264316983691,0.11736264316983691,0.0,0.0,0.0,23.7554030563663,23.591332822313635,1
1835,2022-03-15,23.542785815992016,17.03638468771496,30.295608226592243,23.542785815992016,23.542785815992016,0.22590740857815247,0.22590740857815247,0.22590740857815247,0.044313532659777305,0.044313532659777305,0.044313532659777305,0.1815938759183752,0.1815938759183752,0.1815938759183752,0.0,0.0,0.0,23.768693224570168,23.60594685915421,1
1836,2022-03-16,23.510554058432533,17.445493388959452,30.491850057680495,23.510554058432533,23.510554058432533,0.211125265061307,0.211125265061307,0.211125265061307,-0.033337252191239265,-0.033337252191239265,-0.033337252191239265,0.24446251725254628,0.24446251725254628,0.24446251725254628,0.0,0.0,0.0,23.721679323493838,23.625898952649504,1
1837,2022-03-17,23.47832230087306,16.557994276285548,29.984728766197176,23.47832230087306,23.47832230087306,0.343321995280145,0.343321995280145,0.343321995280145,0.03864826539195625,0.03864826539195625,0.03864826539195625,0.3046737298881888,0.3046737298881888,0.3046737298881888,0.0,0.0,0.0,23.821644296153206,23.65040997546316,1
1838,2022-03-18,23.446090543313577,17.78226379702345,30.733207649053227,23.446090543313577,23.446090543313577,0.3648562215080629,0.3648562215080629,0.3648562215080629,0.003928796736539777,0.003928796736539777,0.003928796736539777,0.3609274247715231,0.3609274247715231,0.3609274247715231,0.0,0.0,0.0,23.81094676482164,23.678527771732377,1
1839,2022-03-21,23.349395270635135,17.02014430780763,30.811098844864404,23.349395270635135,23.349395270635135,0.5565188787123934,0.5565188787123934,0.5565188787123934,0.0630228396449797,0.0630228396449797,0.0630228396449797,0.4934960390674137,0.4934960390674137,0.4934960390674137,0.0,0.0,0.0,23.905914149347527,23.710304046525348,1
1840,2022-03-22,23.31716351307565,17.18440481778729,30.8030924817084,23.31716351307565,23.31716351307565,0.5661760328712766,0.5661760328712766,0.5661760328712766,0.04431353265986164,0.04431353265986164,0.04431353265986164,0.5218625002114149,0.5218625002114149,0.5218625002114149,0.0,0.0,0.0,23.883339545946924,23.74055089184463,1
1841,2022-03-23,23.284931755516162,16.79173357345829,30.633520058830346,23.284931755516162,23.284931755516162,0.5073915066975581,0.5073915066975581,0.5073915066975581,-0.033337252191264086,-0.033337252191264086,-0.033337252191264086,0.5407287588888222,0.5407287588888222,0.5407287588888222,0.0,0.0,0.0,23.79232326221372,23.767784920926786,1
1842,2022-03-24,23.252699997956693,16.865594923576342,31.00828410712581,23.252699997956693,23.252699997956693,0.5880148550246201,0.5880148550246201,0.5880148550246201,0.03864826539196412,0.03864826539196412,0.03864826539196412,0.549366589632656,0.549366589632656,0.549366589632656,0.0,0.0,0.0,23.840714852981314,23.790505399787968,1
1843,2022-03-25,23.220468240397206,17.30023035769997,30.344378721282283,23.220468240397206,23.220468240397206,0.5511540073332424,0.5511540073332424,0.5511540073332424,0.003928796736787337,0.003928796736787337,0.003928796736787337,0.547225210596455,0.547225210596455,0.547225210596455,0.0,0.0,0.0,23.77162224773045,23.80722807236251,-1
1844,2022-03-28,23.123772967718747,17.115949839457546,30.695770123776267,23.123772967718747,23.123772967718747,0.5365686337408956,0.5365686337408956,0.5365686337408956,0.06302283964499786,0.06302283964499786,0.06302283964499786,0.4735457940958977,0.4735457940958977,0.4735457940958977,0.0,0.0,0.0,23.660341601459642,23.797721926871844,-1
1845,2022-03-29,23.091541210159278,16.79763096591937,30.698246705434382,23.091541210159278,23.091541210159278,0.47104134015014093,0.47104134015014093,0.47104134015014093,0.04431353265970923,0.04431353265970923,0.04431353265970923,0.42672780749043165,0.42672780749043165,0.42672780749043165,0.0,0.0,0.0,23.56258255030942,23.77711085944577,-1
1846,2022-03-30,23.05930945259979,16.437908859498673,29.920383444058675,23.05930945259979,23.05930945259979,0.3360325503167539,0.3360325503167539,0.3360325503167539,-0.03333725219126623,-0.03333725219126623,-0.03333725219126623,0.3693698025080201,0.3693698025080201,0.3693698025080201,0.0,0.0,0.0,23.395342002916546,23.744477127388038,-1
1847,2022-03-31,23.027077695040305,16.112032252461095,30.380101512365837,23.027077695040305,23.027077695040305,0.3407640749610485,0.3407640749610485,0.3407640749610485,0.038648265391972,0.038648265391972,0.038648265391972,0.3021158095690765,0.3021158095690765,0.3021158095690765,0.0,0.0,0.0,23.367841770001352,23.699096874772852,-1
1848,2022-04-01,22.994845937480836,15.794072239855785,29.54803761539582,22.994845937480836,22.994845937480836,0.22971350578263014,0.22971350578263014,0.22971350578263014,0.003928796736734905,0.003928796736734905,0.003928796736734905,0.22578470904589523,0.22578470904589523,0.22578470904589523,0.0,0.0,0.0,23.224559443263466,23.640458142617035,-1
1849,2022-04-04,22.898150664802376,15.796160570899792,29.919886095506882,22.898150664802376,22.898150664802376,0.015730294420194784,0.015730294420194784,0.015730294420194784,0.06302283964513836,0.06302283964513836,0.06302283964513836,-0.04729254522494357,-0.04729254522494357,-0.04729254522494357,0.0,0.0,0.0,22.91388095922257,23.54125482360454,-1
1850,2022-04-05,22.865918907242907,15.730022207278134,29.05874771773163,22.865918907242907,22.865918907242907,-0.10468626765774613,-0.10468626765774613,-0.10468626765774613,0.044313532660011055,0.044313532660011055,0.044313532660011055,-0.14899980031775717,-0.14899980031775717,-0.14899980031775717,0.0,0.0,0.0,22.76123263958516,23.429044132968365,-1
1851,2022-04-06,22.83368714968339,16.309379715232843,29.596328991404963,22.83368714968339,22.83368714968339,-0.28720181014722557,-0.28720181014722557,-0.28720181014722557,-0.03333725219120011,-0.03333725219120011,-0.03333725219120011,-0.25386455795602547,-0.25386455795602547,-0.25386455795602547,0.0,0.0,0.0,22.54648533953616,23.304460340700608,-1
1852,2022-04-07,22.753257734292582,15.086843228189956,29.192816649893548,22.753257734292582,22.753257734292582,-0.3218870097215397,-0.3218870097215397,-0.3218870097215397,0.03864826539202535,0.03864826539202535,0.03864826539202535,-0.36053527511356503,-0.36053527511356503,-0.36053527511356503,0.0,0.0,0.0,22.431370724571043,23.16352592785958,-1
1853,2022-04-08,22.672828318901804,15.043701208915,28.555296041711152,22.672828318901804,22.672828318901804,-0.4637476958949123,-0.4637476958949123,-0.4637476958949123,0.003928796736682471,0.003928796736682471,0.003928796736682471,-0.46767649263159483,-0.46767649263159483,-0.46767649263159483,0.0,0.0,0.0,22.20908062300689,23.007271765387223,-1
1854,2022-04-11,22.431540072729348,14.548168919999426,28.265309864598187,22.431540072729348,22.431540072729348,-0.7164128948554321,-0.7164128948554321,-0.7164128948554321,0.06302283964527886,0.06302283964527886,0.06302283964527886,-0.779435734500711,-0.779435734500711,-0.779435734500711,0.0,0.0,0.0,21.715127177873917,22.812750323028652,-1
1855,2022-04-12,22.351110657338573,14.920594920496626,28.166521288340505,22.351110657338573,22.351110657338573,-0.8321351256106762,-0.8321351256106762,-0.8321351256106762,0.04431353265997701,0.04431353265997701,0.04431353265997701,-0.8764486582706531,-0.8764486582706531,-0.8764486582706531,0.0,0.0,0.0,21.518975531727897,22.6083896211705,-1
1856,2022-04-13,22.27068124194773,14.821857923802861,28.313422503123192,22.27068124194773,22.27068124194773,-1.0018205358486645,-1.0018205358486645,-1.0018205358486645,-0.03333725219131587,-0.03333725219131587,-0.03333725219131587,-0.9684832836573486,-0.9684832836573486,-0.9684832836573486,0.0,0.0,0.0,21.268860706099066,22.395741491488753,-1
1857,2022-04-14,22.190251826556956,14.193999236631285,27.438226234100437,22.190251826556956,22.190251826556956,-1.016203440740622,-1.016203440740622,-1.016203440740622,0.03864826539207871,0.03864826539207871,0.03864826539207871,-1.0548517061327005,-1.0548517061327005,-1.0548517061327005,0.0,0.0,0.0,21.174048385816334,22.17636215307025,-1
1858,2022-04-18,21.868534164993694,13.515021858069213,27.5379344325915,21.868534164993694,21.868534164993694,-1.2727798146646874,-1.2727798146646874,-1.2727798146646874,0.06302283964529701,0.06302283964529701,0.06302283964529701,-1.3358026543099846,-1.3358026543099846,-1.3358026543099846,0.0,0.0,0.0,20.595754350329006,21.913481643776805,-1
1859,2022-04-19,21.78810474960292,13.933502046713947,27.45442767587261,21.78810474960292,21.78810474960292,-1.3450931019126555,-1.3450931019126555,-1.3450931019126555,0.04431353265994298,0.04431353265994298,0.04431353265994298,-1.3894066345725984,-1.3894066345725984,-1.3894066345725984,0.0,0.0,0.0,20.443011647690263,21.666394712623575,-1
1860,2022-04-20,21.70767533421211,13.357382982736883,27.072233484023055,21.70767533421211,21.70767533421211,-1.4700300819997474,-1.4700300819997474,-1.4700300819997474,-0.03333725219124975,-0.03333725219124975,-0.03333725219124975,-1.4366928298084978,-1.4366928298084978,-1.4366928298084978,0.0,0.0,0.0,20.23764525221236,21.414035973886293,-1
1861,2022-04-21,21.627245918821302,13.60835589636604,26.66241351170541,21.627245918821302,21.627245918821302,-1.4394054635628586,-1.4394054635628586,-1.4394054635628586,0.03864826539189523,0.03864826539189523,0.03864826539189523,-1.478053728954754,-1.478053728954754,-1.478053728954754,0.0,0.0,0.0,20.187840455258442,21.17817148545852,-1
1862,2022-04-22,21.546816503430495,12.851011758798478,26.57094688685562,21.546816503430495,21.546816503430495,-1.5100465610742795,-1.5100465610742795,-1.5100465610742795,0.003928796736877601,0.003928796736877601,0.003928796736877601,-1.5139753578111572,-1.5139753578111572,-1.5139753578111572,0.0,0.0,0.0,20.036769942356216,20.938711407237037,-1
1863,2022-04-25,21.30552825725807,12.865113260080541,26.50558319330123,21.30552825725807,21.30552825725807,-1.531775459179401,-1.531775459179401,-1.531775459179401,0.06302283964531515,0.06302283964531515,0.06302283964531515,-1.5947982988247162,-1.5947982988247162,-1.5947982988247162,0.0,0.0,0.0,19.77375279807867,20.695178624744216,-1
1864,2022-04-26,21.22509884186726,12.451880198272928,26.852041810044717,21.22509884186726,21.22509884186726,-1.570416829377508,-1.570416829377508,-1.570416829377508,0.044313532660244806,0.044313532660244806,0.044313532660244806,-1.6147303620377529,-1.6147303620377529,-1.6147303620377529,0.0,0.0,0.0,19.654682012489754,20.4891341082058,-1
1865,2022-04-27,21.144669426476455,12.294825408491807,26.137635161709113,21.144669426476455,21.144669426476455,-1.6654145174471022,-1.6654145174471022,-1.6654145174471022,-0.03333725219127456,-0.03333725219127456,-0.03333725219127456,-1.6320772652558277,-1.6320772652558277,-1.6320772652558277,0.0,0.0,0.0,19.47925490902935,20.285162045935945,-1
1866,2022-04-28,21.064240011085648,12.117296385811688,26.566025928143073,21.064240011085648,21.064240011085648,-1.6086428004396696,-1.6086428004396696,-1.6086428004396696,0.0386482653919031,0.0386482653919031,0.0386482653919031,-1.6472910658315727,-1.6472910658315727,-1.6472910658315727,0.0,0.0,0.0,19.45559721064598,20.10383569639064,-1
1867,2022-04-29,20.983810595694838,12.174370179581807,26.150657150137945,20.983810595694838,20.983810595694838,-1.6567928605359108,-1.6567928605359108,-1.6567928605359108,0.0039287967368162105,0.0039287967368162105,0.0039287967368162105,-1.660721657272727,-1.660721657272727,-1.660721657272727,0.0,0.0,0.0,19.327017735158925,19.919132631324896,-1
1868,2022-05-02,20.742522349522414,12.1191731394318,25.83527758674191,20.742522349522414,20.742522349522414,-1.628840420721525,-1.628840420721525,-1.628840420721525,0.06302283964507997,0.06302283964507997,0.06302283964507997,-1.6918632603666048,-1.6918632603666048,-1.6918632603666048,0.0,0.0,0.0,19.11368192880089,19.770925389172085,-1
1869,2022-05-03,20.662092934131607,12.427922400742323,25.83294520265018,20.662092934131607,20.662092934131607,-1.6546498512588348,-1.6546498512588348,-1.6546498512588348,0.044313532660210764,0.044313532660210764,0.044313532660210764,-1.6989633839190457,-1.6989633839190457,-1.6989633839190457,0.0,0.0,0.0,19.007443082872772,19.627368532690333,-1
1870,2022-05-04,20.581663518740832,12.357666415084163,25.533385145161642,20.581663518740832,20.581663518740832,-1.7372479555401559,-1.7372479555401559,-1.7372479555401559,-0.03333725219120844,-0.03333725219120844,-0.03333725219120844,-1.7039107033489476,-1.7039107033489476,-1.7039107033489476,0.0,0.0,0.0,18.844415563200677,19.488045563789164,-1
1871,2022-05-05,20.50123410334999,11.556337526031355,25.974046795899817,20.50123410334999,20.50123410334999,-1.6675122945513716,-1.6675122945513716,-1.6675122945513716,0.03864826539200195,0.03864826539200195,0.03864826539200195,-1.7061605599433736,-1.7061605599433736,-1.7061605599433736,0.0,0.0,0.0,18.833721808798618,19.352633699143187,-1
1872,2022-05-06,20.420804687959183,11.915508010287061,25.385493480287384,20.420804687959183,20.420804687959183,-1.701093165560342,-1.701093165560342,-1.701093165560342,0.003928796736772751,0.003928796736772751,0.003928796736772751,-1.7050219622971148,-1.7050219622971148,-1.7050219622971148,0.0,0.0,0.0,18.719711522398843,19.22092785714745,-1
1873,2022-05-09,20.17951644178676,11.441970917752204,24.892101009814603,20.17951644178676,20.17951644178676,-1.6095193562672916,-1.6095193562672916,-1.6095193562672916,0.0630228396450981,0.0630228396450981,0.0630228396450981,-1.6725421959123896,-1.6725421959123896,-1.6725421959123896,0.0,0.0,0.0,18.569997085519468,19.10055228589153,-1
1874,2022-05-10,20.09908702639595,12.03222818587514,25.6142254251982,20.09908702639595,20.09908702639595,-1.6043655071496934,-1.6043655071496934,-1.6043655071496934,0.04431353266005835,0.04431353266005835,0.04431353266005835,-1.6486790398097517,-1.6486790398097517,-1.6486790398097517,0.0,0.0,0.0,18.494721519246255,18.98455623656718,-1
1875,2022-05-11,20.018657611005175,11.62725346785697,25.085898679655344,20.018657611005175,20.018657611005175,-1.6498463543808521,-1.6498463543808521,-1.6498463543808521,-0.033337252191233256,-0.033337252191233256,-0.033337252191233256,-1.6165091021896187,-1.6165091021896187,-1.6165091021896187,0.0,0.0,0.0,18.368811256624323,18.873511871326677,-1
1876,2022-05-12,19.938228195614336,11.363052148080223,25.416265552420008,19.938228195614336,19.938228195614336,-1.5363139466695401,-1.5363139466695401,-1.5363139466695401,0.03864826539200982,0.03864826539200982,0.03864826539200982,-1.57496221206155,-1.57496221206155,-1.57496221206155,0.0,0.0,0.0,18.401914248944795,18.768143575156557,-1
1877,2022-05-13,19.85779878022356,12.452523603082746,25.374212841377908,19.85779878022356,19.85779878022356,-1.5190925362271988,-1.5190925362271988,-1.5190925362271988,0.0039287967367113525,0.0039287967367113525,0.0039287967367113525,-1.52302133296391,-1.52302133296391,-1.52302133296391,0.0,0.0,0.0,18.338706243996363,18.6693124260403,-1
1878,2022-05-16,19.616510534051137,11.736571231139324,25.240554591899983,19.616510534051137,19.616510534051137,-1.2332145613890668,-1.2332145613890668,-1.2332145613890668,0.06302283964511625,0.06302283964511625,0.06302283964511625,-1.2962374010341833,-1.2962374010341833,-1.2962374010341833,0.0,0.0,0.0,18.383295972662072,18.59627383042642,-1
1879,2022-05-17,19.536081118660295,11.213983724058112,25.26879780498054,19.536081118660295,19.536081118660295,-1.1505786361265664,-1.1505786361265664,-1.1505786361265664,0.04431353266014269,0.04431353266014269,0.04431353266014269,-1.1948921687867091,-1.1948921687867091,-1.1948921687867091,0.0,0.0,0.0,18.385502482533727,18.534079770392516,-1
1880,2022-05-18,19.45565170326952,11.564972493102704,25.174101959860497,19.45565170326952,19.45565170326952,-1.113453749674132,-1.113453749674132,-1.113453749674132,-0.03333725219123541,-0.03333725219123541,-0.03333725219123541,-1.0801164974828963,-1.0801164974828963,-1.0801164974828963,0.0,0.0,0.0,18.342197953595388,18.483858009431984,-1
1881,2022-05-19,19.375222287878678,11.344552470960425,25.008243008844968,19.375222287878678,19.375222287878678,-0.9132785116006722,-0.9132785116006722,-0.9132785116006722,0.03864826539206318,0.03864826539206318,0.03864826539206318,-0.9519267769927353,-0.9519267769927353,-0.9519267769927353,0.0,0.0,0.0,18.461943776278005,18.446680206179924,1
1882,2022-05-20,19.294792872487903,11.508199421715403,25.01376821225021,19.294792872487903,19.294792872487903,-0.806669294743329,-0.806669294743329,-0.806669294743329,0.003928796736649964,0.003928796736649964,0.003928796736649964,-0.8105980914799791,-0.8105980914799791,-0.8105980914799791,0.0,0.0,0.0,18.488123577744574,18.423521411714496,1
1883,2022-05-23,19.05350462631548,11.636116825754456,25.583404708799648,19.05350462631548,19.05350462631548,-0.2515478115798761,-0.2515478115798761,-0.2515478115798761,0.06302283964500342,0.06302283964500342,0.06302283964500342,-0.31457065122487954,-0.31457065122487954,-0.31457065122487954,0.0,0.0,0.0,18.801956814735604,18.44671738463611,1
1884,2022-05-24,18.973075210924673,12.181892536573622,25.775338693679032,18.973075210924673,18.973075210924673,-0.08449969869895506,-0.08449969869895506,-0.08449969869895506,0.04431353265999028,0.04431353265999028,0.04431353265999028,-0.12881323135894532,-0.12881323135894532,-0.12881323135894532,0.0,0.0,0.0,18.888575512225717,18.486102783934058,1
1885,2022-05-25,18.892645795533863,11.97579564122473,26.084341002930486,18.892645795533863,18.892645795533863,0.031387810738568854,0.031387810738568854,0.031387810738568854,-0.03333725219126022,-0.03333725219126022,-0.03333725219126022,0.06472506292982907,0.06472506292982907,0.06472506292982907,0.0,0.0,0.0,18.92403360627243,18.541625018898866,1
1886,2022-05-26,18.812216380143024,12.241034360805084,25.714987067016132,18.812216380143024,18.812216380143024,0.30290433031432645,0.30290433031432645,0.30290433031432645,0.038648265391879696,0.038648265391879696,0.038648265391879696,0.26425606492244674,0.26425606492244674,0.26425606492244674,0.0,0.0,0.0,19.11512071045735,18.612945665050123,1
1887,2022-05-27,18.73178696475225,12.399334293371325,25.549882651343506,18.73178696475225,18.73178696475225,0.471740764987629,0.471740764987629,0.471740764987629,0.0039287967365975365,0.0039287967365975365,0.0039287967365975365,0.46781196825103144,0.46781196825103144,0.46781196825103144,0.0,0.0,0.0,19.20352772973988,18.699427813624474,1
1888,2022-05-31,18.410069303189015,12.400274333390735,26.698994914359936,18.410069303189015,18.410069303189015,1.3231927406257522,1.3231927406257522,1.3231927406257522,0.04431353265983787,0.04431353265983787,0.04431353265983787,1.2788792079659144,1.2788792079659144,1.2788792079659144,0.0,0.0,0.0,19.73326204381477,18.834424420739744,1
1889,2022-06-01,18.32963988779821,13.24258016279599,26.939119525617883,18.32963988779821,18.32963988779821,1.4362969050219476,1.4362969050219476,1.4362969050219476,-0.0333372521911941,-0.0333372521911941,-0.0333372521911941,1.4696341572131417,1.4696341572131417,1.4696341572131417,0.0,0.0,0.0,19.765936792820156,18.97246785176839,1
1890,2022-06-02,18.249210472407402,13.253743642757536,26.539991212171408,18.249210472407402,18.249210472407402,1.6898699362298755,1.6898699362298755,1.6898699362298755,0.03864826539193306,0.03864826539193306,0.03864826539193306,1.6512216708379426,1.6512216708379426,1.6512216708379426,0.0,0.0,0.0,19.939080408637277,19.132156097272578,1
1891,2022-06-03,18.16878105701659,13.138347547348332,26.592030069525585,18.16878105701659,18.16878105701659,1.8255915653942836,1.8255915653942836,1.8255915653942836,0.003928796736836125,0.003928796736836125,0.003928796736836125,1.8216627686574476,1.8216627686574476,1.8216627686574476,0.0,0.0,0.0,19.994372622410875,19.285398981885862,1
1892,2022-06-06,17.927492810844168,13.2461151126323,27.03513094677801,17.927492810844168,17.927492810844168,2.3124632523758866,2.3124632523758866,2.3124632523758866,0.0630228396450397,0.0630228396450397,0.0630228396450397,2.249440412730847,2.249440412730847,2.249440412730847,0.0,0.0,0.0,20.239956063220056,19.460582230433413,1
1893,2022-06-07,17.84706339545336,13.333248546679084,26.645661310174503,17.84706339545336,17.84706339545336,2.4042548586042267,2.4042548586042267,2.4042548586042267,0.044313532659803825,0.044313532659803825,0.044313532659803825,2.359941325944423,2.359941325944423,2.359941325944423,0.0,0.0,0.0,20.251318254057587,19.60551837436561,1
1894,2022-06-08,17.76663398006255,13.813875088051846,27.09000264884497,17.76663398006255,17.76663398006255,2.4197017148169193,2.4197017148169193,2.4197017148169193,-0.033337252191309855,-0.033337252191309855,-0.033337252191309855,2.4530389670082298,2.4530389670082298,2.4530389670082298,0.0,0.0,0.0,20.18633569487947,19.735294392630983,1
1895,2022-06-09,17.686204564671744,13.416920221979224,26.69246430027663,17.686204564671744,17.686204564671744,2.567070058522572,2.567070058522572,2.567070058522572,0.03864826539198642,0.03864826539198642,0.03864826539198642,2.5284217931305855,2.5284217931305855,2.5284217931305855,0.0,0.0,0.0,20.253274623194315,19.868218494323173,1
1896,2022-06-10,17.605775149280937,13.166045753630241,26.913735516656857,17.605775149280937,17.605775149280937,2.5900568658412606,2.5900568658412606,2.5900568658412606,0.0039287967367926556,0.0039287967367926556,0.0039287967367926556,2.586128069104468,2.586128069104468,2.586128069104468,0.0,0.0,0.0,20.1958320151222,19.97628962478966,1
1897,2022-06-13,17.364486903108514,12.7993488657976,26.5171076119657,17.364486903108514,17.364486903108514,2.721753367085076,2.721753367085076,2.721753367085076,0.06302283964505785,0.06302283964505785,0.06302283964505785,2.658730527440018,2.658730527440018,2.658730527440018,0.0,0.0,0.0,20.08624027019359,20.06456087883503,1
1898,2022-06-14,17.284057487717703,13.366960291757247,26.887924707472514,17.284057487717703,17.284057487717703,2.697196463819806,2.697196463819806,2.697196463819806,0.04431353265998729,0.04431353265998729,0.04431353265998729,2.6528829311598185,2.6528829311598185,2.6528829311598185,0.0,0.0,0.0,19.98125395153751,20.089360069607302,-1
1899,2022-06-15,17.203628072326897,13.485595142694466,26.831005511433705,17.203628072326897,17.203628072326897,2.60111279162506,2.60111279162506,2.60111279162506,-0.033337252191243734,-0.033337252191243734,-0.033337252191243734,2.6344500438163037,2.6344500438163037,2.6344500438163037,0.0,0.0,0.0,19.804740863951956,20.09324047672048,-1
1900,2022-06-16,17.12319865693609,12.985016546181011,26.051823101221174,17.12319865693609,17.12319865693609,2.643891958037016,2.643891958037016,2.643891958037016,0.03864826539203978,0.03864826539203978,0.03864826539203978,2.605243692644976,2.605243692644976,2.605243692644976,0.0,0.0,0.0,19.767090614973107,20.076041497354066,-1
1901,2022-06-17,17.04276924154528,12.44239811357412,26.514651990952338,17.04276924154528,17.04276924154528,2.5711729643314443,2.5711729643314443,2.5711729643314443,0.003928796736731263,0.003928796736731263,0.003928796736731263,2.5672441675947133,2.5672441675947133,2.5672441675947133,0.0,0.0,0.0,19.613942205876725,20.037998455700652,-1
1902,2022-06-21,16.72105157998205,12.367026326654596,26.339039714021315,16.72105157998205,16.72105157998205,2.4141204769474935,2.4141204769474935,2.4141204769474935,0.044313532660071625,0.044313532660071625,0.044313532660071625,2.3698069442874217,2.3698069442874217,2.3698069442874217,0.0,0.0,0.0,19.13517205692954,19.9275200550716,-1
1903,2022-06-22,16.640622164591242,12.84171747640618,25.766404999098846,16.640622164591242,16.640622164591242,2.286299841073574,2.286299841073574,2.286299841073574,-0.03333725219133682,-0.03333725219133682,-0.03333725219133682,2.319637093264911,2.319637093264911,2.319637093264911,0.0,0.0,0.0,18.926922005664817,19.795080430232325,-1
1904,2022-06-23,16.560192749200432,12.238411020650046,25.665570727049893,16.560192749200432,16.560192749200432,2.311663955324232,2.311663955324232,2.311663955324232,0.03864826539204764,0.03864826539204764,0.03864826539204764,2.2730156899321843,2.2730156899321843,2.2730156899321843,0.0,0.0,0.0,18.871856704524664,19.663632531196843,-1
1905,2022-06-24,16.479763333809625,12.105780747450927,25.527343785144584,16.479763333809625,16.479763333809625,2.2354851804482885,2.2354851804482885,2.2354851804482885,0.003928796736678835,0.003928796736678835,0.003928796736678835,2.2315563837116095,2.2315563837116095,2.2315563837116095,0.0,0.0,0.0,18.715248514257915,19.509829920303204,-1
1906,2022-06-27,16.238475087637234,11.419261719371537,25.122060190082202,16.238475087637234,16.238475087637234,2.2132078706206495,2.2132078706206495,2.2132078706206495,0.06302283964509414,0.06302283964509414,0.06302283964509414,2.1501850309755555,2.1501850309755555,2.1501850309755555,0.0,0.0,0.0,18.451682958257884,19.33541501461677,-1
1907,2022-06-28,16.158045672246395,11.777908116552775,25.443889842095693,16.158045672246395,16.158045672246395,2.1841310900413244,2.1841310900413244,2.1841310900413244,0.04431353265991921,0.04431353265991921,0.04431353265991921,2.139817557381405,2.139817557381405,2.139817557381405,0.0,0.0,0.0,18.34217676228772,19.161008663826184,-1
1908,2022-06-29,16.077616256855617,11.324273236155614,24.679325603119555,16.077616256855617,16.077616256855617,2.104834831916799,2.104834831916799,2.104834831916799,-0.033337252191270705,-0.033337252191270705,-0.033337252191270705,2.13817208410807,2.13817208410807,2.13817208410807,0.0,0.0,0.0,18.182451088772417,18.981128377549673,-1
1909,2022-06-30,15.997186841464778,11.138650672428737,24.734122586110356,15.997186841464778,15.997186841464778,2.1835669423412374,2.1835669423412374,2.1835669423412374,0.03864826539186417,0.03864826539186417,0.03864826539186417,2.144918676949373,2.144918676949373,2.144918676949373,0.0,0.0,0.0,18.180753783806015,18.81872966953508,-1
1910,2022-07-01,15.916757426074003,11.436954191810493,25.180460957753176,15.916757426074003,15.916757426074003,2.163306265108548,2.163306265108548,2.163306265108548,0.003928796736626406,0.003928796736626406,0.003928796736626406,2.1593774683719213,2.1593774683719213,2.1593774683719213,0.0,0.0,0.0,18.080063691182552,18.650026977156024,-1
1911,2022-07-05,15.595039764510737,11.241528747854233,24.32133079684763,15.595039764510737,15.595039764510737,2.31410253158009,2.31410253158009,2.31410253158009,0.04431353265988517,0.04431353265988517,0.04431353265988517,2.269788998920205,2.269788998920205,2.269788998920205,0.0,0.0,0.0,17.909142296090828,18.479546986177436,-1
1912,2022-07-06,15.514610349119963,10.610653786196247,24.484072192127666,15.514610349119963,15.514610349119963,2.268835165038352,2.268835165038352,2.268835165038352,-0.033337252191204585,-0.033337252191204585,-0.033337252191204585,2.3021724172295563,2.3021724172295563,2.3021724172295563,0.0,0.0,0.0,17.783445514158316,18.344374331900312,-1
1913,2022-07-07,15.434180933729122,11.302188006262517,24.60559640016138,15.434180933729122,15.434180933729122,2.3711469560245884,2.3711469560245884,2.3711469560245884,0.038648265391872036,0.038648265391872036,0.038648265391872036,2.3324986906327165,2.3324986906327165,2.3324986906327165,0.0,0.0,0.0,17.80532788975371,18.232214920309204,-1
1914,2022-07-08,15.353751518338347,10.47929986463524,24.576007508433786,15.353751518338347,15.353751518338347,2.362557623008076,2.362557623008076,2.362557623008076,0.003928796736573986,0.003928796736573986,0.003928796736573986,2.358628826271502,2.358628826271502,2.358628826271502,0.0,0.0,0.0,17.71630914134642,18.116660163991376,-1
1915,2022-07-11,15.112463272165924,10.42367773691695,24.1104232098337,15.112463272165924,15.112463272165924,2.454019182790273,2.454019182790273,2.454019182790273,0.06302283964499947,0.06302283964499947,0.06302283964499947,2.390996343145273,2.390996343145273,2.390996343145273,0.0,0.0,0.0,17.566482454956198,18.001783558061206,-1
1916,2022-07-12,15.032033856775081,10.099022673956233,24.571935258754664,15.032033856775081,15.032033856775081,2.424431383485765,2.424431383485765,2.424431383485765,0.04431353265985114,0.04431353265985114,0.04431353265985114,2.3801178508259144,2.3801178508259144,2.3801178508259144,0.0,0.0,0.0,17.456465240260847,17.902261786261505,-1
1917,2022-07-13,14.951604441384307,10.586912269936006,23.931726983615473,14.951604441384307,14.951604441384307,2.322424507195752,2.322424507195752,2.322424507195752,-0.03333725219132033,-0.03333725219132033,-0.03333725219132033,2.3557617593870726,2.3557617593870726,2.3557617593870726,0.0,0.0,0.0,17.27402894858006,17.79544700489074,-1
1918,2022-07-14,14.871175025993498,9.810429124375133,24.01553411377962,14.871175025993498,14.871175025993498,2.355413989041754,2.355413989041754,2.355413989041754,0.03864826539197088,0.03864826539197088,0.03864826539197088,2.316765723649783,2.316765723649783,2.316765723649783,0.0,0.0,0.0,17.226589015035252,17.69986079751702,-1
1919,2022-07-15,14.790745610602691,10.810847330300208,24.34416235759191,14.790745610602691,14.790745610602691,2.2662412791171422,2.2662412791171422,2.2662412791171422,0.0039287967365125905,0.0039287967365125905,0.0039287967365125905,2.2623124823806293,2.2623124823806293,2.2623124823806293,0.0,0.0,0.0,17.056986889719834,17.587484108108402,-1
1920,2022-07-18,14.549457364430268,9.63746124778324,23.45946657715034,14.549457364430268,14.549457364430268,2.0668725007409647,2.0668725007409647,2.0668725007409647,0.06302283964513995,0.06302283964513995,0.06302283964513995,2.003849661095825,2.003849661095825,2.003849661095825,0.0,0.0,0.0,16.61632986517123,17.44111072550727,-1
1921,2022-07-19,14.469027949039459,10.093200119335407,23.106270217923775,14.469027949039459,14.469027949039459,1.9315769210660512,1.9315769210660512,1.9315769210660512,0.04431353266015296,0.04431353266015296,0.04431353266015296,1.8872633884058982,1.8872633884058982,1.8872633884058982,0.0,0.0,0.0,16.40060487010551,17.290256982908737,-1
1922,2022-07-20,14.38859853364865,9.441494835286084,22.848404792611618,14.38859853364865,14.38859853364865,1.723794796456651,1.723794796456651,1.723794796456651,-0.03333725219125422,-0.03333725219125422,-0.03333725219125422,1.7571320486479052,1.7571320486479052,1.7571320486479052,0.0,0.0,0.0,16.112393330105302,17.12315176450344,-1
1923,2022-07-21,14.308169118257844,8.771904880663243,23.257286845478745,14.308169118257844,14.308169118257844,1.6537024255802026,1.6537024255802026,1.6537024255802026,0.03864826539197875,0.03864826539197875,0.03864826539197875,1.6150541601882238,1.6150541601882238,1.6150541601882238,0.0,0.0,0.0,15.961871543838047,16.93880612991187,-1
1924,2022-07-22,14.227739702867035,8.898794497964897,22.962756691487275,14.227739702867035,14.227739702867035,1.4669167469685538,1.4669167469685538,1.4669167469685538,0.003928796736760147,0.003928796736760147,0.003928796736760147,1.4629879502317937,1.4629879502317937,1.4629879502317937,0.0,0.0,0.0,15.69465644983559,16.736640860760787,-1
1925,2022-07-25,13.986451456694612,8.483618695294215,21.823579289670658,13.986451456694612,13.986451456694612,1.033946844128915,1.033946844128915,1.033946844128915,0.06302283964503574,0.06302283964503574,0.06302283964503574,0.9709240044838792,0.9709240044838792,0.9709240044838792,0.0,0.0,0.0,15.020398300823526,16.48203244534752,-1
1926,2022-07-26,13.906022041303803,7.97867358941799,21.42169955690262,13.906022041303803,13.906022041303803,0.8483936233908494,0.8483936233908494,0.8483936233908494,0.04431353266011893,0.04431353266011893,0.04431353266011893,0.8040800907307306,0.8040800907307306,0.8040800907307306,0.0,0.0,0.0,14.754415664694653,16.211827487790902,-1
1927,2022-07-27,13.825592625912995,7.661891183355477,21.21954734213647,13.825592625912995,13.825592625912995,0.6073864569369397,0.6073864569369397,0.6073864569369397,-0.03333725219125636,-0.03333725219125636,-0.03333725219125636,0.640723709128196,0.640723709128196,0.640723709128196,0.0,0.0,0.0,14.432979082849934,15.927722501217886,-1
1928,2022-07-28,13.74516321052222,7.46496885456898,20.968211262532986,13.74516321052222,13.74516321052222,0.5224950863772924,0.5224950863772924,0.5224950863772924,0.038648265391986625,0.038648265391986625,0.038648265391986625,0.48384682098530574,0.48384682098530574,0.48384682098530574,0.0,0.0,0.0,14.267658296899512,15.631829429404315,-1
1929,2022-07-29,13.66473379513138,7.261775325103017,20.857156711883803,13.66473379513138,13.66473379513138,0.34030280078844666,0.34030280078844666,0.34030280078844666,0.003928796736698752,0.003928796736698752,0.003928796736698752,0.33637400405174794,0.33637400405174794,0.33637400405174794,0.0,0.0,0.0,14.005036595919826,15.326634400024313,-1
1930,2022-08-01,13.423445548958956,6.6007866655009195,20.38711656516489,13.423445548958956,13.423445548958956,0.04011695745627354,0.04011695745627354,0.04011695745627354,0.06302283964517626,0.06302283964517626,0.06302283964517626,-0.022905882188902715,-0.022905882188902715,-0.022905882188902715,0.0,0.0,0.0,13.46356250641523,15.011357664148713,-1
1931,2022-08-02,13.343016133568147,6.362065636949002,20.086309878440918,13.343016133568147,13.343016133568147,-0.06305384721945904,-0.06305384721945904,-0.06305384721945904,0.04431353266008489,0.04431353266008489,0.04431353266008489,-0.10736737987954394,-0.10736737987954394,-0.10736737987954394,0.0,0.0,0.0,13.279962286348688,14.69929340577303,-1
1932,2022-08-03,13.262586718177372,6.217589799656754,20.187368423202724,13.262586718177372,13.262586718177372,-0.20459479288453486,-0.20459479288453486,-0.20459479288453486,-0.03333725219119024,-0.03333725219119024,-0.03333725219119024,-0.17125754069334462,-0.17125754069334462,-0.17125754069334462,0.0,0.0,0.0,13.057991925292837,14.393853265291785,-1
1933,2022-08-04,13.182157136183662,6.017556900841578,19.70084143926844,13.182157136183662,13.182157136183662,-0.17480231217451261,-0.17480231217451261,-0.17480231217451261,0.038648265392085476,0.038648265392085476,0.038648265392085476,-0.21345057756659808,-0.21345057756659808,-0.21345057756659808,0.0,0.0,0.0,13.007354824009148,14.098401593308896,-1
1934,2022-08-05,13.10172755418992,6.422534155951179,19.822421256958545,13.10172755418992,13.10172755418992,-0.22936255707857875,-0.22936255707857875,-0.22936255707857875,0.003928796736664247,0.003928796736664247,0.003928796736664247,-0.23329135381524302,-0.23329135381524302,-0.23329135381524302,0.0,0.0,0.0,12.87236499711134,13.816172448036468,-1
1935,2022-08-08,12.860438808208755,5.856576177975079,20.307488099998405,12.860438808208755,12.860438808208755,-0.09658304601787936,-0.09658304601787936,-0.09658304601787936,0.06302283964531676,0.06302283964531676,0.06302283964531676,-0.15960588566319608,-0.15960588566319608,-0.15960588566319608,0.0,0.0,0.0,12.763855762190875,13.590518194173205,-1
1936,2022-08-09,12.780009226215011,6.104701596535451,18.874595911065025,12.780009226215011,12.780009226215011,-0.04913588289456055,-0.04913588289456055,-0.04913588289456055,0.044313532659932486,0.044313532659932486,0.044313532659932486,-0.09344941555449303,-0.09344941555449303,-0.09344941555449303,0.0,0.0,0.0,12.73087334332045,13.388163962035785,-1
1937,2022-08-10,12.6995796442213,5.715811719225937,19.551350304250214,12.6995796442213,12.6995796442213,-0.04244306878605537,-0.04244306878605537,-0.04244306878605537,-0.03333725219121506,-0.03333725219121506,-0.03333725219121506,-0.009105816594840301,-0.009105816594840301,-0.009105816594840301,0.0,0.0,0.0,12.657136575435246,13.210579711294315,-1
1938,2022-08-11,12.61915006222759,6.06412511855936,19.529186164489115,12.61915006222759,12.61915006222759,0.1298447148658358,0.1298447148658358,0.1298447148658358,0.03864826539209334,0.03864826539209334,0.03864826539209334,0.09119644947374246,0.09119644947374246,0.09119644947374246,0.0,0.0,0.0,12.748994777093426,13.058713359313705,-1
1939,2022-08-12,12.538720480233847,5.788210161284725,19.800665482269842,12.538720480233847,12.538720480233847,0.20877779827768148,0.20877779827768148,0.20877779827768148,0.003928796736902843,0.003928796736902843,0.003928796736902843,0.20484900154077862,0.20484900154077862,0.20484900154077862,0.0,0.0,0.0,12.747498278511529,12.932959527572876,-1
1940,2022-08-15,12.297431734252683,6.720371518450445,20.329262571680566,12.297431734252683,12.297431734252683,0.6584045421466476,0.6584045421466476,0.6584045421466476,0.06302283964521255,0.06302283964521255,0.06302283964521255,0.5953817025014351,0.5953817025014351,0.5953817025014351,0.0,0.0,0.0,12.955836276399332,12.882186904571288,1
1941,2022-08-16,12.217002152258972,6.171392222330034,20.132010964738402,12.217002152258972,12.217002152258972,0.7752276910953533,0.7752276910953533,0.7752276910953533,0.04431353266001681,0.04431353266001681,0.04431353266001681,0.7309141584353366,0.7309141584353366,0.7309141584353366,0.0,0.0,0.0,12.992229843354325,12.853413660271851,1
1942,2022-08-17,12.13657257026523,5.989854753590783,19.702728548834262,12.13657257026523,12.13657257026523,0.829971366742455,0.829971366742455,0.829971366742455,-0.03333725219123988,-0.03333725219123988,-0.03333725219123988,0.8633086189336949,0.8633086189336949,0.8633086189336949,0.0,0.0,0.0,12.966543937007685,12.844268861443336,1
1943,2022-08-18,12.05614298827152,6.702389087900213,20.116275324373667,12.05614298827152,12.05614298827152,1.0277535499765948,1.0277535499765948,1.0277535499765948,0.03864826539190985,0.03864826539190985,0.03864826539190985,0.9891052845846849,0.9891052845846849,0.9891052845846849,0.0,0.0,0.0,13.083896538248114,12.85192303286723,1
1944,2022-08-19,11.975713406277775,5.911863338962655,20.132585808398744,11.975713406277775,11.975713406277775,1.1089049451432889,1.1089049451432889,1.1089049451432889,0.003928796736850412,0.003928796736850412,0.003928796736850412,1.1049761484064384,1.1049761484064384,1.1049761484064384,0.0,0.0,0.0,13.084618351421064,12.873148368298207,1
1945,2022-08-22,11.734424660296611,5.843710859657932,20.15619451097747,11.734424660296611,11.734424660296611,1.426335229943705,1.426335229943705,1.426335229943705,0.0630228396450997,0.0630228396450997,0.0630228396450997,1.3633123902986053,1.3633123902986053,1.3633123902986053,0.0,0.0,0.0,13.160759890240316,12.91283878110315,1
1946,2022-08-23,11.6539950783029,6.429950028035644,20.085252651715734,11.6539950783029,11.6539950783029,1.4557315459111224,1.4557315459111224,1.4557315459111224,0.044313532660200265,0.044313532660200265,0.044313532660200265,1.4114180132509222,1.4114180132509222,1.4114180132509222,0.0,0.0,0.0,13.109726624214023,12.950724109192507,1
1947,2022-08-24,11.573565496309158,6.3895555999284035,19.665018806727776,11.573565496309158,11.573565496309158,1.4040889627258706,1.4040889627258706,1.4040889627258706,-0.03333725219126469,-0.03333725219126469,-0.03333725219126469,1.4374262149171353,1.4374262149171353,1.4374262149171353,0.0,0.0,0.0,12.977654459035028,12.982775897552482,-1
1948,2022-08-25,11.49313591431548,5.86794159768986,19.405035487027824,11.49313591431548,11.49313591431548,1.4788394022979494,1.4788394022979494,1.4788394022979494,0.03864826539191772,0.03864826539191772,0.03864826539191772,1.4401911369060316,1.4401911369060316,1.4401911369060316,0.0,0.0,0.0,12.971975316613431,13.005073951504485,-1
1949,2022-08-26,11.412706332321736,5.738449111349991,19.7687757808903,11.412706332321736,11.412706332321736,1.4230107493582476,1.4230107493582476,1.4230107493582476,0.00392879673678902,0.00392879673678902,0.00392879673678902,1.4190819526214584,1.4190819526214584,1.4190819526214584,0.0,0.0,0.0,12.835717081679984,13.01389583182133,-1
1950,2022-08-29,11.171417586340572,5.782350247576696,19.23350749352904,11.171417586340572,11.171417586340572,1.2771447217179337,1.2771447217179337,1.2771447217179337,0.0630228396449955,0.0630228396449955,0.0630228396449955,1.2141218820729383,1.2141218820729383,1.2141218820729383,0.0,0.0,0.0,12.448562308058506,12.963168434987248,-1
1951,2022-08-30,11.090988004346862,5.490134153582294,18.916938459977164,11.090988004346862,11.090988004346862,1.1460308087423465,1.1460308087423465,1.1460308087423465,0.04431353266016623,0.04431353266016623,0.04431353266016623,1.1017172760821803,1.1017172760821803,1.1017172760821803,0.0,0.0,0.0,12.237018813089207,12.887647331960736,-1
1952,2022-08-31,11.01055842235312,5.436151850352995,18.67703527538841,11.01055842235312,11.01055842235312,0.9367084637081765,0.9367084637081765,0.9367084637081765,-0.033337252191198576,-0.033337252191198576,-0.033337252191198576,0.970045715899375,0.970045715899375,0.970045715899375,0.0,0.0,0.0,11.947266886061296,12.785719626866097,-1
1953,2022-09-01,10.930128840359409,5.264593595880834,18.095595600156212,10.930128840359409,10.930128840359409,0.8600669384654646,0.8600669384654646,0.8600669384654646,0.03864826539201657,0.03864826539201657,0.03864826539201657,0.8214186730734481,0.8214186730734481,0.8214186730734481,0.0,0.0,0.0,11.790195778824874,12.656349550923773,-1
1954,2022-09-02,10.849699258365664,4.177471086740962,18.216627916967315,10.849699258365664,10.849699258365664,0.6624344197152017,0.6624344197152017,0.6624344197152017,0.003928796736727637,0.003928796736727637,0.003928796736727637,0.6585056229784741,0.6585056229784741,0.6585056229784741,0.0,0.0,0.0,11.512133678080867,12.499101083589753,-1
1955,2022-09-06,10.52798093039079,3.277376704529568,17.73780882782083,10.52798093039079,10.52798093039079,-0.0294822051237992,-0.0294822051237992,-0.0294822051237992,0.044313532660013824,0.044313532660013824,0.044313532660013824,-0.07379573778381303,-0.07379573778381303,-0.07379573778381303,0.0,0.0,0.0,10.498498725266991,12.232874967092421,-1
1956,2022-09-07,10.447551348397047,3.474627351044653,17.006975481273003,10.447551348397047,10.447551348397047,-0.29364284814718805,-0.29364284814718805,-0.29364284814718805,-0.03333725219131434,-0.03333725219131434,-0.03333725219131434,-0.2603055959558737,-0.2603055959558737,-0.2603055959558737,0.0,0.0,0.0,10.153908500249859,11.937293154696004,-1
1957,2022-09-08,10.367121766403336,2.5942772720831035,16.858048741770638,10.367121766403336,10.367121766403336,-0.4028111891527076,-0.4028111891527076,-0.4028111891527076,0.038648265391833095,0.038648265391833095,0.038648265391833095,-0.44145945454454066,-0.44145945454454066,-0.44145945454454066,0.0,0.0,0.0,9.964310577250629,11.635958766517565,-1
1958,2022-09-09,10.286692184409594,3.073642270476275,16.545924627309546,10.286692184409594,10.286692184409594,-0.6101581582126477,-0.6101581582126477,-0.6101581582126477,0.00392879673668417,0.00392879673668417,0.00392879673668417,-0.614086954949332,-0.614086954949332,-0.614086954949332,0.0,0.0,0.0,9.676534026196945,11.306414637475916,-1
1959,2022-09-12,10.045403438428428,2.4581845381515732,16.028947586329565,10.045403438428428,10.045403438428428,-0.9898476046684965,-0.9898476046684965,-0.9898476046684965,0.06302283964515414,0.06302283964515414,0.06302283964515414,-1.0528704443136505,-1.0528704443136505,-1.0528704443136505,0.0,0.0,0.0,9.055555833759932,10.92839851268391,-1
1960,2022-09-13,9.96497385643472,1.7946195656822155,15.684027433169453,9.96497385643472,9.96497385643472,-1.120798697791703,-1.120798697791703,-1.120798697791703,0.04431353265986141,0.04431353265986141,0.04431353265986141,-1.1651122304515644,-1.1651122304515644,-1.1651122304515644,0.0,0.0,0.0,8.844175158643017,10.567959797742361,-1
1961,2022-09-14,9.884544274440975,1.7331547894241814,15.565757490392903,9.884544274440975,9.884544274440975,-1.290847379420151,-1.290847379420151,-1.290847379420151,-0.03333725219122554,-0.03333725219122554,-0.03333725219122554,-1.2575101272289253,-1.2575101272289253,-1.2575101272289253,0.0,0.0,0.0,8.593696895020823,10.203627605935523,-1
1962,2022-09-15,9.804114692447264,1.429486782406184,15.427122933959815,9.804114692447264,9.804114692447264,-1.2903795750328966,-1.2903795750328966,-1.2903795750328966,0.038648265391886455,0.038648265391886455,0.038648265391886455,-1.329027840424783,-1.329027840424783,-1.329027840424783,0.0,0.0,0.0,8.513735117414367,9.86027442907083,-1
1963,2022-09-16,9.723685110453522,1.8147729506149033,14.874783320423889,9.723685110453522,9.723685110453522,-1.3751683925689522,-1.3751683925689522,-1.3751683925689522,0.00392879673662277,0.00392879673662277,0.00392879673662277,-1.3790971893055752,-1.3790971893055752,-1.3790971893055752,0.0,0.0,0.0,8.34851671788457,9.5161065229768,-1
1964,2022-09-19,9.482396364472358,1.3352100761142454,14.817927074125242,9.482396364472358,9.482396364472358,-1.338910530627236,-1.338910530627236,-1.338910530627236,0.06302283964491896,0.06302283964491896,0.06302283964491896,-1.4019333702721548,-1.4019333702721548,-1.4019333702721548,0.0,0.0,0.0,8.143485833845121,9.179241738553227,-1
1965,2022-09-20,9.401966782478647,1.2745279118337478,14.687270730737099,9.401966782478647,9.401966782478647,-1.3254356970667256,-1.3254356970667256,-1.3254356970667256,0.04431353265994575,0.04431353265994575,0.04431353265994575,-1.3697492297266716,-1.3697492297266716,-1.3697492297266716,0.0,0.0,0.0,8.076531085411922,8.937044974567717,-1
1966,2022-09-21,9.321537200484903,1.5894593074863945,14.617052299224206,9.321537200484903,9.321537200484903,-1.3533409732255788,-1.3533409732255788,-1.3533409732255788,-0.033337252191250354,-0.033337252191250354,-0.033337252191250354,-1.3200037210343283,-1.3200037210343283,-1.3200037210343283,0.0,0.0,0.0,7.968196227259324,8.718473747268664,-1
1967,2022-09-22,9.241107618491192,1.111785296862554,14.58644600856431,9.241107618491192,9.241107618491192,-1.2159655330764274,-1.2159655330764274,-1.2159655330764274,0.038648265391894324,0.038648265391894324,0.038648265391894324,-1.2546137984683217,-1.2546137984683217,-1.2546137984683217,0.0,0.0,0.0,8.025142085414764,8.524556898085079,-1
1968,2022-09-23,9.16067803649745,1.437709930065499,15.357780304700244,9.16067803649745,9.16067803649745,-1.1718371863910413,-1.1718371863910413,-1.1718371863910413,0.0039287967365703395,0.0039287967365703395,0.0039287967365703395,-1.1757659831276117,-1.1757659831276117,-1.1757659831276117,0.0,0.0,0.0,7.988840850106408,8.355787580476024,-1
1969,2022-09-26,8.919389290516285,1.5667226326644534,14.924763773742383,8.919389290516285,8.919389290516285,-0.820062695437073,-0.820062695437073,-0.820062695437073,0.0630228396449371,0.0630228396449371,0.0630228396449371,-0.8830855350820102,-0.8830855350820102,-0.8830855350820102,0.0,0.0,0.0,8.099326595079212,8.260164656607952,-1
1970,2022-09-27,8.838959708522575,1.36062245957119,15.053577230369545,8.838959708522575,8.838959708522575,-0.7311576127094315,-0.7311576127094315,-0.7311576127094315,0.044313532659793334,0.044313532659793334,0.044313532659793334,-0.7754711453692248,-0.7754711453692248,-0.7754711453692248,0.0,0.0,0.0,8.107802095813144,8.186527350324965,-1
1971,2022-09-28,8.758530126528832,0.9312780137127852,14.973055624111446,8.758530126528832,8.758530126528832,-0.7004894771743614,-0.7004894771743614,-0.7004894771743614,-0.03333725219118424,-0.03333725219118424,-0.03333725219118424,-0.6671522249831772,-0.6671522249831772,-0.6671522249831772,0.0,0.0,0.0,8.05804064935447,8.13296172575833,-1
1972,2022-09-29,8.678100544535122,1.6579371674540928,15.050220280059955,8.678100544535122,8.678100544535122,-0.5219338838780476,-0.5219338838780476,-0.5219338838780476,0.038648265391947684,0.038648265391947684,0.038648265391947684,-0.5605821492699953,-0.5605821492699953,-0.5605821492699953,0.0,0.0,0.0,8.156166660657075,8.097204880082602,1
1973,2022-09-30,8.597670962541377,1.6453697491116828,14.482576673790742,8.597670962541377,8.597670962541377,-0.4541077088736066,-0.4541077088736066,-0.4541077088736066,0.003928796736817899,0.003928796736817899,0.003928796736817899,-0.4580365056104244,-0.4580365056104244,-0.4580365056104244,0.0,0.0,0.0,8.14356325366777,8.076709533660921,1
1974,2022-10-03,8.356382216560213,2.021094111765242,15.121400113015175,8.356382216560213,8.356382216560213,-0.13054927357178767,-0.13054927357178767,-0.13054927357178767,0.06302283964507761,0.06302283964507761,0.06302283964507761,-0.1935721132168653,-0.1935721132168653,-0.1935721132168653,0.0,0.0,0.0,8.225832942988426,8.08494424457525,1
1975,2022-10-04,8.275952634566503,1.128454394756001,14.86714374364559,8.275952634566503,8.275952634566503,-0.0803102435310325,-0.0803102435310325,-0.0803102435310325,0.04431353265975929,0.04431353265975929,0.04431353265975929,-0.1246237761907918,-0.1246237761907918,-0.1246237761907918,0.0,0.0,0.0,8.19564239103547,8.096855375137606,1
1976,2022-10-05,8.19552305257276,1.0577427141549147,14.895428863227876,8.19552305257276,8.19552305257276,-0.10015992730787483,-0.10015992730787483,-0.10015992730787483,-0.03333725219127732,-0.03333725219127732,-0.03333725219127732,-0.06682267511659751,-0.06682267511659751,-0.06682267511659751,0.0,0.0,0.0,8.095363125264885,8.109572064938163,-1
1977,2022-10-06,8.11509347057905,0.7546378359966908,14.798734829373581,8.11509347057905,8.11509347057905,0.01810507705402748,0.01810507705402748,0.01810507705402748,0.03864826539195555,0.03864826539195555,0.03864826539195555,-0.02054318833792807,-0.02054318833792807,-0.02054318833792807,0.0,0.0,0.0,8.133198547633077,8.120377711159993,1
1978,2022-10-07,8.034663888585305,1.4604675764880835,15.174900754897653,8.034663888585305,8.034663888585305,0.018141236084975115,0.018141236084975115,0.018141236084975115,0.003928796736765469,0.003928796736765469,0.003928796736765469,0.014212439348209647,0.014212439348209647,0.014212439348209647,0.0,0.0,0.0,8.05280512467028,8.126774138616382,-1
1979,2022-10-10,7.793375142604142,1.0099691321188078,14.222863737222042,7.793375142604142,7.793375142604142,0.11764233965979261,0.11764233965979261,0.11764233965979261,0.06302283964509575,0.06302283964509575,0.06302283964509575,0.05461950001469687,0.05461950001469687,0.05461950001469687,0.0,0.0,0.0,7.911017482263935,8.107943227334854,-1
1980,2022-10-11,7.712945560610431,0.34014798469599056,14.832811863804684,7.712945560610431,7.712945560610431,0.0944700905638132,0.0944700905638132,0.0944700905638132,0.044313532660061127,0.044313532660061127,0.044313532660061127,0.050156557903752064,0.050156557903752064,0.050156557903752064,0.0,0.0,0.0,7.807415651174245,8.077904582870962,-1
1981,2022-10-12,7.632515978616688,0.6397110838404145,14.548483621763156,7.632515978616688,7.632515978616688,0.005740358975145554,0.005740358975145554,0.005740358975145554,-0.03333725219130214,-0.03333725219130214,-0.03333725219130214,0.039077611166447694,0.039077611166447694,0.039077611166447694,0.0,0.0,0.0,7.638256337591834,8.0359261516947,-1
1982,2022-10-13,7.552086396622977,1.2578565948832194,14.306847071787983,7.552086396622977,7.552086396622977,0.061751868202115555,0.061751868202115555,0.061751868202115555,0.038648265392054404,0.038648265392054404,0.038648265392054404,0.02310360281006115,0.02310360281006115,0.02310360281006115,0.0,0.0,0.0,7.613838264825093,7.981693312111501,-1
1983,2022-10-14,7.4716568146293,1.1915783322402447,14.06629047824917,7.4716568146293,7.4716568146293,0.008020678121806237,0.008020678121806237,0.008020678121806237,0.003928796736704073,0.003928796736704073,0.003928796736704073,0.004091881385102163,0.004091881385102163,0.004091881385102163,0.0,0.0,0.0,7.479677492751106,7.915304736019836,-1
1984,2022-10-17,7.230368068648103,0.472807940948816,14.243188854079088,7.230368068648103,7.230368068648103,0.011314139339977089,0.011314139339977089,0.011314139339977089,0.06302283964523626,0.06302283964523626,0.06302283964523626,-0.051708700305259175,-0.051708700305259175,-0.051708700305259175,0.0,0.0,0.0,7.24168220798808,7.8168896625198006,-1
1985,2022-10-18,7.149938486654393,-0.002299511752852537,13.844553652165523,7.149938486654393,7.149938486654393,-0.019191413065513523,-0.019191413065513523,-0.019191413065513523,0.044313532660027084,0.044313532660027084,0.044313532660027084,-0.0635049457255406,-0.0635049457255406,-0.0635049457255406,0.0,0.0,0.0,7.130747073588879,7.710400130775142,-1
1986,2022-10-19,7.069508904660649,0.28236820715704014,13.709628879172087,7.069508904660649,7.069508904660649,-0.10227611006859763,-0.10227611006859763,-0.10227611006859763,-0.03333725219132696,-0.03333725219132696,-0.03333725219132696,-0.06893885787727068,-0.06893885787727068,-0.06893885787727068,0.0,0.0,0.0,6.967232794592052,7.597587097707857,-1
1987,2022-10-20,6.989079322666939,-0.3875273129043648,13.53732162265886,6.989079322666939,6.989079322666939,-0.027831785301582534,-0.027831785301582534,-0.027831785301582534,0.03864826539206227,0.03864826539206227,0.03864826539206227,-0.06648005069364481,-0.06648005069364481,-0.06648005069364481,0.0,0.0,0.0,6.961247537365356,7.480391996681087,-1
1988,2022-10-21,6.908649740673228,-0.18159402335443625,13.670739378062079,6.908649740673228,6.908649740673228,-0.05089394252794485,-0.05089394252794485,-0.05089394252794485,0.003928796736651647,0.003928796736651647,0.003928796736651647,-0.05482273926459649,-0.05482273926459649,-0.05482273926459649,0.0,0.0,0.0,6.857755798145283,7.360887064028586,-1
1989,2022-10-24,6.667360994692031,0.23342085313455235,13.4967117512716,6.667360994692031,6.667360994692031,0.10736205972673525,0.10736205972673525,0.10736205972673525,0.06302283964513204,0.06302283964513204,0.06302283964513204,0.04433922008160322,0.04433922008160322,0.04433922008160322,0.0,0.0,0.0,6.774723054418766,7.24725762124407,-1
1990,2022-10-25,6.586931412698321,-0.14100820296650368,13.82592643855509,6.586931412698321,6.586931412698321,0.14458989018530727,0.14458989018530727,0.14458989018530727,0.04431353265987467,0.04431353265987467,0.04431353265987467,0.10027635752543261,0.10027635752543261,0.10027635752543261,0.0,0.0,0.0,6.731521302883628,7.139668186415008,-1
1991,2022-10-26,6.506501830704577,-0.17655697929920078,13.325364724642263,6.506501830704577,6.506501830704577,0.13426179154843418,0.13426179154843418,0.13426179154843418,-0.03333725219126084,-0.03333725219126084,-0.03333725219126084,0.167599043739695,0.167599043739695,0.167599043739695,0.0,0.0,0.0,6.6407636222530115,7.039918914881126,-1
1992,2022-10-27,6.426072248710867,0.4640938246484811,13.613577811118967,6.426072248710867,6.426072248710867,0.28443983815119944,0.28443983815119944,0.28443983815119944,0.03864826539187879,0.03864826539187879,0.03864826539187879,0.2457915727593207,0.2457915727593207,0.2457915727593207,0.0,0.0,0.0,6.710512086862066,6.9495862970848234,-1
1993,2022-10-28,6.345642666717157,0.5360375444953875,13.844272929344347,6.345642666717157,6.345642666717157,0.337959096259506,0.337959096259506,0.337959096259506,0.003928796736590251,0.003928796736590251,0.003928796736590251,0.33403029952291574,0.33403029952291574,0.33403029952291574,0.0,0.0,0.0,6.683601762976663,6.869978724107378,-1
1994,2022-10-31,6.104353920735959,0.17226547062601502,13.783498734074607,6.104353920735959,6.104353920735959,0.7096545963469292,0.7096545963469292,0.7096545963469292,0.06302283964527254,0.06302283964527254,0.06302283964527254,0.6466317567016566,0.6466317567016566,0.6466317567016566,0.0,0.0,0.0,6.814008517082888,6.82721135501686,-1
1995,2022-11-01,6.0239243387422485,-0.012088513076397904,13.693586844197439,6.0239243387422485,6.0239243387422485,0.8058062593450273,0.8058062593450273,0.8058062593450273,0.04431353266029487,0.04431353266029487,0.04431353266029487,0.7614927266847323,0.7614927266847323,0.7614927266847323,0.0,0.0,0.0,6.829730598087275,6.797109707466698,1
1996,2022-11-02,5.943494756748506,-0.22341381079170464,13.77640088053341,5.943494756748506,5.943494756748506,0.8452426029176722,0.8452426029176722,0.8452426029176722,-0.03333725219119471,-0.03333725219119471,-0.03333725219119471,0.8785798551088668,0.8785798551088668,0.8785798551088668,0.0,0.0,0.0,6.788737359666178,6.779260163974111,1
1997,2022-11-03,5.863065174754795,0.08098976268143646,13.830097574832893,5.863065174754795,5.863065174754795,1.034497056590951,1.034497056590951,1.034497056590951,0.03864826539193215,0.03864826539193215,0.03864826539193215,0.9958487911990189,0.9958487911990189,0.9958487911990189,0.0,0.0,0.0,6.897562231345747,6.77289163337215,1
1998,2022-11-04,5.782635592761085,0.6249216357503982,14.08749660927053,5.782635592761085,5.782635592761085,1.115127476029458,1.115127476029458,1.115127476029458,0.003928796736546793,0.003928796736546793,0.003928796736546793,1.1111986792929112,1.1111986792929112,1.1111986792929112,0.0,0.0,0.0,6.8977630687905425,6.776892360436676,1
1999,2022-11-07,5.541346846779888,0.28511800835517526,13.860293587243076,5.541346846779888,5.541346846779888,1.4878946646145472,1.4878946646145472,1.4878946646145472,0.06302283964503735,0.06302283964503735,0.06302283964503735,1.42487182496951,1.42487182496951,1.42487182496951,0.0,0.0,0.0,7.029241511394435,6.802344206134244,1
2000,2022-11-08,5.460917264786177,0.12084588925424222,14.289549017789133,5.460917264786177,5.460917264786177,1.5563659167904438,1.5563659167904438,1.5563659167904438,0.044313532660142464,0.044313532660142464,0.044313532660142464,1.5120523841303013,1.5120523841303013,1.5120523841303013,0.0,0.0,0.0,7.017283181576621,6.8309203940035434,1
2001,2022-11-09,5.380487682792434,0.18829945554387836,13.580024949154991,5.380487682792434,5.380487682792434,1.5542473918894935,1.5542473918894935,1.5542473918894935,-0.03333725219121953,-0.03333725219121953,-0.03333725219121953,1.587584644080713,1.587584644080713,1.587584644080713,0.0,0.0,0.0,6.934735074681927,6.860317539246435,1
2002,2022-11-10,5.300058100798723,0.6152883802889612,13.917985185683062,5.300058100798723,5.300058100798723,1.6886190250451496,1.6886190250451496,1.6886190250451496,0.03864826539198551,0.03864826539198551,0.03864826539198551,1.6499707596531639,1.6499707596531639,1.6499707596531639,0.0,0.0,0.0,6.988677125843873,6.888134043144615,1
2003,2022-11-11,5.219628518805013,-0.03321076667337281,13.410652748511927,5.219628518805013,5.219628518805013,1.7018702133302226,1.7018702133302226,1.7018702133302226,0.003928796736485405,0.003928796736485405,0.003928796736485405,1.6979414165937372,1.6979414165937372,1.6979414165937372,0.0,0.0,0.0,6.921498732135236,6.911923740060471,1
2004,2022-11-14,4.978339772823816,-0.29957173988252406,13.028486474223135,4.978339772823816,4.978339772823816,1.8095648766194188,1.8095648766194188,1.8095648766194188,0.0630228396450555,0.0630228396450555,0.0630228396450555,1.7465420369743634,1.7465420369743634,1.7465420369743634,0.0,0.0,0.0,6.7879046494432345,6.909313353296507,-1
2005,2022-11-15,4.897910190830105,-0.13342538761252878,13.462716965906175,4.897910190830105,4.897910190830105,1.77372725250186,1.77372725250186,1.77372725250186,0.04431353266022679,0.04431353266022679,0.04431353266022679,1.7294137198416333,1.7294137198416333,1.7294137198416333,0.0,0.0,0.0,6.671637443331965,6.893504037820977,-1
2006,2022-11-16,4.817480608836395,0.08716745734697388,13.551733081011054,4.817480608836395,4.817480608836395,1.6622104641356783,1.6622104641356783,1.6622104641356783,-0.03333725219124435,-0.03333725219124435,-0.03333725219124435,1.6955477163269226,1.6955477163269226,1.6955477163269226,0.0,0.0,0.0,6.479691072972074,6.862599409151565,-1
2007,2022-11-17,4.737051026842652,-0.3771222520867162,13.32754097245284,4.737051026842652,4.737051026842652,1.6839628327929586,1.6839628327929586,1.6839628327929586,0.03864826539199337,0.03864826539199337,0.03864826539199337,1.6453145674009653,1.6453145674009653,1.6453145674009653,0.0,0.0,0.0,6.42101385963561,6.8149445719805515,-1
2008,2022-11-18,4.656621444848941,-0.35728807512950944,13.070266019706317,4.656621444848941,4.656621444848941,1.5832730518093752,1.5832730518093752,1.5832730518093752,0.003928796736741921,0.003928796736741921,0.003928796736741921,1.5793442550726333,1.5793442550726333,1.5793442550726333,0.0,0.0,0.0,6.239894496658316,6.74915771476733,-1
2009,2022-11-21,4.415332698867744,-1.3344553077967451,13.005891598607562,4.415332698867744,4.415332698867744,1.3597889178424298,1.3597889178424298,1.3597889178424298,0.06302283964507364,0.06302283964507364,0.06302283964507364,1.2967660781973565,1.2967660781973565,1.2967660781973565,0.0,0.0,0.0,5.775121616710174,6.623745725298903,-1
2010,2022-11-22,4.334903116874034,-1.714768123267011,12.182407269075137,4.334903116874034,4.334903116874034,1.2228843392547901,1.2228843392547901,1.2228843392547901,0.044313532660074394,0.044313532660074394,0.044313532660074394,1.178570806594716,1.178570806594716,1.178570806594716,0.0,0.0,0.0,5.557787456128824,6.477796152754124,-1
2011,2022-11-23,4.254473534880323,-1.4634980508584006,12.096643541518077,4.254473534880323,4.254473534880323,1.017524145425226,1.017524145425226,1.017524145425226,-0.033337252191246496,-0.033337252191246496,-0.033337252191246496,1.0508613976164725,1.0508613976164725,1.0508613976164725,0.0,0.0,0.0,5.2719976803055495,6.311522413316486,-1
2012,2022-11-25,4.093614370892903,-2.38967414817544,11.483809053946253,4.093614370892903,4.093614370892903,0.7774793929238238,0.7774793929238238,0.7774793929238238,0.0039287967366805265,0.0039287967366805265,0.0039287967366805265,0.7735505961871434,0.7735505961871434,0.7735505961871434,0.0,0.0,0.0,4.871093763816726,6.099764077113771,-1
2013,2022-11-28,4.610543498953366,-2.1584849529091015,12.254449661976906,4.610543498953366,4.610543498953366,0.3915635545252641,0.3915635545252641,0.3915635545252641,0.06302283964483846,0.06302283964483846,0.06302283964483846,0.32854071488042563,0.32854071488042563,0.32854071488042563,0.0,0.0,0.0,5.00210705347863,5.907824909248111,-1
2014,2022-11-29,4.782853208306809,-1.551952073300285,11.87340953303405,4.782853208306809,4.782853208306809,0.22345344275885795,0.22345344275885795,0.22345344275885795,0.04431353266004035,0.04431353266004035,0.04431353266004035,0.17913991009881758,0.17913991009881758,0.17913991009881758,0.0,0.0,0.0,5.0063066510656675,5.7296651094103535,-1
2015,2022-11-30,4.955162917660319,-2.161543454254921,11.580754556590186,4.955162917660319,4.955162917660319,-0.0015557718853070042,-0.0015557718853070042,-0.0015557718853070042,-0.033337252191180375,-0.033337252191180375,-0.033337252191180375,0.03178148030587337,0.03178148030587337,0.03178148030587337,0.0,0.0,0.0,4.9536071457750115,5.557862079654659,-1
2016,2022-12-01,5.127472627013828,-1.6952236240585188,12.107647658084897,5.127472627013828,5.127472627013828,-0.07351015053146648,-0.07351015053146648,-0.07351015053146648,0.038648265392054605,0.038648265392054605,0.038648265392054605,-0.1121584159235211,-0.1121584159235211,-0.1121584159235211,0.0,0.0,0.0,5.053962476482362,5.415289220005688,-1
2017,2022-12-02,5.299782336367272,-2.2702081457565617,11.720275508847283,5.299782336367272,5.299782336367272,-0.24751526099273854,-0.24751526099273854,-0.24751526099273854,0.003928796736628092,0.003928796736628092,0.003928796736628092,-0.2514440577293666,-0.2514440577293666,-0.2514440577293666,0.0,0.0,0.0,5.052267075374534,5.278414541579579,-1
2018,2022-12-05,5.816711464427801,-1.7354971906491483,12.117814263368528,5.816711464427801,5.816711464427801,-0.5683829813370164,-0.5683829813370164,-0.5683829813370164,0.0630228396448566,0.0630228396448566,0.0630228396448566,-0.6314058209818729,-0.6314058209818729,-0.6314058209818729,0.0,0.0,0.0,5.248328483090784,5.1792579402228265,1
2019,2022-12-06,5.989021173781245,-1.7925953384263107,12.428254213153615,5.989021173781245,5.989021173781245,-0.6986420712133903,-0.6986420712133903,-0.6986420712133903,0.04431353265988794,0.04431353265988794,0.04431353265988794,-0.7429556038732783,-0.7429556038732783,-0.7429556038732783,0.0,0.0,0.0,5.290379102567854,5.130783688808594,1
2020,2022-12-07,6.1613308831346885,-1.0130654721606438,12.078700530481525,6.1613308831346885,6.1613308831346885,-0.8794882859523054,-0.8794882859523054,-0.8794882859523054,-0.03333725219129613,-0.03333725219129613,-0.03333725219129613,-0.8461510337610093,-0.8461510337610093,-0.8461510337610093,0.0,0.0,0.0,5.281842597182383,5.103189202913951,1
2021,2022-12-08,6.333640592488198,-1.682083379112096,12.005267246369728,6.333640592488198,6.333640592488198,-0.9021172689196881,-0.9021172689196881,-0.9021172689196881,0.03864826539210797,0.03864826539210797,0.03864826539210797,-0.9407655343117961,-0.9407655343117961,-0.9407655343117961,0.0,0.0,0.0,5.43152332356851,5.1191417672402455,1
2022,2022-12-09,6.505950301841642,-1.4328358145763727,12.002662559577828,6.505950301841642,6.505950301841642,-1.0228034766915588,-1.0228034766915588,-1.0228034766915588,0.003928796736875652,0.003928796736875652,0.003928796736875652,-1.0267322734284345,-1.0267322734284345,-1.0267322734284345,0.0,0.0,0.0,5.483146825150083,5.180347073373582,1
2023,2022-12-12,7.02287942990217,-1.1133452529649184,12.375817974351923,7.02287942990217,7.02287942990217,-1.1712004574835047,-1.1712004574835047,-1.1712004574835047,0.06302283964499711,0.06302283964499711,0.06302283964499711,-1.2342232971285017,-1.2342232971285017,-1.2342232971285017,0.0,0.0,0.0,5.851678972418666,5.265304265267585,1
2024,2022-12-13,7.195189139255614,-0.4302128793060787,13.1014461003515,7.195189139255614,7.195189139255614,-1.2433749560739282,-1.2433749560739282,-1.2433749560739282,0.044313532659853896,0.044313532659853896,0.044313532659853896,-1.287688488733782,-1.287688488733782,-1.287688488733782,0.0,0.0,0.0,5.9518141831816855,5.3598550184791875,1
2025,2022-12-14,7.367498848609058,-0.7780936575791602,12.585870664428699,7.367498848609058,7.367498848609058,-1.3674416178363442,-1.3674416178363442,-1.3674416178363442,-0.03333725219123001,-0.03333725219123001,-0.03333725219123001,-1.334104365645114,-1.334104365645114,-1.334104365645114,0.0,0.0,0.0,6.000057230772714,5.464500026978958,1
2026,2022-12-15,7.5398085579625675,-0.3796900359848851,13.298860031386836,7.5398085579625675,7.5398085579625675,-1.335413789119992,-1.335413789119992,-1.335413789119992,0.03864826539196997,0.03864826539196997,0.03864826539196997,-1.3740620545119617,-1.3740620545119617,-1.3740620545119617,0.0,0.0,0.0,6.204394768842576,5.579543256214978,1
2027,2022-12-16,7.712118267316011,-0.28799018153639366,12.767298221429051,7.712118267316011,7.712118267316011,-1.404272619221221,-1.404272619221221,-1.404272619221221,0.003928796736823226,0.003928796736823226,0.003928796736823226,-1.408201415958044,-1.408201415958044,-1.408201415958044,0.0,0.0,0.0,6.307845648094791,5.705101113487005,1
2028,2022-12-19,8.229047395376474,0.20103217210257077,13.075529135789965,8.229047395376474,8.229047395376474,-1.4194506472366386,-1.4194506472366386,-1.4194506472366386,0.0630228396448929,0.0630228396448929,0.0630228396448929,-1.4824734868815317,-1.4824734868815317,-1.4824734868815317,0.0,0.0,0.0,6.809596748139835,5.86122793999191,1
2029,2022-12-20,8.401357104729984,0.49311240626810665,13.9325673591043,8.401357104729984,8.401357104729984,-1.455799062883408,-1.455799062883408,-1.455799062883408,0.04431353266015573,0.04431353266015573,0.04431353266015573,-1.5001125955435637,-1.5001125955435637,-1.5001125955435637,0.0,0.0,0.0,6.945558041846576,6.026745833919781,1
2030,2022-12-21,8.573666814083428,-0.22724476980790786,14.014939609728573,8.573666814083428,8.573666814083428,-1.548616169387026,-1.548616169387026,-1.548616169387026,-0.03333725219125483,-0.03333725219125483,-0.03333725219125483,-1.515278917195771,-1.515278917195771,-1.515278917195771,0.0,0.0,0.0,7.025050644696401,6.2010666386711835,1
2031,2022-12-22,8.745976523437003,0.020297697449129057,14.584414623354816,8.745976523437003,8.745976523437003,-1.489923069743482,-1.489923069743482,-1.489923069743482,0.03864826539197784,0.03864826539197784,0.03864826539197784,-1.52857133513546,-1.52857133513546,-1.52857133513546,0.0,0.0,0.0,7.256053453693521,6.383519651683685,1
2032,2022-12-23,8.918286232790447,0.37858933033057934,14.04926473322382,8.918286232790447,8.918286232790447,-1.5366108654141344,-1.5366108654141344,-1.5366108654141344,0.0039287967367618295,0.0039287967367618295,0.0039287967367618295,-1.5405396621508962,-1.5405396621508962,-1.5405396621508962,0.0,0.0,0.0,7.381675367376312,6.573372505906308,1
2033,2022-12-27,9.607525070204353,1.3710411235766824,15.246366011449096,9.607525070204353,9.607525070204353,-1.5397713593860787,-1.5397713593860787,-1.5397713593860787,0.04431353266012169,0.04431353266012169,0.04431353266012169,-1.5840848920462003,-1.5840848920462003,-1.5840848920462003,0.0,0.0,0.0,8.067753710818275,6.794979979746269,1
2034,2022-12-28,9.779834779557863,1.2518779885679796,15.197819794730872,9.779834779557863,9.779834779557863,-1.628878607561777,-1.628878607561777,-1.628878607561777,-0.0333372521911887,-0.0333372521911887,-0.0333372521911887,-1.5955413553705884,-1.5955413553705884,-1.5955413553705884,0.0,0.0,0.0,8.150956171996086,7.014894178627709,1
2035,2022-12-29,9.952144488911372,1.5566199484490615,15.087828502266605,9.952144488911372,9.952144488911372,-1.5689992244069688,-1.5689992244069688,-1.5689992244069688,0.03864826539203121,0.03864826539203121,0.03864826539203121,-1.6076474897989999,-1.6076474897989999,-1.6076474897989999,0.0,0.0,0.0,8.383145264504403,7.253202982000877,1
2036,2022-12-30,10.124454198264816,1.645011541382209,15.394114238743642,10.124454198264816,10.124454198264816,-1.616566990989575,-1.616566990989575,-1.616566990989575,0.003928796736718372,0.003928796736718372,0.003928796736718372,-1.6204957877262935,-1.6204957877262935,-1.6204957877262935,0.0,0.0,0.0,8.50788720727524,7.483552225844145,1
2037,2023-01-03,10.813693035678789,2.3810905730633563,15.503619818096237,10.813693035678789,10.813693035678789,-1.6346797501027517,-1.6346797501027517,-1.6346797501027517,0.04431353265996929,0.04431353265996929,0.04431353265996929,-1.678993282762721,-1.678993282762721,-1.678993282762721,0.0,0.0,0.0,9.179013285576037,7.770668989592268,1
2038,2023-01-04,10.986002745032232,2.522850593495301,16.372509207597187,10.986002745032232,10.986002745032232,-1.7281669360898035,-1.7281669360898035,-1.7281669360898035,-0.03333725219121353,-0.03333725219121353,-0.03333725219121353,-1.6948296838985901,-1.6948296838985901,-1.6948296838985901,0.0,0.0,0.0,9.25783580894243,8.015492895672528,1
2039,2023-01-05,11.158312454385742,2.4073278883807947,15.992464981984101,11.158312454385742,11.158312454385742,-1.6721098867137643,-1.6721098867137643,-1.6721098867137643,0.03864826539180223,0.03864826539180223,0.03864826539180223,-1.7107581521055666,-1.7107581521055666,-1.7107581521055666,0.0,0.0,0.0,9.486202567671977,8.269557348255068,1
2040,2023-01-06,11.330622163739186,2.5599969365433366,16.871939941303964,11.330622163739186,11.330622163739186,-1.7225845901517778,-1.7225845901517778,-1.7225845901517778,0.003928796736656979,0.003928796736656979,0.003928796736656979,-1.726513386888435,-1.726513386888435,-1.726513386888435,0.0,0.0,0.0,9.608037573587408,8.527856041144169,1
2041,2023-01-09,11.847551291799649,2.798938784283082,17.217591723909617,11.847551291799649,11.847551291799649,-1.7066383959831843,-1.7066383959831843,-1.7066383959831843,0.06302283964519205,0.06302283964519205,0.06302283964519205,-1.7696612356283763,-1.7696612356283763,-1.7696612356283763,0.0,0.0,0.0,10.140912895816465,8.816341985356463,1
2042,2023-01-10,12.019861001153158,3.4068817043263286,17.198718797044087,12.019861001153158,12.019861001153158,-1.7372292662616258,-1.7372292662616258,-1.7372292662616258,0.04431353266005361,0.04431353266005361,0.04431353266005361,-1.7815427989216792,-1.7815427989216792,-1.7815427989216792,0.0,0.0,0.0,10.282631734891533,9.106437622107986,1
2043,2023-01-11,12.192170710506602,3.0449009627188954,17.122323116400803,12.192170710506602,12.192170710506602,-1.824915699404974,-1.824915699404974,-1.824915699404974,-0.033337252191306614,-0.033337252191306614,-0.033337252191306614,-1.7915784472136673,-1.7915784472136673,-1.7915784472136673,0.0,0.0,0.0,10.367255011101628,9.336387752136321,1
2044,2023-01-12,12.364480419860111,3.9115319325355298,17.700534582776143,12.364480419860111,12.364480419860111,-1.7607560956301511,-1.7607560956301511,-1.7607560956301511,0.03864826539190108,0.03864826539190108,0.03864826539190108,-1.7994043610220523,-1.7994043610220523,-1.7994043610220523,0.0,0.0,0.0,10.60372432422996,9.581664567359708,1
2045,2023-01-13,12.536790129213555,4.171965777807721,17.413192152490666,12.536790129213555,12.536790129213555,-1.8007317266143459,-1.8007317266143459,-1.8007317266143459,0.003928796736595583,0.003928796736595583,0.003928796736595583,-1.8046605233509416,-1.8046605233509416,-1.8046605233509416,0.0,0.0,0.0,10.736058402599209,9.81695588116919,1
2046,2023-01-17,13.226028966627528,4.025096898966489,18.109620643984357,13.226028966627528,13.226028966627528,-1.7489423350539544,-1.7489423350539544,-1.7489423350539544,0.04431353265990119,0.04431353265990119,0.04431353265990119,-1.7932558677138557,-1.7932558677138557,-1.7932558677138557,0.0,0.0,0.0,11.477086631573574,10.113875823599022,1
2047,2023-01-18,13.398338675980972,5.060608251167434,18.828011678771436,13.398338675980972,13.398338675980972,-1.8141539901154076,-1.8141539901154076,-1.8141539901154076,-0.03333725219133143,-0.03333725219133143,-0.03333725219133143,-1.7808167379240765,-1.7808167379240765,-1.7808167379240765,0.0,0.0,0.0,11.584184685865564,10.354392963627976,1
2048,2023-01-19,13.570648385334481,5.222174483300379,18.572062199875027,13.570648385334481,13.570648385334481,-1.7254170156212842,-1.7254170156212842,-1.7254170156212842,0.03864826539190895,0.03864826539190895,0.03864826539190895,-1.7640652810131932,-1.7640652810131932,-1.7640652810131932,0.0,0.0,0.0,11.845231369713197,10.61313251970505,1
2049,2023-01-20,13.74295809468799,4.766327356061931,19.157165777968117,13.74295809468799,13.74295809468799,-1.7389084815092295,-1.7389084815092295,-1.7389084815092295,0.003928796736543149,0.003928796736543149,0.003928796736543149,-1.7428372782457728,-1.7428372782457728,-1.7428372782457728,0.0,0.0,0.0,12.004049613178761,10.86491722425573,1
2050,2023-01-23,14.259887222748388,5.092429804223676,19.460694684443173,14.259887222748388,14.259887222748388,-1.5884332778498313,-1.5884332778498313,-1.5884332778498313,0.063022839644975,0.063022839644975,0.063022839644975,-1.6514561174948066,-1.6514561174948066,-1.6514561174948066,0.0,0.0,0.0,12.671453944898555,11.171258861386844,1
2051,2023-01-24,14.432196932101897,6.180399698549278,19.682738592821686,14.432196932101897,14.432196932101897,-1.567471781359619,-1.567471781359619,-1.567471781359619,0.04431353265974879,0.04431353265974879,0.04431353265974879,-1.611785314019368,-1.611785314019368,-1.611785314019368,0.0,0.0,0.0,12.864725150742277,11.443640086879427,1
2052,2023-01-25,14.604506641455341,5.99630540990034,19.882327676330313,14.604506641455341,14.604506641455341,-1.6010214200504993,-1.6010214200504993,-1.6010214200504993,-0.03333725219126531,-0.03333725219126531,-0.03333725219126531,-1.5676841678592344,-1.5676841678592344,-1.5676841678592344,0.0,0.0,0.0,13.003485221404842,11.715725435530757,1
2053,2023-01-26,14.776816350808918,6.420955453943861,20.336897669778487,14.776816350808918,14.776816350808918,-1.4807130254303813,-1.4807130254303813,-1.4807130254303813,0.03864826539196232,0.03864826539196232,0.03864826539196232,-1.5193612908223435,-1.5193612908223435,-1.5193612908223435,0.0,0.0,0.0,13.296103325378537,12.008610266958447,1
2054,2023-01-27,14.949126060162362,6.980505024686414,20.52361256576654,14.949126060162362,14.949126060162362,-1.4631670869462667,-1.4631670869462667,-1.4631670869462667,0.0039287967367817485,0.0039287967367817485,0.0039287967367817485,-1.4670958836830488,-1.4670958836830488,-1.4670958836830488,0.0,0.0,0.0,13.485958973216094,12.29683373185706,1
2055,2023-01-30,15.466055188222757,7.5268272791976285,21.170745809061437,15.466055188222757,15.466055188222757,-1.2274467788098344,-1.2274467788098344,-1.2274467788098344,0.0630228396451155,0.0630228396451155,0.0630228396451155,-1.29046961845495,-1.29046961845495,-1.29046961845495,0.0,0.0,0.0,14.238608409412922,12.647088732538432,1
2056,2023-01-31,15.638364897576334,8.204016693848182,21.505607604768166,15.638364897576334,15.638364897576334,-1.182267172867603,-1.182267172867603,-1.182267172867603,0.04431353265971476,0.04431353265971476,0.04431353265971476,-1.226580705527318,-1.226580705527318,-1.226580705527318,0.0,0.0,0.0,14.456097724708732,12.944989841851946,1
2057,2023-02-01,15.810674606929778,7.900224478579725,21.378125099492895,15.810674606929778,15.810674606929778,-1.1944623083356536,-1.1944623083356536,-1.1944623083356536,-0.03333725219126745,-0.03333725219126745,-0.03333725219126745,-1.1611250561443858,-1.1611250561443858,-1.1611250561443858,0.0,0.0,0.0,14.616212298594125,13.248192603124803,1
2058,2023-02-02,15.982984316283288,8.369255871412292,21.882609454520328,15.982984316283288,15.982984316283288,-1.0560874967696028,-1.0560874967696028,-1.0560874967696028,0.038648265392015664,0.038648265392015664,0.038648265392015664,-1.0947357621616185,-1.0947357621616185,-1.0947357621616185,0.0,0.0,0.0,14.926896819513685,13.556359148104855,1
2059,2023-02-03,16.15529402563673,8.521891426824299,21.94773563155043,16.15529402563673,16.15529402563673,-1.0241496019390484,-1.0241496019390484,-1.0241496019390484,0.003928796736738282,0.003928796736738282,0.003928796736738282,-1.0280783986757867,-1.0280783986757867,-1.0280783986757867,0.0,0.0,0.0,15.131144423697684,13.869068629156747,1
2060,2023-02-06,16.672223153697193,8.973227023738165,22.84737258813153,16.672223153697193,16.672223153697193,-0.770366161224837,-0.770366161224837,-0.770366161224837,0.06302283964513365,0.06302283964513365,0.06302283964513365,-0.8333890008699706,-0.8333890008699706,-0.8333890008699706,0.0,0.0,0.0,15.901856992472355,14.192108933914124,1
2061,2023-02-07,16.844532863050702,9.469233352547162,22.613002725174482,16.844532863050702,16.844532863050702,-0.7282214627437028,-0.7282214627437028,-0.7282214627437028,0.044313532659898215,0.044313532659898215,0.044313532659898215,-0.772534995403601,-0.772534995403601,-0.772534995403601,0.0,0.0,0.0,16.116311400306998,14.5172675588706,1
2062,2023-02-08,17.016842572404148,9.498890041509505,23.220176584326516,17.016842572404148,17.016842572404148,-0.748122192180375,-0.748122192180375,-0.748122192180375,-0.03333725219120134,-0.03333725219120134,-0.03333725219120134,-0.7147849399891737,-0.7147849399891737,-0.7147849399891737,0.0,0.0,0.0,16.268720380223773,14.843791074752492,1
2063,2023-02-09,17.189152281757657,9.346872216063417,23.481735379326427,17.189152281757657,17.189152281757657,-0.6220743087211709,-0.6220743087211709,-0.6220743087211709,0.038648265392069024,0.038648265392069024,0.038648265392069024,-0.6607225741132398,-0.6607225741132398,-0.6607225741132398,0.0,0.0,0.0,16.567077973036486,15.170888539518284,1
2064,2023-02-10,17.3614619911111,9.996374975948376,23.46676436410139,17.3614619911111,17.3614619911111,-0.6069385028157952,-0.6069385028157952,-0.6069385028157952,0.003928796736676892,0.003928796736676892,0.003928796736676892,-0.6108672995524721,-0.6108672995524721,-0.6108672995524721,0.0,0.0,0.0,16.754523488295305,15.497744991026206,1
2065,2023-02-13,17.878391119171564,10.32103946405991,24.059693036462814,17.878391119171564,17.878391119171564,-0.42747097192591155,-0.42747097192591155,-0.42747097192591155,0.06302283964515178,0.06302283964515178,0.06302283964515178,-0.4904938115710633,-0.4904938115710633,-0.4904938115710633,0.0,0.0,0.0,17.450920147245654,15.818976164809479,1
2066,2023-02-14,18.050700828525073,10.510052137568506,24.493195180498407,18.050700828525073,18.050700828525073,-0.41660835361253334,-0.41660835361253334,-0.41660835361253334,0.04431353266010092,0.04431353266010092,0.04431353266010092,-0.4609218862726343,-0.4609218862726343,-0.4609218862726343,0.0,0.0,0.0,17.63409247491254,16.13677563982986,1
2067,2023-02-15,18.223010537878515,11.280861489086819,24.900408139408466,18.223010537878515,18.223010537878515,-0.4700957107409265,-0.4700957107409265,-0.4700957107409265,-0.033337252191317085,-0.033337252191317085,-0.033337252191317085,-0.4367584585496094,-0.4367584585496094,-0.4367584585496094,0.0,0.0,0.0,17.752914827137587,16.450445892684208,1
2068,2023-02-16,18.39532024723196,11.003317772602303,24.92518293029568,18.39532024723196,18.39532024723196,-0.3792550708455952,-0.3792550708455952,-0.3792550708455952,0.0386482653920769,0.0386482653920769,0.0386482653920769,-0.41790333623767206,-0.41790333623767206,-0.41790333623767206,0.0,0.0,0.0,18.016065176386366,16.759362728371475,1
2069,2023-02-17,18.567629956585535,11.166978306399045,24.999951240258213,18.567629956585535,18.567629956585535,-0.4002046224049637,-0.4002046224049637,-0.4002046224049637,0.003928796736624456,0.003928796736624456,0.003928796736624456,-0.4041334191415881,-0.4041334191415881,-0.4041334191415881,0.0,0.0,0.0,18.16742533418057,17.062990819419763,1
2070,2023-02-21,19.25686879399944,12.253380912473876,25.530202907447663,19.25686879399944,19.25686879399944,-0.34700475408252046,-0.34700475408252046,-0.34700475408252046,0.0443135326599485,0.0443135326599485,0.0443135326599485,-0.39131828674246893,-0.39131828674246893,-0.39131828674246893,0.0,0.0,0.0,18.909864039916922,17.36379152416422,1
2071,2023-02-22,19.429178503352887,11.75780850137136,25.844278067876502,19.429178503352887,19.429178503352887,-0.4289482965019946,-0.4289482965019946,-0.4289482965019946,-0.03333725219125097,-0.03333725219125097,-0.03333725219125097,-0.39561104431074356,-0.39561104431074356,-0.39561104431074356,0.0,0.0,0.0,19.000230206850894,17.65218340481861,1
2072,2023-02-23,19.601488212706396,12.353444387434292,25.860861510497323,19.601488212706396,19.601488212706396,-0.3627256352534449,-0.3627256352534449,-0.3627256352534449,0.038648265391893415,0.038648265391893415,0.038648265391893415,-0.4013739006453384,-0.4013739006453384,-0.4013739006453384,0.0,0.0,0.0,19.238762577452952,17.94918762454153,1
2073,2023-02-24,19.773797922059906,12.234882059103496,26.338502492278014,19.773797922059906,19.773797922059906,-0.40380897912579583,-0.40380897912579583,-0.40380897912579583,0.00392879673687202,0.00392879673687202,0.00392879673687202,-0.40773777586266785,-0.40773777586266785,-0.40773777586266785,0.0,0.0,0.0,19.36998894293411,18.229478721531287,1
2074,2023-02-27,20.290727050120303,12.945768826505448,26.901184435500177,20.290727050120303,20.290727050120303,-0.35842864474316277,-0.35842864474316277,-0.35842864474316277,0.06302283964531044,0.06302283964531044,0.06302283964531044,-0.42145148438847324,-0.42145148438847324,-0.42145148438847324,0.0,0.0,0.0,19.93229840537714,18.54725621323947,1
2075,2023-02-28,20.463036759473876,13.18704718332995,27.169942488854698,20.463036759473876,20.463036759473876,-0.37698304078004713,-0.37698304078004713,-0.37698304078004713,0.04431353266025034,0.04431353266025034,0.04431353266025034,-0.4212965734402975,-0.4212965734402975,-0.4212965734402975,0.0,0.0,0.0,20.08605371869383,18.81076957038429,1
2076,2023-03-01,20.635346468827322,13.247514167463807,26.790810069848806,20.635346468827322,20.635346468827322,-0.4507612799804085,-0.4507612799804085,-0.4507612799804085,-0.03333725219118485,-0.03333725219118485,-0.03333725219118485,-0.41742402778922366,-0.41742402778922366,-0.41742402778922366,0.0,0.0,0.0,20.184585188846913,19.06581884177773,1
2077,2023-03-02,20.807656178180764,13.479358322005703,27.41336078992231,20.807656178180764,20.807656178180764,-0.37048827433001413,-0.37048827433001413,-0.37048827433001413,0.03864826539190128,0.03864826539190128,0.03864826539190128,-0.4091365397219154,-0.4091365397219154,-0.4091365397219154,0.0,0.0,0.0,20.43716790385075,19.33424414944904,1
2078,2023-03-03,20.979965887534274,13.822453092580684,27.06572888018148,20.979965887534274,20.979965887534274,-0.39191499619613845,-0.39191499619613845,-0.39191499619613845,0.003928796736819594,0.003928796736819594,0.003928796736819594,-0.395843792932958,-0.395843792932958,-0.395843792932958,0.0,0.0,0.0,20.588050891338135,19.591442720944222,1
2079,2023-03-06,21.49689501559474,14.550547128939675,28.064825180326316,21.49689501559474,21.49689501559474,-0.25899251352232744,-0.25899251352232744,-0.25899251352232744,0.06302283964507527,0.06302283964507527,0.06302283964507527,-0.3220153531674027,-0.3220153531674027,-0.3220153531674027,0.0,0.0,0.0,21.237902502072412,19.898490437733408,1
2080,2023-03-07,21.669204724948248,14.363500193131673,28.012728269141494,21.669204724948248,21.669204724948248,-0.24123058362446026,-0.24123058362446026,-0.24123058362446026,0.04431353266009793,0.04431353266009793,0.04431353266009793,-0.28554411628455817,-0.28554411628455817,-0.28554411628455817,0.0,0.0,0.0,21.427974141323787,20.150301447874092,1
2081,2023-03-08,21.84151443430169,14.270928090868725,28.361383861218393,21.84151443430169,21.84151443430169,-0.27662103452961795,-0.27662103452961795,-0.27662103452961795,-0.033337252191300605,-0.033337252191300605,-0.033337252191300605,-0.24328378233831735,-0.24328378233831735,-0.24328378233831735,0.0,0.0,0.0,21.56489339977207,20.406767767166208,1
2082,2023-03-09,22.013824143655135,14.754833414985407,28.556638771498942,22.013824143655135,22.013824143655135,-0.15692899609801417,-0.15692899609801417,-0.15692899609801417,0.038648265392000135,0.038648265392000135,0.038648265392000135,-0.19557726149001434,-0.19557726149001434,-0.19557726149001434,0.0,0.0,0.0,21.856895147557122,20.668581024176625,1
2083,2023-03-10,22.186133853008645,15.104201213237051,28.555809601155268,22.186133853008645,22.186133853008645,-0.13900887917489207,-0.13900887917489207,-0.13900887917489207,0.00392879673676716,0.00392879673676716,0.00392879673676716,-0.14293767591165923,-0.14293767591165923,-0.14293767591165923,0.0,0.0,0.0,22.047124973833753,20.93629462726659,1
2084,2023-03-13,22.703062981069106,16.016588763752335,29.858879379630284,22.703062981069106,22.703062981069106,0.10009434319085278,0.10009434319085278,0.10009434319085278,0.06302283964509339,0.06302283964509339,0.06302283964509339,0.037071503545759395,0.037071503545759395,0.037071503545759395,0.0,0.0,0.0,22.80315732425996,21.223380519154876,1
2085,2023-03-14,22.87537269042262,16.264096589281973,29.38909212821743,22.87537269042262,22.87537269042262,0.1455543007684197,0.1455543007684197,0.1455543007684197,0.044313532660063895,0.044313532660063895,0.044313532660063895,0.10124076810835578,0.10124076810835578,0.10124076810835578,0.0,0.0,0.0,23.02092699119104,21.516867846404594,1
2086,2023-03-15,23.04768239977606,16.25983488707452,30.061070335408488,23.04768239977606,23.04768239977606,0.13227652044765986,0.13227652044765986,0.13227652044765986,-0.033337252191234484,-0.033337252191234484,-0.033337252191234484,0.16561377263889437,0.16561377263889437,0.16561377263889437,0.0,0.0,0.0,23.179958920223722,21.816405219542276,1
2087,2023-03-16,23.219992109129503,17.06546747514935,30.4493248517198,23.219992109129503,23.219992109129503,0.26759185637897176,0.26759185637897176,0.26759185637897176,0.038648265392008004,0.038648265392008004,0.038648265392008004,0.22894359098696376,0.22894359098696376,0.22894359098696376,0.0,0.0,0.0,23.487583965508474,22.12144682570805,1
2088,2023-03-17,23.39230181848308,16.77873653568381,30.654299611711174,23.39230181848308,23.39230181848308,0.2938701490195216,0.2938701490195216,0.2938701490195216,0.003928796736714728,0.003928796736714728,0.003928796736714728,0.2899413522828068,0.2899413522828068,0.2899413522828068,0.0,0.0,0.0,23.686171967502602,22.431258933324493,1
2089,2023-03-20,23.909230946543477,18.039931150252222,31.42648104949798,23.909230946543477,23.909230946543477,0.5090661995815579,0.5090661995815579,0.5090661995815579,0.06302283964498918,0.06302283964498918,0.06302283964498918,0.44604335993656863,0.44604335993656863,0.44604335993656863,0.0,0.0,0.0,24.418297146125035,22.749298397729756,1
2090,2023-03-21,24.08154065589692,17.832700984173773,31.99811650786663,24.08154065589692,24.08154065589692,0.5293343320345981,0.5293343320345981,0.5293343320345981,0.04431353266002985,0.04431353266002985,0.04431353266002985,0.48502079937456827,0.48502079937456827,0.48502079937456827,0.0,0.0,0.0,24.610874987931517,23.067588482390526,1
2091,2023-03-22,24.25385036525043,17.744793728586885,31.439539480323877,24.25385036525043,24.25385036525043,0.4822921782989078,0.4822921782989078,0.4822921782989078,-0.03333725219123663,-0.03333725219123663,-0.03333725219123663,0.5156294304901445,0.5156294304901445,0.5156294304901445,0.0,0.0,0.0,24.736142543549338,23.384713396768255,1
2092,2023-03-23,24.42616007460394,18.51658783454692,31.509040549794683,24.42616007460394,24.42616007460394,0.5755938332822755,0.5755938332822755,0.5755938332822755,0.03864826539201587,0.03864826539201587,0.03864826539201587,0.5369455678902596,0.5369455678902596,0.5369455678902596,0.0,0.0,0.0,25.001753907886215,23.699199272801167,1
2093,2023-03-24,24.59846978395745,18.291222549371458,31.97645380291864,24.59846978395745,24.59846978395745,0.5521281465022878,0.5521281465022878,0.5521281465022878,0.003928796736653343,0.003928796736653343,0.003928796736653343,0.5481993497656344,0.5481993497656344,0.5481993497656344,0.0,0.0,0.0,25.15059793045974,24.009546568463765,1
2094,2023-03-27,25.115398912017845,19.095460611627164,32.845262084300806,25.115398912017845,25.115398912017845,0.5795963642140447,0.5795963642140447,0.5795963642140447,0.06302283964487636,0.06302283964487636,0.06302283964487636,0.5165735245691683,0.5165735245691683,0.5165735245691683,0.0,0.0,0.0,25.69499527623189,24.298730363660958,1
2095,2023-03-28,25.28770862137129,19.131111008106817,32.887848046081615,25.28770862137129,25.28770862137129,0.5278593872561634,0.5278593872561634,0.5278593872561634,0.04431353265999582,0.04431353265999582,0.04431353265999582,0.48354585459616767,0.48354585459616767,0.48354585459616767,0.0,0.0,0.0,25.815568008627455,24.5781944654046,1
2096,2023-03-29,25.460018330724868,19.003309340217072,32.915685391964445,25.460018330724868,25.460018330724868,0.4061042600283609,0.4061042600283609,0.4061042600283609,-0.033337252191170515,-0.033337252191170515,-0.033337252191170515,0.4394415122195314,0.4394415122195314,0.4394415122195314,0.0,0.0,0.0,25.86612259075323,24.84681083245755,1
2097,2023-03-30,25.63232804007831,19.146097297103232,33.592972543296746,25.63232804007831,25.63232804007831,0.42331359537492985,0.42331359537492985,0.42331359537492985,0.03864826539187788,0.03864826539187788,0.03864826539187788,0.384665329983052,0.384665329983052,0.384665329983052,0.0,0.0,0.0,26.055641635453238,25.103616599452025,1
2098,2023-03-31,25.80463774943182,19.367499068100727,33.153860459679265,25.80463774943182,25.80463774943182,0.32374389127156417,0.32374389127156417,0.32374389127156417,0.003928796736609872,0.003928796736609872,0.003928796736609872,0.31981509453495427,0.31981509453495427,0.31981509453495427,0.0,0.0,0.0,26.128381640703385,25.347837566772107,1
2099,2023-04-03,26.321566877492216,19.507237078776495,32.810129338370515,26.321566877492216,26.321566877492216,0.13639235196763255,0.13639235196763255,0.13639235196763255,0.0630228396448945,0.0630228396448945,0.0630228396448945,0.07336951232273806,0.07336951232273806,0.07336951232273806,0.0,0.0,0.0,26.45795922945985,25.551803775105586,1
2100,2023-04-04,26.493876586845726,19.692483811733194,32.97892416681501,26.493876586845726,26.493876586845726,0.02179705899559635,0.02179705899559635,0.02179705899559635,0.044313532659843405,0.044313532659843405,0.044313532659843405,-0.02251647366424706,-0.02251647366424706,-0.02251647366424706,0.0,0.0,0.0,26.51567364584132,25.742283640896567,1
2101,2023-04-05,26.666186296199236,19.736909441205505,32.763845625444716,26.666186296199236,26.666186296199236,-0.15656152069903992,-0.15656152069903992,-0.15656152069903992,-0.033337252191195335,-0.033337252191195335,-0.033337252191195335,-0.12322426850784461,-0.12322426850784461,-0.12322426850784461,0.0,0.0,0.0,26.509624775500196,25.91963186409165,1
2102,2023-04-06,26.83849600555268,19.789033334208664,33.39407173261706,26.83849600555268,26.83849600555268,-0.18877803549762856,-0.18877803549762856,-0.18877803549762856,0.03864826539188575,0.03864826539188575,0.03864826539188575,-0.2274263008895143,-0.2274263008895143,-0.2274263008895143,0.0,0.0,0.0,26.649717970055054,26.084428270308536,1
2103,2023-04-10,27.52773484296665,19.71544411491893,33.8977014603614,27.52773484296665,27.52773484296665,-0.5894476625325789,-0.5894476625325789,-0.5894476625325789,0.063022839645035,0.063022839645035,0.063022839645035,-0.6524705021776138,-0.6524705021776138,-0.6524705021776138,0.0,0.0,0.0,26.938287180434074,26.26319719530597,1
2104,2023-04-11,27.700044552320097,19.715948782006556,33.735813233342085,27.700044552320097,27.700044552320097,-0.7101868997421398,-0.7101868997421398,-0.7101868997421398,0.04431353265992774,0.04431353265992774,0.04431353265992774,-0.7545004324020675,-0.7545004324020675,-0.7545004324020675,0.0,0.0,0.0,26.989857652577957,26.392683432940572,1
2105,2023-04-12,27.872354261673607,19.593095686431152,33.538222511254,27.872354261673607,27.872354261673607,-0.8859689708707817,-0.8859689708707817,-0.8859689708707817,-0.03333725219122014,-0.03333725219122014,-0.03333725219122014,-0.8526317186795617,-0.8526317186795617,-0.8526317186795617,0.0,0.0,0.0,26.986385290802826,26.50976516115811,1
2106,2023-04-13,28.04466397102705,20.386017016013724,34.478891685654396,28.04466397102705,28.04466397102705,-0.9073334946013778,-0.9073334946013778,-0.9073334946013778,0.0386482653919846,0.0386482653919846,0.0386482653919846,-0.9459817599933623,-0.9459817599933623,-0.9459817599933623,0.0,0.0,0.0,27.13733047642567,26.63688594972536,1
2107,2023-04-14,28.21697368038056,20.65821227848721,33.98473061130027,28.21697368038056,28.21697368038056,-1.0298934134710593,-1.0298934134710593,-1.0298934134710593,0.003928796736796033,0.003928796736796033,0.003928796736796033,-1.0338222102078554,-1.0338222102078554,-1.0338222102078554,0.0,0.0,0.0,27.1870802669095,26.750029812870984,1
2108,2023-04-17,28.733902808441023,20.084597794386212,34.51934294783813,28.733902808441023,28.733902808441023,-1.196483858275849,-1.196483858275849,-1.196483858275849,0.06302283964517551,0.06302283964517551,0.06302283964517551,-1.2595066979210243,-1.2595066979210243,-1.2595066979210243,0.0,0.0,0.0,27.537418950165176,26.890933543817162,1
2109,2023-04-18,28.906212517794465,20.709216574795075,34.71268746044031,28.906212517794465,28.906212517794465,-1.27706583196155,-1.27706583196155,-1.27706583196155,0.04431353266011119,0.04431353266011119,0.04431353266011119,-1.3213793646216612,-1.3213793646216612,-1.3213793646216612,0.0,0.0,0.0,27.629146685832914,27.00805228945447,1
2110,2023-04-19,29.078522227147975,21.125608052469403,34.84658845954132,29.078522227147975,29.078522227147975,-1.4099481089102313,-1.4099481089102313,-1.4099481089102313,-0.03333725219124496,-0.03333725219124496,-0.03333725219124496,-1.3766108567189863,-1.3766108567189863,-1.3766108567189863,0.0,0.0,0.0,27.668574118237743,27.12334233669411,1
2111,2023-04-20,29.25083193650142,21.394067065496763,34.819443224430394,29.25083193650142,29.25083193650142,-1.3867956353890039,-1.3867956353890039,-1.3867956353890039,0.03864826539199247,0.03864826539199247,0.03864826539199247,-1.4254439007809963,-1.4254439007809963,-1.4254439007809963,0.0,0.0,0.0,27.864036301112417,27.258783489255336,1
2112,2023-04-21,29.423141645854994,21.210604262675147,34.75554359667062,29.423141645854994,29.423141645854994,-1.4643149824693906,-1.4643149824693906,-1.4643149824693906,0.003928796736734645,0.003928796736734645,0.003928796736734645,-1.4682437792061256,-1.4682437792061256,-1.4682437792061256,0.0,0.0,0.0,27.958826663385604,27.38969435858839,1
2113,2023-04-24,29.94007077391539,21.787377148943598,35.32196050976651,29.94007077391539,29.94007077391539,-1.5024132148906175,-1.5024132148906175,-1.5024132148906175,0.06302283964507129,0.06302283964507129,0.06302283964507129,-1.5654360545356887,-1.5654360545356887,-1.5654360545356887,0.0,0.0,0.0,28.437657559024775,27.539631396447458,1
2114,2023-04-25,30.112380483268836,22.295917413624494,35.48287943911582,30.112380483268836,30.112380483268836,-1.5450370909231588,-1.5450370909231588,-1.5450370909231588,0.044313532660077155,0.044313532660077155,0.044313532660077155,-1.5893506235832358,-1.5893506235832358,-1.5893506235832358,0.0,0.0,0.0,28.567343392345677,27.69737997042423,1
2115,2023-04-26,30.28469019262241,22.893635617617374,35.87721082293835,30.28469019262241,30.28469019262241,-1.6433465192464707,-1.6433465192464707,-1.6433465192464707,-0.033337252191247106,-0.033337252191247106,-0.033337252191247106,-1.6100092670552235,-1.6100092670552235,-1.6100092670552235,0.0,0.0,0.0,28.64134367337594,27.862875808681544,1
2116,2023-04-27,30.456999901975855,22.430702493469717,35.73649860047742,30.456999901975855,30.456999901975855,-1.5893083444791667,-1.5893083444791667,-1.5893083444791667,0.038648265392045834,0.038648265392045834,0.038648265392045834,-1.6279566098712126,-1.6279566098712126,-1.6279566098712126,0.0,0.0,0.0,28.867691557496688,28.035911916788642,1
2117,2023-04-28,30.629309611329365,21.7809971162614,35.77837711352311,30.629309611329365,30.629309611329365,-1.639737702661503,-1.639737702661503,-1.639737702661503,0.003928796736673256,0.003928796736673256,0.003928796736673256,-1.6436664993981764,-1.6436664993981764,-1.6436664993981764,0.0,0.0,0.0,28.989571908667862,28.21616108096448,1
2118,2023-05-01,31.146238739389762,22.521419899145037,36.72417532428355,31.146238739389762,31.146238739389762,-1.6175136474316711,-1.6175136474316711,-1.6175136474316711,0.0630228396452118,0.0630228396452118,0.0630228396452118,-1.6805364870768829,-1.6805364870768829,-1.6805364870768829,0.0,0.0,0.0,29.52872509195809,28.41529169514377,1
2119,2023-05-02,31.31854844874327,23.645521766958648,36.67393877549715,31.31854844874327,31.31854844874327,-1.6454873212965453,-1.6454873212965453,-1.6454873212965453,0.04431353265992474,0.04431353265992474,0.04431353265992474,-1.68980085395647,-1.68980085395647,-1.68980085395647,0.0,0.0,0.0,29.673061127446726,28.619683139305153,1
2120,2023-05-03,31.49085815809678,22.791873791549637,36.081515531253146,31.49085815809678,31.49085815809678,-1.7307095417055016,-1.7307095417055016,-1.7307095417055016,-0.03333725219127193,-0.03333725219127193,-0.03333725219127193,-1.6973722895142298,-1.6973722895142298,-1.6973722895142298,0.0,0.0,0.0,29.76014861639128,28.828840589120507,1
2121,2023-05-04,31.663167867450223,23.27852611553468,36.79350868304547,31.663167867450223,31.663167867450223,-1.6642546190245708,-1.6642546190245708,-1.6642546190245708,0.03864826539186235,0.03864826539186235,0.03864826539186235,-1.7029028844164331,-1.7029028844164331,-1.7029028844164331,0.0,0.0,0.0,29.99891324842565,29.042328283851827,1
2122,2023-05-05,31.835477576803733,23.594535060934636,36.896859956258346,31.835477576803733,31.835477576803733,-1.7019576046692018,-1.7019576046692018,-1.7019576046692018,0.003928796736629787,0.003928796736629787,0.003928796736629787,-1.7058864014058315,-1.7058864014058315,-1.7058864014058315,0.0,0.0,0.0,30.133519972134533,29.259797614726722,1
2123,2023-05-08,32.352406704864194,24.121075784915103,37.878173193928376,32.352406704864194,32.352406704864194,-1.6293203512757906,-1.6293203512757906,-1.6293203512757906,0.06302283964522994,0.06302283964522994,0.06302283964522994,-1.6923431909210207,-1.6923431909210207,-1.6923431909210207,0.0,0.0,0.0,30.723086353588403,29.488340494183085,1
2124,2023-05-09,32.52471641421764,24.340150565822036,37.98655215860047,32.52471641421764,32.52471641421764,-1.6330239781914748,-1.6330239781914748,-1.6330239781914748,0.044313532659772344,0.044313532659772344,0.044313532659772344,-1.6773375108512472,-1.6773375108512472,-1.6773375108512472,0.0,0.0,0.0,30.89169243602617,29.720775398551137,1
2125,2023-05-10,32.69702612357115,24.3498735693653,37.6271410778696,32.69702612357115,32.69702612357115,-1.6887184036905594,-1.6887184036905594,-1.6887184036905594,-0.033337252191205806,-0.033337252191205806,-0.033337252191205806,-1.6553811514993535,-1.6553811514993535,-1.6553811514993535,0.0,0.0,0.0,31.00830771988059,29.9574718032016,1
2126,2023-05-11,32.86933583292459,24.73430736270093,38.33927587385453,32.86933583292459,32.86933583292459,-1.5867412274065804,-1.5867412274065804,-1.5867412274065804,0.03864826539191571,0.03864826539191571,0.03864826539191571,-1.6253894927984962,-1.6253894927984962,-1.6253894927984962,0.0,0.0,0.0,31.28259460551801,30.19896210800373,1
2127,2023-05-12,33.041645542278104,24.359974346865744,37.90827245890678,33.041645542278104,33.041645542278104,-1.582356106175798,-1.582356106175798,-1.582356106175798,0.003928796736568392,0.003928796736568392,0.003928796736568392,-1.5862849029123667,-1.5862849029123667,-1.5862849029123667,0.0,0.0,0.0,31.459289436102306,30.445933860747175,1
2128,2023-05-15,33.558574670338565,25.18991142116081,38.699661311103064,33.558574670338565,33.558574670338565,-1.3413749124077337,-1.3413749124077337,-1.3413749124077337,0.06302283964499475,0.06302283964499475,0.06302283964499475,-1.4043977520527287,-1.4043977520527287,-1.4043977520527287,0.0,0.0,0.0,32.21719975793083,30.71478132734445,1
2129,2023-05-16,33.73088437969201,25.771011247315627,38.60308404247765,33.73088437969201,33.73088437969201,-1.2751831092941153,-1.2751831092941153,-1.2751831092941153,0.044313532659856665,0.044313532659856665,0.044313532659856665,-1.319496641953972,-1.319496641953972,-1.319496641953972,0.0,0.0,0.0,32.455701270397896,30.993045341639565,1
2130,2023-05-17,33.90319408904552,25.95252044339819,39.65090553879832,33.90319408904552,33.90319408904552,-1.2548199984813766,-1.2548199984813766,-1.2548199984813766,-0.03333725219132157,-0.03333725219132157,-0.03333725219132157,-1.2214827462900548,-1.2214827462900548,-1.2214827462900548,0.0,0.0,0.0,32.64837409056415,31.281867889056855,1
2131,2023-05-18,34.07550379839896,26.199298647014622,39.89210483946072,34.07550379839896,34.07550379839896,-1.0714246735134267,-1.0714246735134267,-1.0714246735134267,0.03864826539192358,0.03864826539192358,0.03864826539192358,-1.1100729389053503,-1.1100729389053503,-1.1100729389053503,0.0,0.0,0.0,33.004079124885536,31.582384476702845,1
2132,2023-05-19,34.247813507752475,25.958793468687233,40.35913784324963,34.247813507752475,34.247813507752475,-0.9812924727162642,-0.9812924727162642,-0.9812924727162642,0.0039287967365159646,0.0039287967365159646,0.0039287967365159646,-0.9852212694527801,-0.9852212694527801,-0.9852212694527801,0.0,0.0,0.0,33.26652103503621,31.89568458299301,1
2133,2023-05-22,34.76474263581294,27.095244592810083,41.17904517718165,34.76474263581294,34.76474263581294,-0.47042334433176064,-0.47042334433176064,-0.47042334433176064,0.0630228396450129,0.0630228396450129,0.0630228396450129,-0.5334461839767736,-0.5334461839767736,-0.5334461839767736,0.0,0.0,0.0,34.29431929148117,32.252807876782285,1
2134,2023-05-23,34.93705234516638,27.575165425085594,41.46837321432042,34.93705234516638,34.93705234516638,-0.3152909213429414,-0.3152909213429414,-0.3152909213429414,0.04431353265970425,0.04431353265970425,0.04431353265970425,-0.3596044540026456,-0.3596044540026456,-0.3596044540026456,0.0,0.0,0.0,34.621761423823436,32.62581477556201,1
2135,2023-05-24,35.109362054519956,28.56919566653424,41.382283026029945,35.109362054519956,35.109362054519956,-0.20938471544141454,-0.20938471544141454,-0.20938471544141454,-0.03333725219125544,-0.03333725219125544,-0.03333725219125544,-0.1760474632501591,-0.1760474632501591,-0.1760474632501591,0.0,0.0,0.0,34.89997733907854,33.01498173748181,1
2136,2023-05-25,35.2816717638734,28.010459971422904,42.56871051741932,35.2816717638734,35.2816717638734,0.05435375043572046,0.05435375043572046,0.05435375043572046,0.03864826539197694,0.03864826539197694,0.03864826539197694,0.015705485043743528,0.015705485043743528,0.015705485043743528,0.0,0.0,0.0,35.33602551430912,33.42032482836092,1
2137,2023-05-26,35.45398147322684,28.278633157540796,42.98257801930549,35.45398147322684,35.45398147322684,0.21784517524065863,0.21784517524065863,0.21784517524065863,0.00392879673676352,0.00392879673676352,0.00392879673676352,0.21391637850389514,0.21391637850389514,0.21391637850389514,0.0,0.0,0.0,35.6718266484675,33.841578549597436,1
2138,2023-05-30,36.143220310640814,29.872365763619563,44.18937981605442,36.143220310640814,36.143220310640814,1.0751033458524142,1.0751033458524142,1.0751033458524142,0.04431353266012446,0.04431353266012446,0.04431353266012446,1.0307898131922897,1.0307898131922897,1.0307898131922897,0.0,0.0,0.0,37.218323656493226,34.34169093945368,1
2139,2023-05-31,36.31553001999433,30.714050303626497,44.08519755176321,36.31553001999433,36.31553001999433,1.1966672389563977,1.1966672389563977,1.1966672389563977,-0.03333725219125759,-0.03333725219125759,-0.03333725219125759,1.2300044911476553,1.2300044911476553,1.2300044911476553,0.0,0.0,0.0,37.51219725895073,34.847340538308956,1
2140,2023-06-01,36.48783972934777,31.066101094121596,44.96184872429066,36.48783972934777,36.48783972934777,1.4613722677844427,1.4613722677844427,1.4613722677844427,0.0386482653919848,0.0386482653919848,0.0386482653919848,1.422724002392458,1.422724002392458,1.422724002392458,0.0,0.0,0.0,37.94921199713221,35.37742432896577,1
2141,2023-06-02,36.66014943870121,31.785669592437007,45.074883966369995,36.66014943870121,36.66014943870121,1.6107241910358756,1.6107241910358756,1.6107241910358756,0.003928796736711092,0.003928796736711092,0.003928796736711092,1.6067953942991646,1.6067953942991646,1.6067953942991646,0.0,0.0,0.0,38.27087362973709,35.90410377945092,1
2142,2023-06-05,37.17707856676174,33.73201070087683,46.0878099474488,37.17707856676174,37.17707856676174,2.1508911002811733,2.1508911002811733,2.1508911002811733,0.06302283964517154,0.06302283964517154,0.06302283964517154,2.0878682606360015,2.0878682606360015,2.0878682606360015,0.0,0.0,0.0,39.327969667042915,36.5102486426516,1
2143,2023-06-06,37.349388276115185,32.97566107664407,46.16157517750305,37.349388276115185,37.349388276115185,2.2634787443891193,2.2634787443891193,2.2634787443891193,0.044313532659972045,0.044313532659972045,0.044313532659972045,2.219165211729147,2.219165211729147,2.219165211729147,0.0,0.0,0.0,39.612867020504304,37.04210341555391,1
2144,2023-06-07,37.52169798546869,33.29833814496653,47.06399258928213,37.52169798546869,37.52169798546869,2.300590618793945,2.300590618793945,2.300590618793945,-0.033337252191282404,-0.033337252191282404,-0.033337252191282404,2.3339278709852276,2.3339278709852276,2.3339278709852276,0.0,0.0,0.0,39.82228860426264,37.562156133597824,1
2145,2023-06-08,37.69400769482214,33.360950266576474,47.21718084267664,37.69400769482214,37.69400769482214,2.470067366775192,2.470067366775192,2.470067366775192,0.03864826539208365,0.03864826539208365,0.03864826539208365,2.4314191013831086,2.4314191013831086,2.4314191013831086,0.0,0.0,0.0,40.16407506159733,38.088565905849705,1
2146,2023-06-09,37.86631740417558,33.271095018523255,47.23731886627366,37.86631740417558,37.86631740417558,2.5151695529176337,2.5151695529176337,2.5151695529176337,0.003928796736658662,0.003928796736658662,0.003928796736658662,2.5112407561809746,2.5112407561809746,2.5112407561809746,0.0,0.0,0.0,40.381486957093216,38.59311205012811,1
2147,2023-06-12,38.38324653223611,34.219073363783274,47.54836205825649,38.38324653223611,38.38324653223611,2.7089577948169357,2.7089577948169357,2.7089577948169357,0.06302283964531206,0.06302283964531206,0.06302283964531206,2.6459349551716236,2.6459349551716236,2.6459349551716236,0.0,0.0,0.0,41.09220432705304,39.13514981798667,1
2148,2023-06-13,38.55555624158956,34.400606177719325,48.33241077014116,38.55555624158956,38.55555624158956,2.70234713444248,2.70234713444248,2.70234713444248,0.04431353265993801,0.04431353265993801,0.04431353265993801,2.658033601782542,2.658033601782542,2.658033601782542,0.0,0.0,0.0,41.25790337603203,39.53910778994055,1
2149,2023-06-14,38.727865950943,34.47965637350651,48.27133562818461,38.727865950943,38.727865950943,2.6222538193068403,2.6222538193068403,2.6222538193068403,-0.033337252191307225,-0.033337252191307225,-0.033337252191307225,2.6555910714981477,2.6555910714981477,2.6555910714981477,0.0,0.0,0.0,41.35011977024984,39.92290004107046,1
2150,2023-06-15,38.900175660296505,34.904674347055824,48.57159932638215,38.900175660296505,38.900175660296505,2.678790581515514,2.678790581515514,2.678790581515514,0.03864826539209152,0.03864826539209152,0.03864826539209152,2.640142316123423,2.640142316123423,2.640142316123423,0.0,0.0,0.0,41.57896624181202,40.28587546553844,1
2151,2023-06-16,39.07248536965002,34.672708368762464,48.15699031237112,39.07248536965002,39.07248536965002,2.617378193868489,2.617378193868489,2.617378193868489,0.003928796736906222,0.003928796736906222,0.003928796736906222,2.6134493971315824,2.6134493971315824,2.6134493971315824,0.0,0.0,0.0,41.68986356351851,40.62777445891658,1
2152,2023-06-20,39.76172420706392,35.31781572886185,49.056036716750036,39.76172420706392,39.76172420706392,2.4790204477451505,2.4790204477451505,2.4790204477451505,0.04431353265990397,0.04431353265990397,0.04431353265990397,2.4347069150852465,2.4347069150852465,2.4347069150852465,0.0,0.0,0.0,42.24074465480907,40.9190519576932,1
2153,2023-06-21,39.93403391641737,35.149363128619036,48.74525332185861,39.93403391641737,39.93403391641737,2.3493563379461393,2.3493563379461393,2.3493563379461393,-0.033337252191241104,-0.033337252191241104,-0.033337252191241104,2.3826935901373805,2.3826935901373805,2.3826935901373805,0.0,0.0,0.0,42.28339025436351,41.18610428107912,1
2154,2023-06-22,40.10634362577094,35.63166196738692,48.78917212041045,40.10634362577094,40.10634362577094,2.370563276705575,2.370563276705575,2.370563276705575,0.03864826539190805,0.03864826539190805,0.03864826539190805,2.3319150113136673,2.3319150113136673,2.3319150113136673,0.0,0.0,0.0,42.476906902476514,41.45156611090051,1
2155,2023-06-23,40.27865333512439,35.65094040124402,49.05329192980531,40.27865333512439,40.27865333512439,2.2881748127581196,2.2881748127581196,2.2881748127581196,0.003928796736844832,0.003928796736844832,0.003928796736844832,2.284246016021275,2.284246016021275,2.284246016021275,0.0,0.0,0.0,42.56682814788251,41.69184141952903,1
2156,2023-06-26,40.79558246318485,36.54662163330295,49.79679457194554,40.79558246318485,40.79558246318485,2.2383546236347867,2.2383546236347867,2.2383546236347867,0.06302283964497266,0.06302283964497266,0.06302283964497266,2.1753317839898143,2.1753317839898143,2.1753317839898143,0.0,0.0,0.0,43.033937086819634,41.95708643250167,1
2157,2023-06-27,40.96789217253829,36.97429148317079,50.209130987778416,40.96789217253829,40.96789217253829,2.1984577829208574,2.1984577829208574,2.1984577829208574,0.044313532660205796,0.044313532660205796,0.044313532660205796,2.1541442502606514,2.1541442502606514,2.1541442502606514,0.0,0.0,0.0,43.16634995545915,42.16450099534227,1
2158,2023-06-28,41.140201881891805,36.32412876253054,49.723438396377276,41.140201881891805,41.140201881891805,2.108249453141098,2.108249453141098,2.108249453141098,-0.03333725219117498,-0.03333725219117498,-0.03333725219117498,2.141586705332273,2.141586705332273,2.141586705332273,0.0,0.0,0.0,43.248451335032904,42.36355579124237,1
2159,2023-06-29,41.31251159124531,36.681310222204665,50.51365366464794,41.31251159124531,41.31251159124531,2.1764259910363686,2.1764259910363686,2.1764259910363686,0.038648265391961395,0.038648265391961395,0.038648265391961395,2.137777725644407,2.137777725644407,2.137777725644407,0.0,0.0,0.0,43.48893758228168,42.57743757244555,1
2160,2023-06-30,41.48482130059875,37.01176668497793,50.284423884121765,41.48482130059875,41.48482130059875,2.1464054096360985,2.1464054096360985,2.1464054096360985,0.00392879673680136,0.00392879673680136,0.00392879673680136,2.142476612899297,2.142476612899297,2.142476612899297,0.0,0.0,0.0,43.63122671023485,42.78266361928783,1
2161,2023-07-03,42.001750428659285,37.901659710308785,50.84420837061778,42.001750428659285,42.001750428659285,2.2630470344475935,2.2630470344475935,2.2630470344475935,0.0630228396449908,0.0630228396449908,0.0630228396449908,2.200024194802603,2.200024194802603,2.200024194802603,0.0,0.0,0.0,44.26479746310688,43.04015700924667,1
2162,2023-07-05,42.34636984736617,37.525890618562514,51.551620008835265,42.34636984736617,42.34636984736617,2.2282810132934876,2.2282810132934876,2.2282810132934876,-0.033337252191199804,-0.033337252191199804,-0.033337252191199804,2.261618265484687,2.261618265484687,2.261618265484687,0.0,0.0,0.0,44.57465086065966,43.273547629831725,1
2163,2023-07-06,42.51867955671968,37.883408773075374,51.58623595719991,42.51867955671968,42.51867955671968,2.332834804801585,2.332834804801585,2.332834804801585,0.03864826539201476,0.03864826539201476,0.03864826539201476,2.29418653940957,2.29418653940957,2.29418653940957,0.0,0.0,0.0,44.85151436152127,43.53036004054751,1
2164,2023-07-07,42.690989266073124,37.86758378985339,51.46393977470065,42.690989266073124,42.690989266073124,2.3291554449676455,2.3291554449676455,2.3291554449676455,0.003928796736739974,0.003928796736739974,0.003928796736739974,2.3252266482309056,2.3252266482309056,2.3252266482309056,0.0,0.0,0.0,45.02014471104077,43.78468382140393,1
2165,2023-07-10,43.20791839413366,38.40544739570308,52.242361240574816,43.20791839413366,43.20791839413366,2.450921463773139,2.450921463773139,2.450921463773139,0.06302283964513129,0.06302283964513129,0.06302283964513129,2.387898624128008,2.387898624128008,2.387898624128008,0.0,0.0,0.0,45.6588398579068,44.09388499240636,1
2166,2023-07-11,43.3802281034871,39.022392291143625,52.48501610785318,43.3802281034871,43.3802281034871,2.4360893549719695,2.4360893549719695,2.4360893549719695,0.04431353266013772,0.04431353266013772,0.04431353266013772,2.391775822311832,2.391775822311832,2.391775822311832,0.0,0.0,0.0,45.81631745845907,44.3721230295703,1
2167,2023-07-12,43.55253781284054,38.75276625460564,52.68083059350897,43.55253781284054,43.55253781284054,2.3507113300197453,2.3507113300197453,2.3507113300197453,-0.03333725219122462,-0.03333725219122462,-0.03333725219122462,2.38404858221097,2.38404858221097,2.38404858221097,0.0,0.0,0.0,45.90324914286029,44.64581294831042,1
2168,2023-07-13,43.724847522194054,39.74604348108221,52.83996196278055,43.724847522194054,43.724847522194054,2.401831739676747,2.401831739676747,2.401831739676747,0.03864826539183128,0.03864826539183128,0.03864826539183128,2.363183474284915,2.363183474284915,2.363183474284915,0.0,0.0,0.0,46.1266792618708,44.933635740994205,1
2169,2023-07-14,43.897157231547496,39.39235874573774,52.916035434013445,43.897157231547496,43.897157231547496,2.3318669636246145,2.3318669636246145,2.3318669636246145,0.003928796736687542,0.003928796736687542,0.003928796736687542,2.327938166887927,2.327938166887927,2.327938166887927,0.0,0.0,0.0,46.22902419517211,45.20764440228325,1
2170,2023-07-17,44.41408635960796,39.64811091313688,53.28573377626452,44.41408635960796,44.41408635960796,2.1917555789907057,2.1917555789907057,2.1917555789907057,0.06302283964514944,0.06302283964514944,0.06302283964514944,2.1287327393455557,2.1287327393455557,2.1287327393455557,0.0,0.0,0.0,46.605841938598665,45.50510592511963,1
2171,2023-07-18,44.58639606896147,39.98207435267239,53.13115238563307,44.58639606896147,44.58639606896147,2.0750428395960547,2.0750428395960547,2.0750428395960547,0.04431353265998531,0.04431353265998531,0.04431353265998531,2.0307293069360695,2.0307293069360695,2.0307293069360695,0.0,0.0,0.0,46.66143890855753,45.744770069664696,1
2172,2023-07-19,44.75870577831491,39.67169074521077,53.46776044593352,44.75870577831491,44.75870577831491,1.8843966141713968,1.8843966141713968,1.8843966141713968,-0.03333725219122676,-0.03333725219122676,-0.03333725219122676,1.9177338663626236,1.9177338663626236,1.9177338663626236,0.0,0.0,0.0,46.643102392486306,45.951615222847366,1
2173,2023-07-20,44.93101548766849,39.96399740363804,53.74252777165847,44.93101548766849,44.93101548766849,1.8295019982846918,1.8295019982846918,1.8295019982846918,0.038648265391884644,0.038648265391884644,0.038648265391884644,1.7908537328928071,1.7908537328928071,1.7908537328928071,0.0,0.0,0.0,46.76051748595318,46.142515535290556,1
2174,2023-07-21,45.10332519702193,39.892052446483035,53.655935908883094,45.10332519702193,45.10332519702193,1.655521127997751,1.655521127997751,1.655521127997751,0.003928796736626147,0.003928796736626147,0.003928796736626147,1.651592331261125,1.651592331261125,1.651592331261125,0.0,0.0,0.0,46.75884632501968,46.31638569668844,1
2175,2023-07-24,45.62025432508233,40.079238346339146,53.36119004787761,45.62025432508233,45.62025432508233,1.2428642284029834,1.2428642284029834,1.2428642284029834,0.06302283964491426,0.06302283964491426,0.06302283964491426,1.179841388758069,1.179841388758069,1.179841388758069,0.0,0.0,0.0,46.863118553485315,46.43681356624629,1
2176,2023-07-25,45.79256403443584,40.49638553786845,54.468149128060894,45.79256403443584,45.79256403443584,1.0571423858242368,1.0571423858242368,1.0571423858242368,0.044313532659951284,0.044313532659951284,0.044313532659951284,1.0128288531642855,1.0128288531642855,1.0128288531642855,0.0,0.0,0.0,46.84970642026008,46.5401524624264,1
2177,2023-07-26,45.96487374378935,40.129834648846405,53.74805563702778,45.96487374378935,45.96487374378935,0.81224415853684,0.81224415853684,0.81224415853684,-0.03333725219116065,-0.03333725219116065,-0.03333725219116065,0.8455814107280005,0.8455814107280005,0.8455814107280005,0.0,0.0,0.0,46.77711790232619,46.62753933837298,1
2178,2023-07-27,46.13718345314286,39.957381192155374,54.118130847030706,46.13718345314286,46.13718345314286,0.719719908067034,0.719719908067034,0.719719908067034,0.038648265391892506,0.038648265391892506,0.038648265391892506,0.6810716426751414,0.6810716426751414,0.6810716426751414,0.0,0.0,0.0,46.856903361209895,46.700561748306896,1
2179,2023-07-28,46.3094931624963,39.59414348867071,53.906892872502326,46.3094931624963,46.3094931624963,0.5262256036418991,0.5262256036418991,0.5262256036418991,0.003928796736573723,0.003928796736573723,0.003928796736573723,0.5222968069053253,0.5222968069053253,0.5222968069053253,0.0,0.0,0.0,46.8357187661382,46.761231205403504,1
2180,2023-07-31,46.8264222905567,40.27730690169797,54.51054336335139,46.8264222905567,46.8264222905567,0.17220396955182476,0.17220396955182476,0.17220396955182476,0.0630228396449324,0.0630228396449324,0.0630228396449324,0.10918112990689235,0.10918112990689235,0.10918112990689235,0.0,0.0,0.0,46.99862626010852,46.80050963755449,1
2181,2023-08-01,46.99873199991028,40.736688830750154,53.40708440454038,46.99873199991028,46.99873199991028,0.04556320404162524,0.04556320404162524,0.04556320404162524,0.044313532659798864,0.044313532659798864,0.044313532659798864,0.001249671381826375,0.001249671381826375,0.001249671381826375,0.0,0.0,0.0,47.044295203951904,46.83879526709392,1
2182,2023-08-02,47.17104170926372,40.45565127932192,54.11359019801181,47.17104170926372,47.17104170926372,-0.12146394485822819,-0.12146394485822819,-0.12146394485822819,-0.033337252191276395,-0.033337252191276395,-0.033337252191276395,-0.08812669266695179,-0.08812669266695179,-0.08812669266695179,0.0,0.0,0.0,47.04957776440549,46.879442804285844,1
2183,2023-08-03,47.343351418617225,39.81116237888573,54.43852897838028,47.343351418617225,47.343351418617225,-0.1186346839351323,-0.1186346839351323,-0.1186346839351323,0.03864826539199136,0.03864826539199136,0.03864826539199136,-0.15728294932712364,-0.15728294932712364,-0.15728294932712364,0.0,0.0,0.0,47.22471673468209,46.92586272915874,1
2184,2023-08-04,47.515661127970674,40.3176941090184,54.092370086985134,47.515661127970674,47.515661127970674,-0.2010517540295633,-0.2010517540295633,-0.2010517540295633,0.003928796736821281,0.003928796736821281,0.003928796736821281,-0.20498055076638455,-0.20498055076638455,-0.20498055076638455,0.0,0.0,0.0,47.31460937394111,46.98143903405088,1
2185,2023-08-07,48.032590256031135,40.86937101001296,55.1548015185351,48.032590256031135,48.032590256031135,-0.15100320824330327,-0.15100320824330327,-0.15100320824330327,0.0630228396450729,0.0630228396450729,0.0630228396450729,-0.21402604788837615,-0.21402604788837615,-0.21402604788837615,0.0,0.0,0.0,47.88158704778783,47.08328588348113,1
2186,2023-08-08,48.20489996538464,40.97142251648171,55.091565368076324,48.20489996538464,48.20489996538464,-0.12876871724067607,-0.12876871724067607,-0.12876871724067607,0.04431353265976483,0.04431353265976483,0.04431353265976483,-0.17308224990044088,-0.17308224990044088,-0.17308224990044088,0.0,0.0,0.0,48.076131248143966,47.20592836626952,1
2187,2023-08-09,48.37720967473809,41.22329440978315,55.08480421122616,48.37720967473809,48.37720967473809,-0.14510880714411512,-0.14510880714411512,-0.14510880714411512,-0.03333725219118761,-0.03333725219118761,-0.03333725219118761,-0.11177155495292752,-0.11177155495292752,-0.11177155495292752,0.0,0.0,0.0,48.23210086759398,47.3514266627963,1
2188,2023-08-10,48.549519384091596,41.54710975774576,55.52012896640595,48.549519384091596,48.549519384091596,0.00686648010477765,0.00686648010477765,0.00686648010477765,0.03864826539199923,0.03864826539199923,0.03864826539199923,-0.03178178528722158,-0.03178178528722158,-0.03178178528722158,0.0,0.0,0.0,48.55638586419637,47.521374913094945,1
2189,2023-08-11,48.72182909344504,42.0665298377369,55.76509093135771,48.72182909344504,48.72182909344504,0.068690213752229,0.068690213752229,0.068690213752229,0.003928796736768847,0.003928796736768847,0.003928796736768847,0.06476141701546015,0.06476141701546015,0.06476141701546015,0.0,0.0,0.0,48.790519307197265,47.71685496720085,1
2190,2023-08-14,49.238758221505506,42.31611493263068,56.695433878494306,49.238758221505506,49.238758221505506,0.48992442152159027,0.48992442152159027,0.48992442152159027,0.06302283964496867,0.06302283964496867,0.06302283964496867,0.42690158187662164,0.42690158187662164,0.42690158187662164,0.0,0.0,0.0,49.7286826430271,47.98986060549271,1
2191,2023-08-15,49.41106793085901,43.522281591448944,56.8061028455397,49.41106793085901,49.41106793085901,0.6057333521223027,0.6057333521223027,0.6057333521223027,0.04431353266006665,0.04431353266006665,0.04431353266006665,0.5614198194622362,0.5614198194622362,0.5614198194622362,0.0,0.0,0.0,50.01680128298131,48.287111213395654,1
2192,2023-08-16,49.583377640212454,43.62458028314678,56.942843131088864,49.583377640212454,49.583377640212454,0.663851068933411,0.663851068933411,0.663851068933411,-0.03333725219130337,-0.03333725219130337,-0.03333725219130337,0.6971883211247142,0.6971883211247142,0.6971883211247142,0.0,0.0,0.0,50.247228709145865,48.60687630786968,1
2193,2023-08-17,49.75568734956597,43.64564985577829,57.033036197464725,49.75568734956597,49.75568734956597,0.869343309022523,0.869343309022523,0.869343309022523,0.038648265392007095,0.038648265392007095,0.038648265392007095,0.8306950436305158,0.8306950436305158,0.8306950436305158,0.0,0.0,0.0,50.62503065858849,48.946907700260326,1
2194,2023-08-18,49.92799705891947,43.75634645915185,57.36406106184765,49.92799705891947,49.92799705891947,0.9623884484093305,0.9623884484093305,0.9623884484093305,0.003928796736707455,0.003928796736707455,0.003928796736707455,0.958459651672623,0.958459651672623,0.958459651672623,0.0,0.0,0.0,50.8903855073288,49.3044853135991,1
2195,2023-08-21,50.44492618697987,44.86542546250797,58.49571519787966,50.44492618697987,50.44492618697987,1.3376635867272009,1.3376635867272009,1.3376635867272009,0.06302283964510919,0.06302283964510919,0.06302283964510919,1.2746407470820917,1.2746407470820917,1.2746407470820917,0.0,0.0,0.0,51.78258977370707,49.694585586191025,1
2196,2023-08-22,50.61723589633338,45.629131666330146,58.304240429137415,50.61723589633338,50.61723589633338,1.3923281578088254,1.3923281578088254,1.3923281578088254,0.04431353266003262,0.04431353266003262,0.04431353266003262,1.3480146251487928,1.3480146251487928,1.3480146251487928,0.0,0.0,0.0,52.00956405414221,50.08792886679085,1
2197,2023-08-23,50.78954560568689,45.559775452496325,59.258507957349764,50.78954560568689,50.78954560568689,1.3680702285816913,1.3680702285816913,1.3680702285816913,-0.033337252191237246,-0.033337252191237246,-0.033337252191237246,1.4014074807729284,1.4014074807729284,1.4014074807729284,0.0,0.0,0.0,52.15761583426858,50.48048036345831,1
2198,2023-08-24,50.9618553150404,45.5239347891995,59.39838811478202,50.9618553150404,50.9618553150404,1.4717153741024698,1.4717153741024698,1.4717153741024698,0.038648265392060455,0.038648265392060455,0.038648265392060455,1.4330671087104094,1.4330671087104094,1.4330671087104094,0.0,0.0,0.0,52.433570689142876,50.86819884595296,1
2199,2023-08-25,51.134165024393845,45.87678865239542,59.58033522112084,51.134165024393845,51.134165024393845,1.4456512309387048,1.4456512309387048,1.4456512309387048,0.003928796736663987,0.003928796736663987,0.003928796736663987,1.4417224342020407,1.4417224342020407,1.4417224342020407,0.0,0.0,0.0,52.57981625533255,51.24712854076648,1
2200,2023-08-28,51.65109415245424,46.50057525112494,59.228562992230906,51.65109415245424,51.65109415245424,1.3877076356621754,1.3877076356621754,1.3877076356621754,0.0630228396452497,0.0630228396452497,0.0630228396452497,1.3246847960169257,1.3246847960169257,1.3246847960169257,0.0,0.0,0.0,53.038801788116416,51.57814045527541,1
2201,2023-08-29,51.82340386180782,45.984657994720756,60.25475571513974,51.82340386180782,51.82340386180782,1.283293878485009,1.283293878485009,1.283293878485009,0.04431353265988021,0.04431353265988021,0.04431353265988021,1.2389803458251287,1.2389803458251287,1.2389803458251287,0.0,0.0,0.0,53.10669774029283,51.887130101006576,1
2202,2023-08-30,51.99571357116126,46.2103165762015,59.940390087403074,51.99571357116126,51.99571357116126,1.0983690519178189,1.0983690519178189,1.0983690519178189,-0.03333725219126206,-0.03333725219126206,-0.03333725219126206,1.1317063041090811,1.1317063041090811,1.1317063041090811,0.0,0.0,0.0,53.09408262307908,52.17181549239989,1
2203,2023-08-31,52.168023280514774,46.87314394247046,59.9868769988494,52.168023280514774,52.168023280514774,1.0432983134229399,1.0432983134229399,1.0432983134229399,0.03864826539183148,0.03864826539183148,0.03864826539183148,1.0046500480311082,1.0046500480311082,1.0046500480311082,0.0,0.0,0.0,53.21132159393771,52.43044458593481,1
2204,2023-09-01,52.340332989868216,46.48397559364821,59.89202896211546,52.340332989868216,52.340332989868216,0.8639533691290242,0.8639533691290242,0.8639533691290242,0.003928796736602592,0.003928796736602592,0.003928796736602592,0.8600245723924216,0.8600245723924216,0.8600245723924216,0.0,0.0,0.0,53.20428635899724,52.66183467110166,1
2205,2023-09-05,53.02957182728219,46.88156618309437,60.23403891181024,53.02957182728219,53.02957182728219,0.20611014870022165,0.20611014870022165,0.20611014870022165,0.0443135326603004,0.0443135326603004,0.0443135326603004,0.16179661603992124,0.16179661603992124,0.16179661603992124,0.0,0.0,0.0,53.23568197598241,52.80714389132919,1
2206,2023-09-06,53.20188153663563,45.79787750959245,60.040969213977604,53.20188153663563,53.20188153663563,-0.06005610522201299,-0.06005610522201299,-0.06005610522201299,-0.03333725219128688,-0.03333725219128688,-0.03333725219128688,-0.026718853030726106,-0.026718853030726106,-0.026718853030726106,0.0,0.0,0.0,53.14182543141362,52.920370029056336,1
2207,2023-09-07,53.37419124598914,46.25968019868481,59.63384820459527,53.37419124598914,53.37419124598914,-0.1754041564365973,-0.1754041564365973,-0.1754041564365973,0.038648265391930336,0.038648265391930336,0.038648265391930336,-0.21405242182852763,-0.21405242182852763,-0.21405242182852763,0.0,0.0,0.0,53.19878708955254,53.02448715458472,1
2208,2023-09-08,53.54650095534259,46.36078194879414,59.78496665448726,53.54650095534259,53.54650095534259,-0.3929210429346336,-0.3929210429346336,-0.3929210429346336,0.003928796736541202,0.003928796736541202,0.003928796736541202,-0.39684983967117476,-0.39684983967117476,-0.39684983967117476,0.0,0.0,0.0,53.153579912407956,53.096488076911236,1
2209,2023-09-11,54.06343008340305,46.52276353135231,59.55313124153383,54.06343008340305,54.06343008340305,-0.823951215629125,-0.823951215629125,-0.823951215629125,0.063022839645155,0.063022839645155,0.063022839645155,-0.8869740552742799,-0.8869740552742799,-0.8869740552742799,0.0,0.0,0.0,53.239478867773926,53.16245433815537,1
2210,2023-09-12,54.235739792756554,46.29634813649359,59.49944494157339,54.235739792756554,54.235739792756554,-0.9775608269820262,-0.9775608269820262,-0.9775608269820262,0.044313532660148,0.044313532660148,0.044313532660148,-1.0218743596421742,-1.0218743596421742,-1.0218743596421742,0.0,0.0,0.0,53.258178965774526,53.18439205592118,1
2211,2023-09-13,54.40804950211,46.685300582950035,60.483685944255974,54.40804950211,54.40804950211,-1.17219879136382,-1.17219879136382,-1.17219879136382,-0.03333725219131169,-0.03333725219131169,-0.03333725219131169,-1.1388615391725085,-1.1388615391725085,-1.1388615391725085,0.0,0.0,0.0,53.235850710746185,53.19730735296652,1
2212,2023-09-14,54.580359211463445,46.05198767483667,60.315526086708864,54.580359211463445,54.580359211463445,-1.1976873551167424,-1.1976873551167424,-1.1976873551167424,0.0386482653919382,0.0386482653919382,0.0386482653919382,-1.2363356205086806,-1.2363356205086806,-1.2363356205086806,0.0,0.0,0.0,53.382671856346704,53.226166276293284,1
2213,2023-09-15,54.75266892081702,46.43004008946304,60.23794343990249,54.75266892081702,54.75266892081702,-1.309216271734538,-1.309216271734538,-1.309216271734538,0.003928796736488774,0.003928796736488774,0.003928796736488774,-1.3131450684710266,-1.3131450684710266,-1.3131450684710266,0.0,0.0,0.0,53.44345264908249,53.24937938180776,1
2214,2023-09-18,55.26959804887742,46.96242828044636,60.86390010622674,55.26959804887742,55.26959804887742,-1.3520540948262796,-1.3520540948262796,-1.3520540948262796,0.0630228396450508,0.0630228396450508,0.0630228396450508,-1.4150769344713303,-1.4150769344713303,-1.4150769344713303,0.0,0.0,0.0,53.91754395405114,53.32070514131315,1
2215,2023-09-19,55.441907758230926,47.15067716634494,60.51597298137077,55.441907758230926,55.441907758230926,-1.3627274562387475,-1.3627274562387475,-1.3627274562387475,0.04431353266023234,0.04431353266023234,0.04431353266023234,-1.4070409888989797,-1.4070409888989797,-1.4070409888989797,0.0,0.0,0.0,54.07918030199218,53.405054973914126,1
2216,2023-09-20,55.61421746758437,47.70635112974872,60.92772177831466,55.61421746758437,55.61421746758437,-1.4128470399206143,-1.4128470399206143,-1.4128470399206143,-0.03333725219124558,-0.03333725219124558,-0.03333725219124558,-1.3795097877293687,-1.3795097877293687,-1.3795097877293687,0.0,0.0,0.0,54.201370427663754,53.51100947353914,1
2217,2023-09-21,55.78652717693788,48.551694749689396,61.30755431980092,55.78652717693788,55.78652717693788,-1.2953384299916098,-1.2953384299916098,-1.2953384299916098,0.038648265391991565,0.038648265391991565,0.038648265391991565,-1.3339866953836013,-1.3339866953836013,-1.3339866953836013,0.0,0.0,0.0,54.49118874694627,53.64024963927851,1
2218,2023-09-22,55.95883688629139,47.9216261693146,61.38332611972724,55.95883688629139,55.95883688629139,-1.2683836246303604,-1.2683836246303604,-1.2683836246303604,0.00392879673673633,0.00392879673673633,0.00392879673673633,-1.2723124213670969,-1.2723124213670969,-1.2723124213670969,0.0,0.0,0.0,54.69045326166103,53.79393697420382,1
2219,2023-09-25,56.475766014351784,48.68997424491697,62.62491284554149,56.475766014351784,56.475766014351784,-0.9496649347861136,-0.9496649347861136,-0.9496649347861136,0.0630228396451913,0.0630228396451913,0.0630228396451913,-1.012687774431305,-1.012687774431305,-1.012687774431305,0.0,0.0,0.0,55.52610107956567,54.022599195382995,1
2220,2023-09-26,56.64807572370536,48.58442142646009,62.33379001533759,56.64807572370536,56.64807572370536,-0.8652657982940617,-0.8652657982940617,-0.8652657982940617,0.044313532660079924,0.044313532660079924,0.044313532660079924,-0.9095793309541416,-0.9095793309541416,-0.9095793309541416,0.0,0.0,0.0,55.7828099254113,54.27506229134667,1
2221,2023-09-27,56.8203854330588,48.86759075421595,62.76072101566254,56.8203854330588,56.8203854330588,-0.8358769664944594,-0.8358769664944594,-0.8358769664944594,-0.033337252191247724,-0.033337252191247724,-0.033337252191247724,-0.8025397143032116,-0.8025397143032116,-0.8025397143032116,0.0,0.0,0.0,55.98450846656434,54.54992806692849,1
2222,2023-09-28,56.99269514241225,49.48565897603064,62.982623964877405,56.99269514241225,56.99269514241225,-0.6555129663630567,-0.6555129663630567,-0.6555129663630567,0.03864826539204492,0.03864826539204492,0.03864826539204492,-0.6941612317551017,-0.6941612317551017,-0.6941612317551017,0.0,0.0,0.0,56.3371821760492,54.84537909889874,1
2223,2023-09-29,57.16500485176576,49.686908662806125,63.88968083686329,57.16500485176576,57.16500485176576,-0.5830039112676186,-0.5830039112676186,-0.5830039112676186,0.003928796736692865,0.003928796736692865,0.003928796736692865,-0.5869327080043115,-0.5869327080043115,-0.5869327080043115,0.0,0.0,0.0,56.58200094049814,55.15923392804031,1
2224,2023-10-02,57.68193397982622,50.65159867757473,64.25337097658128,57.68193397982622,57.68193397982622,-0.2312378879121593,-0.2312378879121593,-0.2312378879121593,0.06302283964520945,0.06302283964520945,0.06302283964520945,-0.29426072755736876,-0.29426072755736876,-0.29426072755736876,0.0,0.0,0.0,57.45069609191406,55.5125491418266,1
2225,2023-10-03,57.85424368917973,51.16331494261329,64.51090558763794,57.85424368917973,57.85424368917973,-0.16815798591342335,-0.16815798591342335,-0.16815798591342335,0.04431353265992751,0.04431353265992751,0.04431353265992751,-0.21247151857335084,-0.21247151857335084,-0.21247151857335084,0.0,0.0,0.0,57.68608570326631,55.87323968195401,1
2226,2023-10-04,58.026553398533174,50.78520703365232,64.78907556269586,58.026553398533174,58.026553398533174,-0.17417590654391504,-0.17417590654391504,-0.17417590654391504,-0.03333725219118161,-0.03333725219118161,-0.03333725219118161,-0.14083865435273343,-0.14083865435273343,-0.14083865435273343,0.0,0.0,0.0,57.85237749198926,56.238340388386554,1
2227,2023-10-05,58.198863107886616,51.07569407232961,65.06336435482766,58.198863107886616,58.198863107886616,-0.04155276054665934,-0.04155276054665934,-0.04155276054665934,0.03864826539209828,0.03864826539209828,0.03864826539209828,-0.08020102593875761,-0.08020102593875761,-0.08020102593875761,0.0,0.0,0.0,58.15731034733996,56.60495254842592,1
2228,2023-10-06,58.37117281724013,52.01503407970522,65.19327671654402,58.37117281724013,58.37117281724013,-0.027097690653253865,-0.027097690653253865,-0.027097690653253865,0.003928796736631468,0.003928796736631468,0.003928796736631468,-0.03102648738988533,-0.03102648738988533,-0.03102648738988533,0.0,0.0,0.0,58.34407512658687,56.97031473491851,1
2229,2023-10-09,58.88810194530059,52.17157156224775,66.12772643279803,58.88810194530059,58.88810194530059,0.11160455052805142,0.11160455052805142,0.11160455052805142,0.06302283964497425,0.06302283964497425,0.06302283964497425,0.04858171088307717,0.04858171088307717,0.04858171088307717,0.0,0.0,0.0,58.99970649582864,57.3176752765448,1
2230,2023-10-10,59.060411654654104,52.356719884259235,65.63715268072465,59.060411654654104,59.060411654654104,0.09883058649274959,0.09883058649274959,0.09883058649274959,0.044313532660011846,0.044313532660011846,0.044313532660011846,0.05451705383273774,0.05451705383273774,0.05451705383273774,0.0,0.0,0.0,59.159242241146856,57.65531850811836,1
2231,2023-10-11,59.232721364007546,52.10361564278773,66.38638772665303,59.232721364007546,59.232721364007546,0.01861875985007138,0.01861875985007138,0.01861875985007138,-0.03333725219129735,-0.03333725219129735,-0.03333725219129735,0.05195601204136873,0.05195601204136873,0.05195601204136873,0.0,0.0,0.0,59.25134012385762,57.9820016738477,1
2232,2023-10-12,59.40503107336099,52.823580360535715,66.11915106421633,59.40503107336099,59.40503107336099,0.0810244933398357,0.0810244933398357,0.0810244933398357,0.03864826539210615,0.03864826539210615,0.03864826539210615,0.04237622794772955,0.04237622794772955,0.04237622794772955,0.0,0.0,0.0,59.48605556670082,58.29688901291284,1
2233,2023-10-13,59.577340782714565,53.009377781331644,66.49884635278514,59.577340782714565,59.577340782714565,0.03138506266298886,0.03138506266298886,0.03138506266298886,0.003928796736879029,0.003928796736879029,0.003928796736879029,0.027456265926109828,0.027456265926109828,0.027456265926109828,0.0,0.0,0.0,59.608725845377556,58.599561503400786,1
2234,2023-10-16,60.09426991077496,53.80547628791261,66.73189348896811,60.09426991077496,60.09426991077496,0.03238261311980986,0.03238261311980986,0.03238261311980986,0.0630228396449924,0.0630228396449924,0.0630228396449924,-0.030640226525182536,-0.030640226525182536,-0.030640226525182536,0.0,0.0,0.0,60.12665252389477,58.867157146598856,1
2235,2023-10-17,60.266579620128404,53.38839781191323,67.07149151500987,60.266579620128404,60.266579620128404,-0.003649407695141715,-0.003649407695141715,-0.003649407695141715,0.044313532659859434,0.044313532659859434,0.044313532659859434,-0.04796294035500115,-0.04796294035500115,-0.04796294035500115,0.0,0.0,0.0,60.26293021243326,59.124841597515555,1
2236,2023-10-18,60.43888932948192,53.329823794577095,67.55686326946162,60.43888932948192,60.43888932948192,-0.09442545980991815,-0.09442545980991815,-0.09442545980991815,-0.03333725219123124,-0.03333725219123124,-0.03333725219123124,-0.06108820761868691,-0.06108820761868691,-0.06108820761868691,0.0,0.0,0.0,60.344463869672,59.37405023528383,1
2237,2023-10-19,60.61119903883542,53.75878194447247,66.81548264696802,60.61119903883542,60.61119903883542,-0.029615815437878616,-0.029615815437878616,-0.029615815437878616,0.03864826539196816,0.03864826539196816,0.03864826539196816,-0.06826408082984678,-0.06826408082984678,-0.06826408082984678,0.0,0.0,0.0,60.581583223397544,59.61647752288959,1
2238,2023-10-20,60.783508748188936,53.6676338307599,68.17271660068457,60.783508748188936,60.783508748188936,-0.06398150220594384,-0.06398150220594384,-0.06398150220594384,0.003928796736817639,0.003928796736817639,0.003928796736817639,-0.06791029894276149,-0.06791029894276149,-0.06791029894276149,0.0,0.0,0.0,60.719527245982995,59.85402273482921,1
2239,2023-10-23,61.30043787624933,54.78747597331853,68.27126486938447,61.30043787624933,61.30043787624933,0.053718449746516135,0.053718449746516135,0.053718449746516135,0.06302283964501054,0.06302283964501054,0.06302283964501054,-0.009304389898494407,-0.009304389898494407,-0.009304389898494407,0.0,0.0,0.0,61.35415632599585,60.089467717845935,1
2240,2023-10-24,61.472747585602775,54.77104329302416,68.49641567383475,61.472747585602775,61.472747585602775,0.07647750009038398,0.07647750009038398,0.07647750009038398,0.04431353266016127,0.04431353266016127,0.04431353266016127,0.03216396743022272,0.03216396743022272,0.03216396743022272,0.0,0.0,0.0,61.54922508569316,60.32846600230056,1
2241,2023-10-25,61.64505729495635,54.549743045270745,68.81422594637053,61.64505729495635,61.64505729495635,0.051874255398667454,0.051874255398667454,0.051874255398667454,-0.033337252191165116,-0.033337252191165116,-0.033337252191165116,0.08521150758983258,0.08521150758983258,0.08521150758983258,0.0,0.0,0.0,61.69693155035502,60.57302514495029,1
2242,2023-10-26,61.817367004309794,54.75692234089576,69.04215297528982,61.817367004309794,61.817367004309794,0.18837206050568261,0.18837206050568261,0.18837206050568261,0.03864826539197603,0.03864826539197603,0.03864826539197603,0.14972379511370656,0.14972379511370656,0.14972379511370656,0.0,0.0,0.0,62.00573906481548,60.82499349476177,1
2243,2023-10-27,61.98967671366331,55.04320856606924,68.94838789306407,61.98967671366331,61.98967671366331,0.22919313072393804,0.22919313072393804,0.22919313072393804,0.003928796736765211,0.003928796736765211,0.003928796736765211,0.22526433398717283,0.22526433398717283,0.22526433398717283,0.0,0.0,0.0,62.21886984438724,61.08600789466273,1
2244,2023-10-30,62.50660584172377,56.291925781185896,70.26333083745433,62.50660584172377,62.50660584172377,0.5721522679653562,0.5721522679653562,0.5721522679653562,0.06302283964502868,0.06302283964502868,0.06302283964502868,0.5091294283203275,0.5091294283203275,0.5091294283203275,0.0,0.0,0.0,63.078758109689126,61.38121845324217,1
2245,2023-10-31,62.67891555107721,56.25297871660632,70.03765371912745,62.67891555107721,62.67891555107721,0.662808263240986,0.662808263240986,0.662808263240986,0.044313532660008856,0.044313532660008856,0.044313532660008856,0.618494730580977,0.618494730580977,0.618494730580977,0.0,0.0,0.0,63.34172381431819,61.68909781343066,1
2246,2023-11-01,62.85122526043072,56.49455963918674,70.23597612365629,62.85122526043072,62.85122526043072,0.6991535895957316,0.6991535895957316,0.6991535895957316,-0.03333725219128087,-0.03333725219128087,-0.03333725219128087,0.7324908417870125,0.7324908417870125,0.7324908417870125,0.0,0.0,0.0,63.550378850026455,62.009689311466104,1
2247,2023-11-02,63.023534969784166,56.78413770398378,70.55359527234184,63.023534969784166,63.023534969784166,0.8878581057569749,0.8878581057569749,0.8878581057569749,0.03864826539207488,0.03864826539207488,0.03864826539207488,0.8492098403649,0.8492098403649,0.8492098403649,0.0,0.0,0.0,63.91139307554114,62.34267029668047,1
2248,2023-11-03,63.19584467913767,56.76921506194623,70.92038046534749,63.19584467913767,63.19584467913767,0.9705576813730223,0.9705576813730223,0.9705576813730223,0.003928796736712779,0.003928796736712779,0.003928796736712779,0.9666288846363096,0.9666288846363096,0.9666288846363096,0.0,0.0,0.0,64.16640236051069,62.68735780813323,1
2249,2023-11-06,63.71277380719814,58.87722930586461,72.0376093181944,63.71277380719814,63.71277380719814,1.3651404173443655,1.3651404173443655,1.3651404173443655,0.06302283964516919,0.06302283964516919,0.06302283964516919,1.3021175776991962,1.3021175776991962,1.3021175776991962,0.0,0.0,0.0,65.07791422454251,63.05973359798789,1
2250,2023-11-07,63.88508351655158,58.60892250012473,72.55725301552071,63.88508351655158,63.88508351655158,1.445765155215208,1.445765155215208,1.445765155215208,0.044313532659974814,0.044313532659974814,0.044313532659974814,1.4014516225552331,1.4014516225552331,1.4014516225552331,0.0,0.0,0.0,65.33084867176679,63.43789595659526,1
2251,2023-11-08,64.05739322590509,58.90388805887388,71.90223093029878,64.05739322590509,64.05739322590509,1.457948882562607,1.457948882562607,1.457948882562607,-0.03333725219121475,-0.03333725219121475,-0.03333725219121475,1.4912861347538218,1.4912861347538218,1.4912861347538218,0.0,0.0,0.0,65.51534210846769,63.81973701240654,1
2252,2023-11-09,64.22970293525853,59.048044117552045,73.27888220709468,64.22970293525853,64.22970293525853,1.6085274870189152,1.6085274870189152,1.6085274870189152,0.038648265391845904,0.038648265391845904,0.038648265391845904,1.5698792216270692,1.5698792216270692,1.5698792216270692,0.0,0.0,0.0,65.83823042227745,64.20298614815273,1
2253,2023-11-10,64.40201264461204,59.25341066946345,73.18691374907186,64.40201264461204,64.40201264461204,1.639609040452227,1.639609040452227,1.639609040452227,0.003928796736660353,0.003928796736660353,0.003928796736660353,1.6356802437155669,1.6356802437155669,1.6356802437155669,0.0,0.0,0.0,66.04162168506427,64.58526133222043,1
2254,2023-11-13,64.91894177267251,59.61401950904993,74.00450610781907,64.91894177267251,64.91894177267251,1.8073168150469743,1.8073168150469743,1.8073168150469743,0.06302283964506498,0.06302283964506498,0.06302283964506498,1.7442939754019093,1.7442939754019093,1.7442939754019093,0.0,0.0,0.0,66.72625858771949,64.95001138002347,1
2255,2023-11-14,65.09125148202595,60.70395453111045,73.68615811496251,65.09125148202595,65.09125148202595,1.7925048587793904,1.7925048587793904,1.7925048587793904,0.04431353265994077,0.04431353265994077,0.04431353265994077,1.7481913261194493,1.7481913261194493,1.7481913261194493,0.0,0.0,0.0,66.88375634080535,65.30421463267218,1
2256,2023-11-15,65.26356119137947,60.744654719737355,73.79088668822132,65.26356119137947,65.26356119137947,1.7019362549604162,1.7019362549604162,1.7019362549604162,-0.033337252191216894,-0.033337252191216894,-0.033337252191216894,1.7352735071516332,1.7352735071516332,1.7352735071516332,0.0,0.0,0.0,66.96549744633988,65.64572649230352,1
2257,2023-11-16,65.43587090073297,60.610119874480425,73.8371955427654,65.43587090073297,65.43587090073297,1.7442159378680597,1.7442159378680597,1.7442159378680597,0.038648265391899264,0.038648265391899264,0.038648265391899264,1.7055676724761606,1.7055676724761606,1.7055676724761606,0.0,0.0,0.0,67.18008683860103,65.97259586860952,1
2258,2023-11-17,65.60818061008648,60.264215315475475,73.90524441820438,65.60818061008648,65.60818061008648,1.6633058891706143,1.6633058891706143,1.6633058891706143,0.003928796736598956,0.003928796736598956,0.003928796736598956,1.6593770924340154,1.6593770924340154,1.6593770924340154,0.0,0.0,0.0,67.2714864992571,66.28310428248416,1
2259,2023-11-20,66.12510973814688,60.937686741375416,74.05891938535272,66.12510973814688,66.12510973814688,1.4917915733634188,1.4917915733634188,1.4917915733634188,0.06302283964495214,0.06302283964495214,0.06302283964495214,1.4287687337184667,1.4287687337184667,1.4287687337184667,0.0,0.0,0.0,67.61690131151029,66.53700299118093,1
2260,2023-11-21,66.29741944750032,60.73317307174098,74.330789569974,66.29741944750032,66.29741944750032,1.3689567747456293,1.3689567747456293,1.3689567747456293,0.044313532659906736,0.044313532659906736,0.044313532659906736,1.3246432420857224,1.3246432420857224,1.3246432420857224,0.0,0.0,0.0,67.66637622224594,66.77055574622884,1
2261,2023-11-22,66.4697291568539,60.81301166522921,74.5743565891104,66.4697291568539,66.4697291568539,1.1757369999497873,1.1757369999497873,1.1757369999497873,-0.033337252191241715,-0.033337252191241715,-0.033337252191241715,1.2090742521410291,1.2090742521410291,1.2090742521410291,0.0,0.0,0.0,67.64546615680369,66.98356815106246,1
2262,2023-11-24,66.81434857556084,60.697841349580614,74.8599339810747,66.81434857556084,66.81434857556084,0.9537538367984546,0.9537538367984546,0.9537538367984546,0.003928796736555491,0.003928796736555491,0.003928796736555491,0.949825040061899,0.949825040061899,0.949825040061899,0.0,0.0,0.0,67.7681024123593,67.17655535007063,1
2263,2023-11-27,67.33127770362124,61.403230661797636,74.93718683961252,67.33127770362124,67.33127770362124,0.5788950805032984,0.5788950805032984,0.5788950805032984,0.0630228396449703,0.0630228396449703,0.0630228396449703,0.5158722408583282,0.5158722408583282,0.5158722408583282,0.0,0.0,0.0,67.91017278412454,67.36341045997666,1
2264,2023-11-28,67.50358741297475,60.766807897795644,74.03608075501073,67.50358741297475,67.50358741297475,0.4103504124726057,0.4103504124726057,0.4103504124726057,0.04431353265975432,0.04431353265975432,0.04431353265975432,0.3660368798128513,0.3660368798128513,0.3660368798128513,0.0,0.0,0.0,67.91393782544736,67.48217838374944,1
2265,2023-11-29,67.67589712232827,60.778829841488424,74.56803223426901,67.67589712232827,67.67589712232827,0.18301797614483334,0.18301797614483334,0.18301797614483334,-0.03333725219126653,-0.03333725219126653,-0.03333725219126653,0.21635522833609988,0.21635522833609988,0.21635522833609988,0.0,0.0,0.0,67.8589150984731,67.57969425951623,1
2266,2023-11-30,67.84820683168171,61.121011983696164,74.81646868163337,67.84820683168171,67.84820683168171,0.10700035245434796,0.10700035245434796,0.10700035245434796,0.038648265391915,0.038648265391915,0.038648265391915,0.06835208706243297,0.06835208706243297,0.06835208706243297,0.0,0.0,0.0,67.95520718413606,67.67866523329585,1
2267,2023-12-01,68.02051654103522,61.06875199410539,75.65696750803738,68.02051654103522,68.02051654103522,-0.0726352645521782,-0.0726352645521782,-0.0726352645521782,0.003928796736794087,0.003928796736794087,0.003928796736794087,-0.07656406128897228,-0.07656406128897228,-0.07656406128897228,0.0,0.0,0.0,67.94788127648305,67.75544467708404,1
2268,2023-12-04,68.53744566909567,61.35895217894938,74.18871871378515,68.53744566909567,68.53744566909567,-0.417815110910119,-0.417815110910119,-0.417815110910119,0.0630228396451108,0.0630228396451108,0.0630228396451108,-0.4808379505552298,-0.4808379505552298,-0.4808379505552298,0.0,0.0,0.0,68.11963055818556,67.84025908297689,1
2269,2023-12-05,68.70975537844913,61.16515937634088,75.27119088949173,68.70975537844913,68.70975537844913,-0.5579419424730062,-0.5579419424730062,-0.5579419424730062,0.04431353265983866,0.04431353265983866,0.04431353265983866,-0.6022554751328448,-0.6022554751328448,-0.6022554751328448,0.0,0.0,0.0,68.15181343597612,67.89375029542347,1
2270,2023-12-06,68.88206508780263,61.43358157628138,74.86261403278506,68.88206508780263,68.88206508780263,-0.7491761385168969,-0.7491761385168969,-0.7491761385168969,-0.03333725219126868,-0.03333725219126868,-0.03333725219126868,-0.7158388863256282,-0.7158388863256282,-0.7158388863256282,0.0,0.0,0.0,68.13288894928573,67.94040156812746,1
2271,2023-12-07,69.05437479715607,61.328677442525866,75.3824575548344,69.05437479715607,69.05437479715607,-0.782502327101506,-0.782502327101506,-0.782502327101506,0.03864826539201385,0.03864826539201385,0.03864826539201385,-0.82115059249352,-0.82115059249352,-0.82115059249352,0.0,0.0,0.0,68.27187247005456,68.00304219945254,1
2272,2023-12-08,69.22668450650959,61.65642163836175,74.87145677086693,69.22668450650959,69.22668450650959,-0.9139938637325394,-0.9139938637325394,-0.9139938637325394,0.003928796736741661,0.003928796736741661,0.003928796736741661,-0.9179226604692812,-0.9179226604692812,-0.9179226604692812,0.0,0.0,0.0,68.31269064277704,68.05750102249432,1
2273,2023-12-11,69.74361363457005,61.72796694227993,75.40831677177478,69.74361363457005,69.74361363457005,-1.0936650456182018,-1.0936650456182018,-1.0936650456182018,0.0630228396452513,0.0630228396452513,0.0630228396452513,-1.1566878852634532,-1.1566878852634532,-1.1566878852634532,0.0,0.0,0.0,68.64994858895186,68.13147860297704,1
2274,2023-12-12,69.9159233439235,62.17499130989069,75.32924410823746,69.9159233439235,69.9159233439235,-1.175378845504801,-1.175378845504801,-1.175378845504801,0.044313532660022116,0.044313532660022116,0.044313532660022116,-1.2196923781648235,-1.2196923781648235,-1.2196923781648235,0.0,0.0,0.0,68.7405444984187,68.21413927027417,1
2275,2023-12-13,70.08823305327701,62.09488342782322,75.67952273841452,70.08823305327701,70.08823305327701,-1.3083420780795123,-1.3083420780795123,-1.3083420780795123,-0.03333725219129349,-0.03333725219129349,-0.03333725219129349,-1.2750048258882187,-1.2750048258882187,-1.2750048258882187,0.0,0.0,0.0,68.7798909751975,68.30623685794662,1
2276,2023-12-14,70.26054276263045,62.50011953138436,75.41881067689091,70.26054276263045,70.26054276263045,-1.2844816484956447,-1.2844816484956447,-1.2844816484956447,0.03864826539202172,0.03864826539202172,0.03864826539202172,-1.3231299138876662,-1.3231299138876662,-1.3231299138876662,0.0,0.0,0.0,68.97606111413481,68.4083222509465,1
2277,2023-12-15,70.43285247198396,62.15683686754947,75.92104901477816,70.43285247198396,70.43285247198396,-1.3607149625141155,-1.3607149625141155,-1.3607149625141155,0.003928796736680262,0.003928796736680262,0.003928796736680262,-1.3646437592507956,-1.3646437592507956,-1.3646437592507956,0.0,0.0,0.0,69.07213750946985,68.52074787424517,1
2278,2023-12-18,70.94978160004442,62.437170520688504,76.38131820049605,70.94978160004442,70.94978160004442,-1.3929484701214403,-1.3929484701214403,-1.3929484701214403,0.06302283964514709,0.06302283964514709,0.06302283964514709,-1.4559713097665874,-1.4559713097665874,-1.4559713097665874,0.0,0.0,0.0,69.55683312992298,68.66446813141891,1
2279,2023-12-19,71.12209130939786,63.35217922414534,76.51070912485055,71.12209130939786,71.12209130939786,-1.4332896806861777,-1.4332896806861777,-1.4332896806861777,0.04431353266010645,0.04431353266010645,0.04431353266010645,-1.4776032133462842,-1.4776032133462842,-1.4776032133462842,0.0,0.0,0.0,69.68880162871169,68.81816695069247,1
2280,2023-12-20,71.29440101875144,62.96737071402512,76.36196994048174,71.29440101875144,71.29440101875144,-1.5292962418861082,-1.5292962418861082,-1.5292962418861082,-0.03333725219122738,-0.03333725219122738,-0.03333725219122738,-1.4959589896948808,-1.4959589896948808,-1.4959589896948808,0.0,0.0,0.0,69.76510477686533,68.98138853345043,1
2281,2023-12-21,71.46671072810489,62.83669228369167,77.13962487012448,71.46671072810489,71.46671072810489,-1.473037369849973,-1.473037369849973,-1.473037369849973,0.03864826539207508,0.03864826539207508,0.03864826539207508,-1.511685635242048,-1.511685635242048,-1.511685635242048,0.0,0.0,0.0,69.99367335825491,69.15356862227047,1
2282,2023-12-22,71.63902043745833,63.62470082148932,76.57641536930406,71.63902043745833,71.63902043745833,-1.5214641296729907,-1.5214641296729907,-1.5214641296729907,0.003928796736618869,0.003928796736618869,0.003928796736618869,-1.5253929264096096,-1.5253929264096096,-1.5253929264096096,0.0,0.0,0.0,70.11755630778534,69.3340551887713,1
2283,2023-12-26,72.3282592748723,64.07905532578067,77.54785465118663,72.3282592748723,72.3282592748723,-1.5261151618659425,-1.5261151618659425,-1.5261151618659425,0.04431353265995404,0.04431353265995404,0.04431353265995404,-1.5704286945258965,-1.5704286945258965,-1.5704286945258965,0.0,0.0,0.0,70.80214411300635,69.54927474117675,1
2284,2023-12-27,72.50056898422581,64.33523858671735,78.07024617650728,72.50056898422581,72.50056898422581,-1.614642366851446,-1.614642366851446,-1.614642366851446,-0.0333372521912522,-0.0333372521912522,-0.0333372521912522,-1.5813051146601937,-1.5813051146601937,-1.5813051146601937,0.0,0.0,0.0,70.88592661737437,69.7638129530723,1
2285,2023-12-28,72.67287869357925,64.24706093413471,78.10942401046235,72.67287869357925,72.67287869357925,-1.5539731319162515,-1.5539731319162515,-1.5539731319162515,0.0386482653918916,0.0386482653918916,0.0386482653918916,-1.592621397308143,-1.592621397308143,-1.592621397308143,0.0,0.0,0.0,71.118905561663,69.99771441171887,1
2286,2023-12-29,72.84518840293269,63.746193515122286,77.8817568419509,72.84518840293269,72.84518840293269,-1.6006250747023427,-1.6006250747023427,-1.6006250747023427,0.003928796736575408,0.003928796736575408,0.003928796736575408,-1.604553871438918,-1.604553871438918,-1.604553871438918,0.0,0.0,0.0,71.24456332823036,70.22456463312842,1
2287,2024-01-02,73.53442724034667,64.87326927449251,79.12950850576816,73.53442724034667,73.53442724034667,-1.615358911350589,-1.615358911350589,-1.615358911350589,0.04431353266025587,0.04431353266025587,0.04431353266025587,-1.659672444010845,-1.659672444010845,-1.659672444010845,0.0,0.0,0.0,71.91906832899609,70.50925771508105,1
2288,2024-01-03,73.70673694970017,65.50915761095288,79.05442263577994,73.70673694970017,73.70673694970017,-1.7084135451618916,-1.7084135451618916,-1.7084135451618916,-0.03333725219118608,-0.03333725219118608,-0.03333725219118608,-1.6750762929707055,-1.6750762929707055,-1.6750762929707055,0.0,0.0,0.0,71.99832340453828,70.75340674254258,1
2289,2024-01-04,73.87904665905363,65.51643863056898,78.6916091115756,73.87904665905363,73.87904665905363,-1.652204075912464,-1.652204075912464,-1.652204075912464,0.038648265391944964,0.038648265391944964,0.038648265391944964,-1.6908523413044092,-1.6908523413044092,-1.6908523413044092,0.0,0.0,0.0,72.22684258314116,71.00721083798553,1
2290,2024-01-05,74.05135636840707,65.77525603500206,78.81244458090914,74.05135636840707,74.05135636840707,-1.7028525495044802,-1.7028525495044802,-1.7028525495044802,0.003928796736831932,0.003928796736831932,0.003928796736831932,-1.7067813462413122,-1.7067813462413122,-1.7067813462413122,0.0,0.0,0.0,72.34850381890259,71.26555074218923,1
2291,2024-01-08,74.5682854964676,66.29295322017187,79.67128607114344,74.5682854964676,74.5682854964676,-1.689741055172268,-1.689741055172268,-1.689741055172268,0.06302283964507054,0.06302283964507054,0.06302283964507054,-1.7527638948173385,-1.7527638948173385,-1.7527638948173385,0.0,0.0,0.0,72.87854444129533,71.55403785049329,1
2292,2024-01-09,74.74059520582104,66.05666363602488,79.67164286464353,74.74059520582104,74.74059520582104,-1.7221314088729036,-1.7221314088729036,-1.7221314088729036,0.04431353266022183,0.04431353266022183,0.04431353266022183,-1.7664449415331256,-1.7664449415331256,-1.7664449415331256,0.0,0.0,0.0,73.01846379694814,71.84412859940957,1
2293,2024-01-10,74.91290491517455,66.44773168254856,79.9777243591417,74.91290491517455,74.91290491517455,-1.81206850378663,-1.81206850378663,-1.81206850378663,-0.03333725219130183,-0.03333725219130183,-0.03333725219130183,-1.7787312515953282,-1.7787312515953282,-1.7787312515953282,0.0,0.0,0.0,73.10083641138792,72.07399782924772,1
2294,2024-01-11,75.08521462452799,66.67304419503654,80.50165136420188,75.08521462452799,75.08521462452799,-1.7506142401954268,-1.7506142401954268,-1.7506142401954268,0.038648265391952825,0.038648265391952825,0.038648265391952825,-1.7892625055873796,-1.7892625055873796,-1.7892625055873796,0.0,0.0,0.0,73.33460038433256,72.31886520594354,1
2295,2024-01-12,75.2575243338815,66.70683337439608,80.39925983431228,75.2575243338815,75.2575243338815,-1.793746057525342,-1.793746057525342,-1.793746057525342,0.003928796736770538,0.003928796736770538,0.003928796736770538,-1.7976748542621126,-1.7976748542621126,-1.7976748542621126,0.0,0.0,0.0,73.46377827635617,72.55335247741286,1
2296,2024-01-16,75.9467631712954,67.10802720129978,81.41167193612024,75.9467631712954,75.9467631712954,-1.7587512564157264,-1.7587512564157264,-1.7587512564157264,0.044313532660187796,0.044313532660187796,0.044313532660187796,-1.8030647890759142,-1.8030647890759142,-1.8030647890759142,0.0,0.0,0.0,74.18801191487968,72.8476973360778,1
2297,2024-01-17,76.11907288064886,67.04692637795293,80.97776666808086,76.11907288064886,76.11907288064886,-1.8290528115852587,-1.8290528115852587,-1.8290528115852587,-0.033337252191235706,-0.033337252191235706,-0.033337252191235706,-1.795715559394023,-1.795715559394023,-1.795715559394023,0.0,0.0,0.0,74.2900200690636,73.08479251008454,1
2298,2024-01-18,76.29138259000243,67.62275266094923,81.40145909918711,76.29138259000243,76.29138259000243,-1.745675065114819,-1.745675065114819,-1.745675065114819,0.038648265392006186,0.038648265392006186,0.038648265392006186,-1.7843233305068253,-1.7843233305068253,-1.7843233305068253,0.0,0.0,0.0,74.5457075248876,73.33953092211947,1
2299,2024-01-19,76.46369229935587,67.56806896879306,81.14959249834209,76.46369229935587,76.46369229935587,-1.764738450205578,-1.764738450205578,-1.764738450205578,0.003928796736709145,0.003928796736709145,0.003928796736709145,-1.768667246942287,-1.768667246942287,-1.768667246942287,0.0,0.0,0.0,74.69895384915029,73.5867420487204,1
2300,2024-01-22,76.98062142741634,68.28656563608884,81.69874089752629,76.98062142741634,76.98062142741634,-1.6315868843034353,-1.6315868843034353,-1.6315868843034353,0.06302283964510684,0.06302283964510684,0.06302283964510684,-1.694609723948542,-1.694609723948542,-1.694609723948542,0.0,0.0,0.0,75.34903454311291,73.88679512114143,1
2301,2024-01-23,77.15293113676984,68.75390845848814,81.9438052806927,77.15293113676984,77.15293113676984,-1.6163502798259035,-1.6163502798259035,-1.6163502798259035,0.044313532660035376,0.044313532660035376,0.044313532660035376,-1.6606638124859388,-1.6606638124859388,-1.6606638124859388,0.0,0.0,0.0,75.53658085694393,74.15259876270628,1
2302,2024-01-24,77.3252408461233,69.13281777786598,82.36805048347021,77.3252408461233,77.3252408461233,-1.65546221341088,-1.65546221341088,-1.65546221341088,-0.03333725219123786,-0.03333725219123786,-0.03333725219123786,-1.6221249612196424,-1.6221249612196424,-1.6221249612196424,0.0,0.0,0.0,75.66977863271241,74.4177302462827,1
2303,2024-01-25,77.49755055547679,69.04318460162705,82.59239088103963,77.49755055547679,77.49755055547679,-1.5404663311844906,-1.5404663311844906,-1.5404663311844906,0.038648265392014054,0.038648265392014054,0.038648265392014054,-1.5791145965765045,-1.5791145965765045,-1.5791145965765045,0.0,0.0,0.0,75.9570842242923,74.70335502757315,1
2304,2024-01-26,77.66986026483023,69.32648051527319,83.24940051139463,77.66986026483023,77.66986026483023,-1.5278949364366314,-1.5278949364366314,-1.5278949364366314,0.003928796736656716,0.003928796736656716,0.003928796736656716,-1.531823733173288,-1.531823733173288,-1.531823733173288,0.0,0.0,0.0,76.1419653283936,74.98409152197925,1
2305,2024-01-29,78.18678939289077,70.24902341653232,83.48244056485923,78.18678939289077,78.18678939289077,-1.3042100444951208,-1.3042100444951208,-1.3042100444951208,0.06302283964487164,0.06302283964487164,0.06302283964487164,-1.3672328841399923,-1.3672328841399923,-1.3672328841399923,0.0,0.0,0.0,76.88257934839565,75.3259716291832,1
2306,2024-01-30,78.35909910224422,70.56341349171409,83.72590480352677,78.35909910224422,78.35909910224422,-1.2618132553890125,-1.2618132553890125,-1.2618132553890125,0.04431353265988297,0.04431353265988297,0.04431353265988297,-1.3061267880488954,-1.3061267880488954,-1.3061267880488954,0.0,0.0,0.0,77.0972858468552,75.61689902238075,1
2307,2024-01-31,78.53140881159766,70.08154031095812,84.02993572467992,78.53140881159766,78.53140881159766,-1.2760609318923952,-1.2760609318923952,-1.2760609318923952,-0.03333725219126267,-0.03333725219126267,-0.03333725219126267,-1.2427236797011327,-1.2427236797011327,-1.2427236797011327,0.0,0.0,0.0,77.25534787970527,75.91343180344492,1
2308,2024-02-01,78.70371852095117,70.92858630368504,85.015700588649,78.70371852095117,78.70371852095117,-1.1389536012536987,-1.1389536012536987,-1.1389536012536987,0.03864826539192156,0.03864826539192156,0.03864826539192156,-1.1776018666456203,-1.1776018666456203,-1.1776018666456203,0.0,0.0,0.0,77.56476491969747,76.21533754292591,1
2309,2024-02-02,78.87602823030461,70.62662453621806,84.31427086546829,78.87602823030461,78.87602823030461,-1.107455870131389,-1.107455870131389,-1.107455870131389,0.003928796736604287,0.003928796736604287,0.003928796736604287,-1.1113846668679932,-1.1113846668679932,-1.1113846668679932,0.0,0.0,0.0,77.76857236017322,76.52229939402818,1
2310,2024-02-05,79.39295735836514,71.71631868036322,85.39216278034895,79.39295735836514,79.39295735836514,-0.8498297925474771,-0.8498297925474771,-0.8498297925474771,0.06302283964501215,0.06302283964501215,0.06302283964501215,-0.9128526321924895,-0.9128526321924895,-0.9128526321924895,0.0,0.0,0.0,78.54312756581766,76.84170869629867,1
2311,2024-02-06,79.56526706771858,71.5346835052485,85.45951027886055,79.56526706771858,79.56526706771858,-0.8047005953944967,-0.8047005953944967,-0.8047005953944967,0.044313532659848935,0.044313532659848935,0.044313532659848935,-0.8490141280543455,-0.8490141280543455,-0.8490141280543455,0.0,0.0,0.0,78.76056647232409,77.16410725783668,1
2312,2024-02-07,79.73757677707202,71.87164609545563,85.77342765169733,79.73757677707202,79.73757677707202,-0.8208187651401354,-0.8208187651401354,-0.8208187651401354,-0.03333725219128749,-0.03333725219128749,-0.03333725219128749,-0.7874815129488479,-0.7874815129488479,-0.7874815129488479,0.0,0.0,0.0,78.91675801193189,77.48880519575864,1
2313,2024-02-08,79.90988648642553,72.26289589299495,85.96987053851558,79.90988648642553,79.90988648642553,-0.690250279598188,-0.690250279598188,-0.690250279598188,0.03864826539192942,0.03864826539192942,0.03864826539192942,-0.7288985449901174,-0.7288985449901174,-0.7288985449901174,0.0,0.0,0.0,79.21963620682735,77.81506039401214,1
2314,2024-02-09,80.08219619577898,71.87267113682933,85.64093261948533,80.08219619577898,80.08219619577898,-0.6699340113805142,-0.6699340113805142,-0.6699340113805142,0.003928796736851843,0.003928796736851843,0.003928796736851843,-0.673862808117366,-0.673862808117366,-0.673862808117366,0.0,0.0,0.0,79.41226218439846,78.14209007961263,1
2315,2024-02-12,80.59912532383944,73.44858560645602,86.93705035413906,80.59912532383944,80.59912532383944,-0.4719978169295877,-0.4719978169295877,-0.4719978169295877,0.06302283964490794,0.06302283964490794,0.06302283964490794,-0.5350206565744956,-0.5350206565744956,-0.5350206565744956,0.0,0.0,0.0,80.12712750690986,78.46654489546405,1
2316,2024-02-13,80.77143503319296,73.27959421563229,87.22932972339103,80.77143503319296,80.77143503319296,-0.45441845935729475,-0.45441845935729475,-0.45441845935729475,0.0443135326598149,0.0443135326598149,0.0443135326598149,-0.49873199201710966,-0.49873199201710966,-0.49873199201710966,0.0,0.0,0.0,80.31701657383566,78.7885179681621,1
2317,2024-02-14,80.9437447425464,73.77893381334502,86.96978467184891,80.9437447425464,80.9437447425464,-0.5011438523292009,-0.5011438523292009,-0.5011438523292009,-0.03333725219122137,-0.03333725219122137,-0.03333725219122137,-0.46780660013797953,-0.46780660013797953,-0.46780660013797953,0.0,0.0,0.0,80.4426008902172,79.10724326921328,1
2318,2024-02-15,81.11605445189997,73.4864807375706,87.66841218796627,81.11605445189997,81.11605445189997,-0.40364738255246724,-0.40364738255246724,-0.40364738255246724,0.03864826539198278,0.03864826539198278,0.03864826539198278,-0.44229564794445,-0.44229564794445,-0.44229564794445,0.0,0.0,0.0,80.7124070693475,79.4220074841783,1
2319,2024-02-16,81.28836416125341,73.80236169308654,88.13871396983144,81.28836416125341,81.28836416125341,-0.41820077106228554,-0.41820077106228554,-0.41820077106228554,0.0039287967367904525,0.0039287967367904525,0.0039287967367904525,-0.42212956779907607,-0.42212956779907607,-0.42212956779907607,0.0,0.0,0.0,80.87016339019112,79.73216658718009,1
2320,2024-02-20,81.97760299866732,75.28324914312948,88.60074004417822,81.97760299866732,81.97760299866732,-0.34494904490251127,-0.34494904490251127,-0.34494904490251127,0.044313532660116714,0.044313532660116714,0.044313532660116714,-0.389262577562628,-0.389262577562628,-0.389262577562628,0.0,0.0,0.0,81.63265395376482,80.0411192259748,1
2321,2024-02-21,82.14991270802084,75.0266227271257,88.60441779741404,82.14991270802084,82.14991270802084,-0.4239094955975046,-0.4239094955975046,-0.4239094955975046,-0.03333725219115525,-0.03333725219115525,-0.03333725219115525,-0.3905722434063494,-0.3905722434063494,-0.3905722434063494,0.0,0.0,0.0,81.72600321242334,80.33766289998472,1
2322,2024-02-22,82.32222241737435,75.19622291703217,88.40822455777584,82.32222241737435,82.32222241737435,-0.3557187474926802,-0.3557187474926802,-0.3557187474926802,0.03864826539199065,0.03864826539199065,0.03864826539199065,-0.3943670128846709,-0.3943670128846709,-0.3943670128846709,0.0,0.0,0.0,81.96650366988167,80.6426374657797,1
2323,2024-02-23,82.49453212672779,75.3868234914804,89.14580698457516,82.49453212672779,82.49453212672779,-0.3959134443416205,-0.3959134443416205,-0.3959134443416205,0.003928796736746989,0.003928796736746989,0.003928796736746989,-0.3998422410783675,-0.3998422410783675,-0.3998422410783675,0.0,0.0,0.0,82.09861868238617,80.93053571333557,1
2324,2024-02-26,83.01146125478819,76.2668491900206,89.4910355513469,83.01146125478819,83.01146125478819,-0.3545940399919346,-0.3545940399919346,-0.3545940399919346,0.06302283964506658,0.06302283964506658,0.06302283964506658,-0.41761687963700117,-0.41761687963700117,-0.41761687963700117,0.0,0.0,0.0,82.65686721479625,81.25499621637536,1
2325,2024-02-27,83.18377096414176,75.37386740748562,89.36960633236362,83.18377096414176,83.18377096414176,-0.3766860181181891,-0.3766860181181891,-0.3766860181181891,0.044313532659964315,0.044313532659964315,0.044313532659964315,-0.42099955077815343,-0.42099955077815343,-0.42099955077815343,0.0,0.0,0.0,82.80708494602356,81.52299196028673,1
2326,2024-02-28,83.3560806734952,76.00832156581306,89.34125176341828,83.3560806734952,83.3560806734952,-0.45499178514660077,-0.45499178514660077,-0.45499178514660077,-0.03333725219124834,-0.03333725219124834,-0.03333725219124834,-0.42165453295535243,-0.42165453295535243,-0.42165453295535243,0.0,0.0,0.0,82.9010888883486,81.78139919173802,1
2327,2024-02-29,83.52839038284871,76.21802715422442,90.26621122412024,83.52839038284871,83.52839038284871,-0.38013223423688536,-0.38013223423688536,-0.38013223423688536,0.038648265392044016,0.038648265392044016,0.038648265392044016,-0.4187804996289294,-0.4187804996289294,-0.4187804996289294,0.0,0.0,0.0,83.14825814861183,82.0519649175775,1
2328,2024-03-01,83.70070009220215,76.96088030842088,90.04040695664231,83.70070009220215,83.70070009220215,-0.40772781379941414,-0.40772781379941414,-0.40772781379941414,0.003928796736685593,0.003928796736685593,0.003928796736685593,-0.4116566105360997,-0.4116566105360997,-0.4116566105360997,0.0,0.0,0.0,83.29297227840274,82.310021438483,1
2329,2024-03-04,84.21762922026262,76.78108840365607,91.0648045278827,84.21762922026262,84.21762922026262,-0.296197918923045,-0.296197918923045,-0.296197918923045,0.0630228396452071,0.0630228396452071,0.0630228396452071,-0.35922075856825214,-0.35922075856825214,-0.35922075856825214,0.0,0.0,0.0,83.92143130133958,82.61514822959785,1
2330,2024-03-05,84.38993892961612,77.20769749488429,91.44531052070455,84.38993892961612,84.38993892961612,-0.28589136206192506,-0.28589136206192506,-0.28589136206192506,0.04431353266004865,0.04431353266004865,0.04431353266004865,-0.33020489472197373,-0.33020489472197373,-0.33020489472197373,0.0,0.0,0.0,84.10404756755419,82.86228759097679,1
2331,2024-03-06,84.56224863896958,77.58625340643832,91.31717650428895,84.56224863896958,84.56224863896958,-0.32855150476586925,-0.32855150476586925,-0.32855150476586925,-0.03333725219136409,-0.03333725219136409,-0.03333725219136409,-0.2952142525745052,-0.2952142525745052,-0.2952142525745052,0.0,0.0,0.0,84.23369713420371,83.11305698315483,1
2332,2024-03-07,84.73455834832308,77.54425495770171,91.34250762464798,84.73455834832308,84.73455834832308,-0.2157275198737952,-0.2157275198737952,-0.2157275198737952,0.038648265391860524,0.038648265391860524,0.038648265391860524,-0.25437578526565574,-0.25437578526565574,-0.25437578526565574,0.0,0.0,0.0,84.51883082844928,83.36828969901158,1
2333,2024-03-08,84.90686805767652,77.45228448330975,91.18512109390566,84.90686805767652,84.90686805767652,-0.2040604721656863,-0.2040604721656863,-0.2040604721656863,0.003928796736633159,0.003928796736633159,0.003928796736633159,-0.20798926890231942,-0.20798926890231942,-0.20798926890231942,0.0,0.0,0.0,84.70280758551083,83.62870858932406,1
2334,2024-03-11,85.42379718573699,78.64565416643823,92.83003000052442,85.42379718573699,85.42379718573699,0.021954178820385594,0.021954178820385594,0.021954178820385594,0.06302283964522523,0.06302283964522523,0.06302283964522523,-0.041068660824839634,-0.041068660824839634,-0.041068660824839634,0.0,0.0,0.0,85.44575136455737,83.90759700430017,1
2335,2024-03-12,85.5961068950905,79.17143261494999,92.56946986414225,85.5961068950905,85.5961068950905,0.0655144269544061,0.0655144269544061,0.0655144269544061,0.04431353265989624,0.04431353265989624,0.04431353265989624,0.02120089429450986,0.02120089429450986,0.02120089429450986,0.0,0.0,0.0,85.66162132204491,84.1930506419023,1
2336,2024-03-13,85.76841660444394,79.09011974784937,93.14035094820541,85.76841660444394,85.76841660444394,0.051794715805991175,0.051794715805991175,0.051794715805991175,-0.03333725219129797,-0.03333725219129797,-0.03333725219129797,0.08513196799728914,0.08513196799728914,0.08513196799728914,0.0,0.0,0.0,85.82021132024994,84.48496288509243,1
2337,2024-03-14,85.94072631379751,78.89977277140173,92.91176983703903,85.94072631379751,85.94072631379751,0.18821694144657403,0.18821694144657403,0.18821694144657403,0.03864826539191389,0.03864826539191389,0.03864826539191389,0.14956867605466012,0.14956867605466012,0.14956867605466012,0.0,0.0,0.0,86.12894325524408,84.78303139575567,1
2338,2024-03-15,86.11303602315095,79.56010004621498,93.45915907944253,86.11303602315095,86.11303602315095,0.2172077705625563,0.2172077705625563,0.2172077705625563,0.00392879673657177,0.00392879673657177,0.00392879673657177,0.21327897382598457,0.21327897382598457,0.21327897382598457,0.0,0.0,0.0,86.3302437937135,85.08675854728673,1
2339,2024-03-18,86.62996515121135,80.40570529536453,93.94193304528719,86.62996515121135,86.62996515121135,0.4501927544964276,0.4501927544964276,0.4501927544964276,0.06302283964499004,0.06302283964499004,0.06302283964499004,0.38716991485143754,0.38716991485143754,0.38716991485143754,0.0,0.0,0.0,87.08015790570778,85.40263120772356,1
2340,2024-03-19,86.80227486056486,80.43743978619425,93.92393536894565,86.80227486056486,86.80227486056486,0.4794259728719958,0.4794259728719958,0.4794259728719958,0.0443135326598622,0.0443135326598622,0.0443135326598622,0.4351124402121336,0.4351124402121336,0.4351124402121336,0.0,0.0,0.0,87.28170083343686,85.72039653431183,1
2341,2024-03-20,86.97458456991838,80.34212676747212,94.86476807032736,86.97458456991838,86.97458456991838,0.44268461594642083,0.44268461594642083,0.44268461594642083,-0.03333725219123185,-0.03333725219123185,-0.03333725219123185,0.47602186813765274,0.47602186813765274,0.47602186813765274,0.0,0.0,0.0,87.4172691858648,86.03875373947793,1
2342,2024-03-21,87.14689427927189,81.18420746705385,95.25889812771793,87.14689427927189,87.14689427927189,0.5474630919379952,0.5474630919379952,0.5474630919379952,0.03864826539192176,0.03864826539192176,0.03864826539192176,0.5088148265460736,0.5088148265460736,0.5088148265460736,0.0,0.0,0.0,87.69435737120989,86.356306393754,1
2343,2024-03-22,87.31920398862533,81.00423452631702,94.82386668314918,87.31920398862533,87.31920398862533,0.5364614280135341,0.5364614280135341,0.5364614280135341,0.003928796736519336,0.003928796736519336,0.003928796736519336,0.5325326312770148,0.5325326312770148,0.5325326312770148,0.0,0.0,0.0,87.85566541663887,86.6715921768668,1
2344,2024-03-25,87.83613311668573,81.44027477615516,95.56439200537824,87.83613311668573,87.83613311668573,0.605015150524537,0.605015150524537,0.605015150524537,0.06302283964500818,0.06302283964500818,0.06302283964500818,0.5419923108795289,0.5419923108795289,0.5419923108795289,0.0,0.0,0.0,88.44114826721027,86.97113186713209,1
2345,2024-03-26,88.0084428260393,81.79378944783548,95.23251412348714,88.0084428260393,88.0084428260393,0.5673849653932647,0.5673849653932647,0.5673849653932647,0.044313532659709796,0.044313532659709796,0.044313532659709796,0.5230714327335548,0.5230714327335548,0.5230714327335548,0.0,0.0,0.0,88.57582779143256,87.26255251407085,1
2346,2024-03-27,88.18075253539274,82.06371322206383,95.79238161956745,88.18075253539274,88.18075253539274,0.45951538087513755,0.45951538087513755,0.45951538087513755,-0.03333725219125666,-0.03333725219125666,-0.03333725219125666,0.4928526330663942,0.4928526330663942,0.4928526330663942,0.0,0.0,0.0,88.64026791626787,87.54455817367266,1
2347,2024-03-28,88.35306224474625,82.168835973768,96.12393725240797,88.35306224474625,88.35306224474625,0.49013554711550766,0.49013554711550766,0.49013554711550766,0.03864826539202061,0.03864826539202061,0.03864826539202061,0.4514872817234871,0.4514872817234871,0.4514872817234871,0.0,0.0,0.0,88.84319779186177,87.81598362733442,1
2348,2024-04-01,89.04230108216017,82.1606373204054,96.25199187367744,89.04230108216017,89.04230108216017,0.24753710641866297,0.24753710641866297,0.24753710641866297,0.0630228396451487,0.0630228396451487,0.0630228396451487,0.18451426677351426,0.18451426677351426,0.18451426677351426,0.0,0.0,0.0,89.28983818857883,88.11194306682096,1
2349,2024-04-02,89.21461079151368,82.541171021262,96.14404875733742,89.21461079151368,89.21461079151368,0.1407502954392672,0.1407502954392672,0.1407502954392672,0.04431353266012999,0.04431353266012999,0.04431353266012999,0.09643676277913722,0.09643676277913722,0.09643676277913722,0.0,0.0,0.0,89.35536108695294,88.33946338494546,1
2350,2024-04-03,89.38692050086712,82.56226887941948,96.36695717657837,89.38692050086712,89.38692050086712,-0.03137928334958856,-0.03137928334958856,-0.03137928334958856,-0.03333725219116788,-0.03333725219116788,-0.03333725219116788,0.001957968841579318,0.001957968841579318,0.001957968841579318,0.0,0.0,0.0,89.35554121751753,88.54684742335353,1
2351,2024-04-04,89.55923021022062,82.14136376778073,96.47206949353173,89.55923021022062,89.55923021022062,-0.05901897413636194,-0.05901897413636194,-0.05901897413636194,0.03864826539202848,0.03864826539202848,0.03864826539202848,-0.0976672395283904,-0.0976672395283904,-0.0976672395283904,0.0,0.0,0.0,89.50021123608425,88.75514162837548,1
2352,2024-04-05,89.73153991957408,83.18126377948957,96.75324504765395,89.73153991957408,89.73153991957408,-0.1971931781372952,-0.1971931781372952,-0.1971931781372952,0.0039287967367144655,0.0039287967367144655,0.0039287967367144655,-0.20112197487400968,-0.20112197487400968,-0.20112197487400968,0.0,0.0,0.0,89.53434674143678,88.93914056539816,1
2353,2024-04-08,90.24846904763453,83.28345607598715,96.87827932827874,90.24846904763453,90.24846904763453,-0.45799528677347673,-0.45799528677347673,-0.45799528677347673,0.06302283964504447,0.06302283964504447,0.06302283964504447,-0.5210181264185212,-0.5210181264185212,-0.5210181264185212,0.0,0.0,0.0,89.79047376086105,89.1326213998204,1
2354,2024-04-09,90.42077875698804,82.62388845904727,96.89217050628952,90.42077875698804,90.42077875698804,-0.5821572266307471,-0.5821572266307471,-0.5821572266307471,0.04431353266009594,0.04431353266009594,0.04431353266009594,-0.6264707592908431,-0.6264707592908431,-0.6264707592908431,0.0,0.0,0.0,89.8386215303573,89.27236872613508,1
2355,2024-04-10,90.59308846634148,83.09707192856136,97.07386413384545,90.59308846634148,90.59308846634148,-0.762658037250443,-0.762658037250443,-0.762658037250443,-0.033337252191283626,-0.033337252191283626,-0.033337252191283626,-0.7293207850591594,-0.7293207850591594,-0.7293207850591594,0.0,0.0,0.0,89.83043042909104,89.39782898990094,1
2356,2024-04-11,90.765398175695,83.25999908508577,96.91956489470138,90.765398175695,90.765398175695,-0.7898669296011416,-0.7898669296011416,-0.7898669296011416,0.03864826539203635,0.03864826539203635,0.03864826539203635,-0.8285151949931779,-0.8285151949931779,-0.8285151949931779,0.0,0.0,0.0,89.97553124609385,89.53135532288354,1
2357,2024-04-12,90.93770788504851,83.4084822980281,96.72242199910615,90.93770788504851,90.93770788504851,-0.9192062810814888,-0.9192062810814888,-0.9192062810814888,0.003928796736662042,0.003928796736662042,0.003928796736662042,-0.9231350778181509,-0.9231350778181509,-0.9231350778181509,0.0,0.0,0.0,90.01850160396702,89.64888570409406,1
2358,2024-04-15,91.45463701310891,83.10848727790852,96.8589876943055,91.45463701310891,91.45463701310891,-1.1096645634065323,-1.1096645634065323,-1.1096645634065323,0.06302283964518499,0.06302283964518499,0.06302283964518499,-1.1726874030517174,-1.1726874030517174,-1.1726874030517174,0.0,0.0,0.0,90.34497244970238,89.75439913020641,1
2359,2024-04-16,91.6269467224624,83.8123750940507,97.41811023017858,91.6269467224624,91.6269467224624,-1.1986721249923316,-1.1986721249923316,-1.1986721249923316,0.04431353266006191,0.04431353266006191,0.04431353266006191,-1.2429856576523937,-1.2429856576523937,-1.2429856576523937,0.0,0.0,0.0,90.42827459747008,89.86169048125812,1
2360,2024-04-17,91.79925643181585,83.52383112212362,97.34840786111536,91.79925643181585,91.79925643181585,-1.3398775594265824,-1.3398775594265824,-1.3398775594265824,-0.03333725219121751,-0.03333725219121751,-0.03333725219121751,-1.3065403072353647,-1.3065403072353647,-1.3065403072353647,0.0,0.0,0.0,90.45937887238927,89.9720742467453,1
2361,2024-04-18,91.97156614116936,83.99362719038334,96.9146539301964,91.97156614116936,91.97156614116936,-1.3247663096387594,-1.3247663096387594,-1.3247663096387594,0.0386482653920897,0.0386482653920897,0.0386482653920897,-1.3634145750308488,-1.3634145750308488,-1.3634145750308488,0.0,0.0,0.0,90.6467998315306,90.08673310628993,1
2362,2024-04-19,92.14387585052287,83.59619421081283,97.45908142613322,92.14387585052287,92.14387585052287,-1.4098886131673962,-1.4098886131673962,-1.4098886131673962,0.003928796736909604,0.003928796736909604,0.003928796736909604,-1.413817409904306,-1.413817409904306,-1.413817409904306,0.0,0.0,0.0,90.73398723735548,90.20669715588181,1
2363,2024-04-22,92.66080497858327,84.41366198331423,98.06751922168209,92.66080497858327,92.66080497858327,-1.4670445914512582,-1.4670445914512582,-1.4670445914512582,0.06302283964532548,0.06302283964532548,0.06302283964532548,-1.5300674310965836,-1.5300674310965836,-1.5300674310965836,0.0,0.0,0.0,91.19376038713202,90.34702581850891,1
2364,2024-04-23,92.83311468793684,84.5496888656313,98.09373041635605,92.83311468793684,92.83311468793684,-1.5145668181894059,-1.5145668181894059,-1.5145668181894059,0.044313532659909505,0.044313532659909505,0.044313532659909505,-1.5588803508493154,-1.5588803508493154,-1.5588803508493154,0.0,0.0,0.0,91.31854786974743,90.49501845244791,1
2365,2024-04-24,93.00542439729028,84.50058436102671,98.10638126424645,93.00542439729028,93.00542439729028,-1.6170369155841844,-1.6170369155841844,-1.6170369155841844,-0.03333725219124233,-0.03333725219124233,-0.03333725219124233,-1.583699663392942,-1.583699663392942,-1.583699663392942,0.0,0.0,0.0,91.3883874817061,90.65081415770942,1
2366,2024-04-25,93.17773410664374,84.87036575358464,99.1975682179193,93.17773410664374,93.17773410664374,-1.5664707975224874,-1.5664707975224874,-1.5664707975224874,0.03864826539186074,0.03864826539186074,0.03864826539186074,-1.6051190629143481,-1.6051190629143481,-1.6051190629143481,0.0,0.0,0.0,91.61126330912126,90.81438736401216,1
2367,2024-04-26,93.35004381599724,85.10569544046703,98.49883420169485,93.35004381599724,93.35004381599724,-1.6197677890655031,-1.6197677890655031,-1.6197677890655031,0.003928796736848205,0.003928796736848205,0.003928796736848205,-1.6236965858023513,-1.6236965858023513,-1.6236965858023513,0.0,0.0,0.0,91.73027602693173,90.98556480630863,1
2368,2024-04-29,93.86697294405771,85.37092968994338,98.98651303604474,93.86697294405771,93.86697294405771,-1.6038214902946162,-1.6038214902946162,-1.6038214902946162,0.06302283964496794,0.06302283964496794,0.06302283964496794,-1.6668443299395843,-1.6668443299395843,-1.6668443299395843,0.0,0.0,0.0,92.26315145376309,91.17738270671471,1
2369,2024-04-30,94.03928265341122,85.60621821234318,99.62656006298458,94.03928265341122,94.03928265341122,-1.633667732613416,-1.633667732613416,-1.633667732613416,0.04431353266021133,0.04431353266021133,0.04431353266021133,-1.6779812652736272,-1.6779812652736272,-1.6779812652736272,0.0,0.0,0.0,92.4056149207978,91.37511673904748,1
2370,2024-05-01,94.21159236276466,85.58770394752564,99.33069242499563,94.21159236276466,94.21159236276466,-1.7209706831889597,-1.7209706831889597,-1.7209706831889597,-0.033337252191267146,-0.033337252191267146,-0.033337252191267146,-1.6876334309976926,-1.6876334309976926,-1.6876334309976926,0.0,0.0,0.0,92.4906216795757,91.57824101976612,1
2371,2024-05-02,94.3839020721181,85.8191169569635,99.42482561427315,94.3839020721181,94.3839020721181,-1.6570061540204895,-1.6570061540204895,-1.6570061540204895,0.038648265391959584,0.038648265391959584,0.038648265391959584,-1.695654419412449,-1.695654419412449,-1.695654419412449,0.0,0.0,0.0,92.72689591809761,91.78625062842282,1
2372,2024-05-03,94.55621178147162,85.60123906996411,99.84423252989637,94.55621178147162,94.55621178147162,-1.6978078097937992,-1.6978078097937992,-1.6978078097937992,0.003928796736804738,0.003928796736804738,0.003928796736804738,-1.7017366065306039,-1.7017366065306039,-1.7017366065306039,0.0,0.0,0.0,92.85840397167782,91.99869230185506,1
2373,2024-05-06,95.07314090953207,87.03929423531062,100.51752497397516,95.07314090953207,95.07314090953207,-1.6399070232295432,-1.6399070232295432,-1.6399070232295432,0.06302283964510844,0.06302283964510844,0.06302283964510844,-1.7029298628746519,-1.7029298628746519,-1.7029298628746519,0.0,0.0,0.0,93.43323388630253,92.2226396517721,1
2374,2024-05-07,95.24545061888558,87.19065617993384,100.47964917808939,95.24545061888558,95.24545061888558,-1.6508199289811398,-1.6508199289811398,-1.6508199289811398,0.04431353266005891,0.04431353266005891,0.04431353266005891,-1.6951334616411986,-1.6951334616411986,-1.6951334616411986,0.0,0.0,0.0,93.59463068990445,92.45024793378781,1
2375,2024-05-08,95.41776032823903,86.79392761607251,100.30406922425142,95.41776032823903,95.41776032823903,-1.7150358000882708,-1.7150358000882708,-1.7150358000882708,-0.03333725219129196,-0.03333725219129196,-0.03333725219129196,-1.6816985478969788,-1.6816985478969788,-1.6816985478969788,0.0,0.0,0.0,93.70272452815075,92.68168163843227,1
2376,2024-05-09,95.59007003759247,87.25787976943465,100.72814303124412,95.59007003759247,95.59007003759247,-1.6229327584908866,-1.6229327584908866,-1.6229327584908866,0.03864826539196746,0.03864826539196746,0.03864826539196746,-1.6615810238828541,-1.6615810238828541,-1.6615810238828541,0.0,0.0,0.0,93.96713727910158,92.91726903543031,1
2377,2024-05-10,95.76237974694605,87.38769939863467,100.78412840958214,95.76237974694605,95.76237974694605,-1.62977131491144,-1.62977131491144,-1.62977131491144,0.003928796736743351,0.003928796736743351,0.003928796736743351,-1.6337001116481833,-1.6337001116481833,-1.6337001116481833,0.0,0.0,0.0,94.13260843203462,93.1575022759406,1
2378,2024-05-13,96.27930887500645,87.67706261064596,101.60341780620182,96.27930887500645,96.27930887500645,-1.4298362039052206,-1.4298362039052206,-1.4298362039052206,0.06302283964500423,0.06302283964500423,0.06302283964500423,-1.492859043550225,-1.492859043550225,-1.492859043550225,0.0,0.0,0.0,94.84947267110122,93.41613439767441,1
2379,2024-05-14,96.45161858435989,88.16624078600192,101.56038499902351,96.45161858435989,96.45161858435989,-1.3793145257164143,-1.3793145257164143,-1.3793145257164143,0.044313532660143255,0.044313532660143255,0.044313532660143255,-1.4236280583765577,-1.4236280583765577,-1.4236280583765577,0.0,0.0,0.0,95.07230405864348,93.68280331145897,1
2380,2024-05-15,96.6239282937134,88.69190410258138,101.7272979080597,96.6239282937134,96.6239282937134,-1.3752725400784496,-1.3752725400784496,-1.3752725400784496,-0.03333725219122584,-0.03333725219122584,-0.03333725219122584,-1.341935287887224,-1.341935287887224,-1.341935287887224,0.0,0.0,0.0,95.24865575363495,93.9586067188649,1
2381,2024-05-16,96.79623800306685,88.609883800728,102.1968881443298,96.79623800306685,96.79623800306685,-1.2085866522150377,-1.2085866522150377,-1.2085866522150377,0.03864826539182946,0.03864826539182946,0.03864826539182946,-1.247234917606867,-1.247234917606867,-1.247234917606867,0.0,0.0,0.0,95.58765135085181,94.24468226214033,1
2382,2024-05-17,96.96854771242042,89.27365616650505,102.5205696137445,96.96854771242042,96.96854771242042,-1.1352592172436764,-1.1352592172436764,-1.1352592172436764,0.003928796736681955,0.003928796736681955,0.003928796736681955,-1.1391880139803583,-1.1391880139803583,-1.1391880139803583,0.0,0.0,0.0,95.83328849517675,94.54217071449021,1
2383,2024-05-20,97.48547684048089,90.36439941242159,103.40596737747522,97.48547684048089,97.48547684048089,-0.6721431001566898,-0.6721431001566898,-0.6721431001566898,0.06302283964514474,0.06302283964514474,0.06302283964514474,-0.7351659398018345,-0.7351659398018345,-0.7351659398018345,0.0,0.0,0.0,96.8133337403242,94.88018069989238,1
2384,2024-05-21,97.65778654983433,90.15289455876243,104.26139417590373,97.65778654983433,97.65778654983433,-0.5309198644888152,-0.5309198644888152,-0.5309198644888152,0.04431353265999084,0.04431353265999084,0.04431353265999084,-0.575233397148806,-0.575233397148806,-0.575233397148806,0.0,0.0,0.0,97.12686668534552,95.2334042994365,1
2385,2024-05-22,97.83009625918777,90.7946402959506,103.99607981914032,97.83009625918777,97.83009625918777,-0.43736711575498655,-0.43736711575498655,-0.43736711575498655,-0.03333725219122799,-0.03333725219122799,-0.03333725219122799,-0.4040298635637586,-0.4040298635637586,-0.4040298635637586,0.0,0.0,0.0,97.39272914343279,95.60240476096469,1
2386,2024-05-23,98.00240596854121,90.84879159578082,104.7905598767724,98.00240596854121,98.00240596854121,-0.18412011027821182,-0.18412011027821182,-0.18412011027821182,0.03864826539183733,0.03864826539183733,0.03864826539183733,-0.22276837567004915,-0.22276837567004915,-0.22276837567004915,0.0,0.0,0.0,97.818285858263,95.98751961888084,1
2387,2024-05-24,98.17471567789478,91.856330446513,104.91383464961903,98.17471567789478,98.17471567789478,-0.028980751745497517,-0.028980751745497517,-0.028980751745497517,0.0039287967366384915,0.0039287967366384915,0.0039287967366384915,-0.03290954848213601,-0.03290954848213601,-0.03290954848213601,0.0,0.0,0.0,98.14573492614929,96.3888322682923,1
2388,2024-05-28,98.86395451530869,93.10134931437372,107.07048072746666,98.86395451530869,98.86395451530869,0.820362586899769,0.820362586899769,0.820362586899769,0.04431353265983844,0.04431353265983844,0.04431353265983844,0.7760490542399306,0.7760490542399306,0.7760490542399306,0.0,0.0,0.0,99.68431710220847,96.87231671140302,1
2389,2024-05-29,99.03626422466213,93.37936903556573,106.7028582101942,99.03626422466213,99.03626422466213,0.946895016738031,0.946895016738031,0.946895016738031,-0.03333725219116187,-0.03333725219116187,-0.03333725219116187,0.9802322689291929,0.9802322689291929,0.9802322689291929,0.0,0.0,0.0,99.98315924140016,97.3634022296787,1
2390,2024-05-30,99.20857393401572,93.23622937948898,107.46682845028859,99.20857393401572,99.20857393401572,1.2193716821085712,1.2193716821085712,1.2193716821085712,0.038648265391890695,0.038648265391890695,0.038648265391890695,1.1807234167166805,1.1807234167166805,1.1807234167166805,0.0,0.0,0.0,100.42794561612429,97.88133121592763,1
2391,2024-05-31,99.38088364336916,93.57519399955936,107.82446138576303,99.38088364336916,99.38088364336916,1.379201485001403,1.379201485001403,1.379201485001403,0.003928796736577093,0.003928796736577093,0.003928796736577093,1.3752726882648256,1.3752726882648256,1.3752726882648256,0.0,0.0,0.0,100.76008512837056,98.3985745936795,1
2392,2024-06-03,99.89781277142963,95.01257983891637,108.99613671062261,99.89781277142963,99.89781277142963,1.9651590083277122,1.9651590083277122,1.9651590083277122,0.06302283964505004,0.06302283964505004,0.06302283964505004,1.902136168682662,1.902136168682662,1.902136168682662,0.0,0.0,0.0,101.86297177975734,99.00154292213756,1
2393,2024-06-04,100.07012248078307,95.63236722023434,108.5712155090451,100.07012248078307,100.07012248078307,2.09689135102357,2.09689135102357,2.09689135102357,0.044313532659922765,0.044313532659922765,0.044313532659922765,2.0525778183636474,2.0525778183636474,2.0525778183636474,0.0,0.0,0.0,102.16701383180664,99.5369109312858,1
2394,2024-06-05,100.24243219013664,96.06970922929825,109.29944711396055,100.24243219013664,100.24243219013664,2.1545177932778445,2.1545177932778445,2.1545177932778445,-0.03333725219127762,-0.03333725219127762,-0.03333725219127762,2.1878550454691226,2.1878550454691226,2.1878550454691226,0.0,0.0,0.0,102.39694998341449,100.0639192610927,1
2395,2024-06-06,100.41474189949008,95.2753137457251,109.02171798705606,100.41474189949008,100.41474189949008,2.3454815565311873,2.3454815565311873,2.3454815565311873,0.03864826539194405,0.03864826539194405,0.03864826539194405,2.3068332911392435,2.3068332911392435,2.3068332911392435,0.0,0.0,0.0,102.76022345602127,100.60066869235155,1
2396,2024-06-07,100.58705160884352,96.15969092084346,110.01794202971848,100.58705160884352,100.58705160884352,2.412621975657038,2.412621975657038,2.412621975657038,0.0039287967368246525,0.0039287967368246525,0.0039287967368246525,2.4086931789202133,2.4086931789202133,2.4086931789202133,0.0,0.0,0.0,102.99967358450056,101.1188074649753,1
2397,2024-06-10,101.10398073690399,97.03610261762432,110.46403206110121,101.10398073690399,101.10398073690399,2.671482838938924,2.671482838938924,2.671482838938924,0.06302283964506819,0.06302283964506819,0.06302283964506819,2.6084599992938555,2.6084599992938555,2.6084599992938555,0.0,0.0,0.0,103.77546357584292,101.68178032994467,1
2398,2024-06-11,101.27629044625743,97.40842179833459,111.35465321473008,101.27629044625743,101.27629044625743,2.684796830570207,2.684796830570207,2.684796830570207,0.044313532659770366,0.044313532659770366,0.044313532659770366,2.6404832979104365,2.6404832979104365,2.6404832979104365,0.0,0.0,0.0,103.96108727682764,102.10945734740659,1
2399,2024-06-12,101.448600155611,97.11225500301451,111.43708062352722,101.448600155611,101.448600155611,2.6230892910011607,2.6230892910011607,2.6230892910011607,-0.03333725219127977,-0.03333725219127977,-0.03333725219127977,2.6564265431924405,2.6564265431924405,2.6564265431924405,0.0,0.0,0.0,104.07168944661217,102.51831036792778,1
2400,2024-06-13,101.62090986496446,97.42410638612094,110.6726499442769,101.62090986496446,101.62090986496446,2.696133475270327,2.696133475270327,2.696133475270327,0.03864826539199741,0.03864826539199741,0.03864826539199741,2.6574852098783293,2.6574852098783293,2.6574852098783293,0.0,0.0,0.0,104.31704334023479,102.90722014033884,1
2401,2024-06-14,101.7932195743179,97.25962626520523,111.28570122034333,101.7932195743179,101.7932195743179,2.6490597386554824,2.6490597386554824,2.6490597386554824,0.0039287967367632615,0.0039287967367632615,0.0039287967367632615,2.6451309419187194,2.6451309419187194,2.6451309419187194,0.0,0.0,0.0,104.44227931297338,103.27543955879912,1
2402,2024-06-17,102.31014870237836,98.35266925116906,111.66998200685822,102.31014870237836,102.31014870237836,2.608621916570185,2.608621916570185,2.608621916570185,0.06302283964508634,0.06302283964508634,0.06302283964508634,2.545599076925099,2.545599076925099,2.545599076925099,0.0,0.0,0.0,104.91877061894854,103.58101944271826,1
2403,2024-06-18,102.4824584117318,98.09684964615327,111.92782423573053,102.4824584117318,102.4824584117318,2.542675361792462,2.542675361792462,2.542675361792462,0.04431353266007218,0.04431353266007218,0.04431353266007218,2.49836182913239,2.49836182913239,2.49836182913239,0.0,0.0,0.0,105.02513377352426,103.86683143689,1
2404,2024-06-20,102.82707783043882,98.32327833141984,111.69393673834574,102.82707783043882,102.82707783043882,2.4343064184990197,2.4343064184990197,2.4343064184990197,0.03864826539200528,0.03864826539200528,0.03864826539200528,2.3956581531070142,2.3956581531070142,2.3956581531070142,0.0,0.0,0.0,105.26138424893784,104.15327486344233,1
2405,2024-06-21,102.99938753979227,98.47024898321042,112.44845317638563,102.99938753979227,102.99938753979227,2.3483170699510794,2.3483170699510794,2.3483170699510794,0.003928796736710834,0.003928796736710834,0.003928796736710834,2.344388273214369,2.344388273214369,2.344388273214369,0.0,0.0,0.0,105.34770460974335,104.41202297881455,1
2406,2024-06-24,103.51631666785273,98.67210718986584,112.46226737830402,103.51631666785273,103.51631666785273,2.2762198393131183,2.2762198393131183,2.2762198393131183,0.06302283964510448,0.06302283964510448,0.06302283964510448,2.2131969996680136,2.2131969996680136,2.2131969996680136,0.0,0.0,0.0,105.79253650716585,104.69130927108108,1
2407,2024-06-25,103.68862637720618,98.77833815924622,112.41884310415712,103.68862637720618,103.68862637720618,2.2262427352553087,2.2262427352553087,2.2262427352553087,0.044313532659919774,0.044313532659919774,0.044313532659919774,2.1819292025953887,2.1819292025953887,2.1819292025953887,0.0,0.0,0.0,105.91486911246149,104.90524982474292,1
2408,2024-06-26,103.86093608655975,98.7856860814655,112.9039634765049,103.86093608655975,103.86093608655975,2.1253073339216875,2.1253073339216875,2.1253073339216875,-0.03333725219123847,-0.03333725219123847,-0.03333725219123847,2.158644586112926,2.158644586112926,2.158644586112926,0.0,0.0,0.0,105.98624342048143,105.1077654391083,1
2409,2024-06-27,104.03324579591319,99.14658197482949,112.90449257623388,104.03324579591319,104.03324579591319,2.1825526646928624,2.1825526646928624,2.1825526646928624,0.038648265392104135,0.038648265392104135,0.038648265392104135,2.1439043993007587,2.1439043993007587,2.1439043993007587,0.0,0.0,0.0,106.21579846060605,105.32217634050771,1
2410,2024-06-28,104.20555550526677,99.39723059306581,113.52029853640668,104.20555550526677,104.20555550526677,2.1418456358437696,2.1418456358437696,2.1418456358437696,0.003928796736658406,0.003928796736658406,0.003928796736658406,2.1379168391071115,2.1379168391071115,2.1379168391071115,0.0,0.0,0.0,106.34740114111054,105.52521212059528,1
2411,2024-07-01,104.7224846333271,100.21005471430018,113.76520407930242,104.7224846333271,104.7224846333271,2.2322180093372985,2.2322180093372985,2.2322180093372985,0.06302283964524498,0.06302283964524498,0.06302283964524498,2.1691951696920535,2.1691951696920535,2.1691951696920535,0.0,0.0,0.0,106.9547026426644,105.77645445356438,1
2412,2024-07-02,104.89479434268054,100.23003917288052,113.47824551565532,104.89479434268054,104.89479434268054,2.237543610820957,2.237543610820957,2.237543610820957,0.044313532659885746,0.044313532659885746,0.044313532659885746,2.193230078161071,2.193230078161071,2.193230078161071,0.0,0.0,0.0,107.13233795350149,105.99781118701966,1
2413,2024-07-03,105.06710405203413,100.53547199305574,113.49788724531668,105.06710405203413,105.06710405203413,2.1885543119845496,2.1885543119845496,2.1885543119845496,-0.033337252191172353,-0.033337252191172353,-0.033337252191172353,2.221891564175722,2.221891564175722,2.221891564175722,0.0,0.0,0.0,107.25565836401867,106.22086364606912,1
2414,2024-07-05,105.41172347074114,100.59202348224932,114.42311236417788,105.41172347074114,105.41172347074114,2.2900342817565758,2.2900342817565758,2.2900342817565758,0.003928796736605976,0.003928796736605976,0.003928796736605976,2.28610548501997,2.28610548501997,2.28610548501997,0.0,0.0,0.0,107.70175775249771,106.4649009964251,1
2415,2024-07-08,105.92865259880146,101.37894144147585,115.06110169433542,105.92865259880146,105.92865259880146,2.4324759397595344,2.4324759397595344,2.4324759397595344,0.06302283964514077,0.06302283964514077,0.06302283964514077,2.369453100114394,2.369453100114394,2.369453100114394,0.0,0.0,0.0,108.36112853856099,106.76624338930688,1
2416,2024-07-09,106.10096230815505,101.6568091465007,115.40928937730945,106.10096230815505,106.10096230815505,2.429632990376006,2.429632990376006,2.429632990376006,0.044313532660305945,0.044313532660305945,0.044313532660305945,2.3853194577157,2.3853194577157,2.3853194577157,0.0,0.0,0.0,108.53059529853105,107.04004926844338,1
2417,2024-07-10,106.27327201750849,101.63341149704358,115.37666194855075,106.27327201750849,106.27327201750849,2.3584915972664198,2.3584915972664198,2.3584915972664198,-0.0333372521912881,-0.0333372521912881,-0.0333372521912881,2.3918288494577076,2.3918288494577076,2.3918288494577076,0.0,0.0,0.0,108.63176361477491,107.31173871867472,1
2418,2024-07-11,106.44558172686193,102.01030538589721,115.58845189671581,106.44558172686193,106.44558172686193,2.4258050363195234,2.4258050363195234,2.4258050363195234,0.03864826539192851,0.03864826539192851,0.03864826539192851,2.387156770927595,2.387156770927595,2.387156770927595,0.0,0.0,0.0,108.87138676318145,107.60025305294474,1
2419,2024-07-12,106.6178914362155,102.23713142470231,115.67449909732382,106.6178914362155,106.6178914362155,2.3736335808887064,2.3736335808887064,2.3736335808887064,0.003928796736544583,0.003928796736544583,0.003928796736544583,2.369704784152162,2.369704784152162,2.369704784152162,0.0,0.0,0.0,108.99152501710421,107.87782570859454,1
2420,2024-07-15,107.13482056427597,101.89698379774802,116.27667614158959,107.13482056427597,107.13482056427597,2.2921596696730324,2.2921596696730324,2.2921596696730324,0.06302283964502794,0.06302283964502794,0.06302283964502794,2.2291368300280046,2.2291368300280046,2.2291368300280046,0.0,0.0,0.0,109.426980233949,108.18578361787839,1
2421,2024-07-16,107.30713027362941,102.7663706502804,116.5844831329858,107.30713027362941,107.30713027362941,2.195114067532853,2.195114067532853,2.195114067532853,0.0443135326602719,0.0443135326602719,0.0443135326602719,2.1508005348725807,2.1508005348725807,2.1508005348725807,0.0,0.0,0.0,109.50224434116227,108.44053778772818,1
2422,2024-07-17,107.47943998298285,102.57845159344357,116.3269943158452,107.47943998298285,107.47943998298285,2.0233326758652352,2.0233326758652352,2.0233326758652352,-0.03333725219122198,-0.03333725219122198,-0.03333725219122198,2.0566699280564573,2.0566699280564573,2.0566699280564573,0.0,0.0,0.0,109.50277265884809,108.67758125826283,1
2423,2024-07-18,107.6517496923363,103.17449392898781,116.2141646338514,107.6517496923363,107.6517496923363,1.9859828753041402,1.9859828753041402,1.9859828753041402,0.03864826539193639,0.03864826539193639,0.03864826539193639,1.947334609912204,1.947334609912204,1.947334609912204,0.0,0.0,0.0,109.63773256764044,108.91578867862502,1
2424,2024-07-19,107.82405940168975,102.72741262647085,116.36130986138454,107.82405940168975,107.82405940168975,1.8277285797101979,1.8277285797101979,1.8277285797101979,0.003928796736501118,0.003928796736501118,0.003928796736501118,1.823799782973697,1.823799782973697,1.823799782973697,0.0,0.0,0.0,109.65178798139995,109.11079170151523,1
2425,2024-07-22,108.34098852975033,103.16017261467296,116.86913273114028,108.34098852975033,108.34098852975033,1.4469325928478665,1.4469325928478665,1.4469325928478665,0.0630228396450461,0.0630228396450461,0.0630228396450461,1.3839097532028204,1.3839097532028204,1.3839097532028204,0.0,0.0,0.0,109.7879211225982,109.25347095991897,1
2426,2024-07-23,108.51329823910379,102.88147748129956,116.69607274868224,108.51329823910379,108.51329823910379,1.2655311880032825,1.2655311880032825,1.2655311880032825,0.04431353266011949,0.04431353266011949,0.04431353266011949,1.221217655343163,1.221217655343163,1.221217655343163,0.0,0.0,0.0,109.77882942710707,109.37829437277655,1
2427,2024-07-24,108.68560794845723,103.18422910094921,116.21984643913825,108.68560794845723,108.68560794845723,1.0213812949582102,1.0213812949582102,1.0213812949582102,-0.0333372521912468,-0.0333372521912468,-0.0333372521912468,1.054718547149457,1.054718547149457,1.054718547149457,0.0,0.0,0.0,109.70698924341544,109.4858169356406,1
2428,2024-07-25,108.85791765781067,102.97251374681662,116.66592568196452,108.85791765781067,108.85791765781067,0.9259019790650921,0.9259019790650921,0.9259019790650921,0.038648265391944256,0.038648265391944256,0.038648265391944256,0.8872537136731478,0.8872537136731478,0.8872537136731478,0.0,0.0,0.0,109.78381963687576,109.57706022301004,1
2429,2024-07-26,109.03022736716424,102.51447485421131,116.30824600958825,109.03022736716424,109.03022736716424,0.7257070450501206,0.7257070450501206,0.7257070450501206,0.003928796736739711,0.003928796736739711,0.003928796736739711,0.7217782483133809,0.7217782483133809,0.7217782483133809,0.0,0.0,0.0,109.75593441221436,109.65350116252105,1
2430,2024-07-29,109.54715649522471,102.91115646925228,116.31028628687221,109.54715649522471,109.54715649522471,0.33006438926635534,0.33006438926635534,0.33006438926635534,0.06302283964518658,0.06302283964518658,0.06302283964518658,0.2670415496211687,0.2670415496211687,0.2670415496211687,0.0,0.0,0.0,109.87722088449107,109.69852522757526,1
2431,2024-07-30,109.71946620457815,102.74446784075448,117.14282163074897,109.71946620457815,109.71946620457815,0.18314471715740543,0.18314471715740543,0.18314471715740543,0.04431353266008545,0.04431353266008545,0.04431353266008545,0.13883118449732001,0.13883118449732001,0.13883118449732001,0.0,0.0,0.0,109.90261092173556,109.73856188563259,1
2432,2024-07-31,109.89177591393172,103.79415411465764,116.51955295469452,109.89177591393172,109.89177591393172,-0.00677047349343979,-0.00677047349343979,-0.00677047349343979,-0.033337252191248945,-0.033337252191248945,-0.033337252191248945,0.02656677869780916,0.02656677869780916,0.02656677869780916,0.0,0.0,0.0,109.88500544043828,109.7767851637916,1
2433,2024-08-01,110.06408562328517,102.90198733021747,117.10948161551951,110.06408562328517,110.06408562328517,-0.028971894619607846,-0.028971894619607846,-0.028971894619607846,0.03864826539204311,0.03864826539204311,0.03864826539204311,-0.06762016001165094,-0.06762016001165094,-0.06762016001165094,0.0,0.0,0.0,110.03511372866556,109.81652327989414,1
2434,2024-08-02,110.23639533263862,103.51288652543019,117.30900562998349,110.23639533263862,110.23639533263862,-0.13803612674139157,-0.13803612674139157,-0.13803612674139157,0.003928796736696248,0.003928796736696248,0.003928796736696248,-0.1419649234780878,-0.1419649234780878,-0.1419649234780878,0.0,0.0,0.0,110.09835920589722,109.86118040234385,1
2435,2024-08-05,110.75332446069908,104.19569627995996,117.53701435439882,110.75332446069908,110.75332446069908,-0.17173664012181653,-0.17173664012181653,-0.17173664012181653,0.06302283964532708,0.06302283964532708,0.06302283964532708,-0.2347594797671436,-0.2347594797671436,-0.2347594797671436,0.0,0.0,0.0,110.58158782057725,109.94054707214175,1
2436,2024-08-06,110.92563417005252,104.02319008827726,117.45724399702733,110.92563417005252,110.92563417005252,-0.17661291398096096,-0.17661291398096096,-0.17661291398096096,0.04431353265993304,0.04431353265993304,0.04431353265993304,-0.22092644664089398,-0.22092644664089398,-0.22092644664089398,0.0,0.0,0.0,110.74902125607156,110.0375662550382,1
2437,2024-08-07,111.0979438794061,103.997275919717,118.05708268206605,111.0979438794061,111.0979438794061,-0.21862062314777808,-0.21862062314777808,-0.21862062314777808,-0.033337252191273765,-0.033337252191273765,-0.033337252191273765,-0.18528337095650432,-0.18528337095650432,-0.18528337095650432,0.0,0.0,0.0,110.87932325625833,110.15479965632251,1
2438,2024-08-08,111.27025358875954,104.2118053538542,117.86039204916577,111.27025358875954,111.27025358875954,-0.09027584199085807,-0.09027584199085807,-0.09027584199085807,0.038648265392050976,0.038648265392050976,0.038648265392050976,-0.12892410738290905,-0.12892410738290905,-0.12892410738290905,0.0,0.0,0.0,111.17997774676869,110.2944154673118,1
2439,2024-08-09,111.44256329811299,104.59171332255133,117.95346767084662,111.44256329811299,111.44256329811299,-0.04949244356733558,-0.04949244356733558,-0.04949244356733558,0.0039287967366348495,0.0039287967366348495,0.0039287967366348495,-0.05342124030397042,-0.05342124030397042,-0.05342124030397042,0.0,0.0,0.0,111.39307085454566,110.45812911154492,1
2440,2024-08-12,111.95949242617345,105.21185569866974,119.32786911554433,111.95949242617345,111.95949242617345,0.3287993626844857,0.3287993626844857,0.3287993626844857,0.06302283964484719,0.06302283964484719,0.06302283964484719,0.2657765230396385,0.2657765230396385,0.2657765230396385,0.0,0.0,0.0,112.28829178885795,110.6992362019816,1
2441,2024-08-13,112.1318021355269,106.06057917503907,119.34474576901482,112.1318021355269,112.1318021355269,0.4381889496396934,0.4381889496396934,0.4381889496396934,0.04431353266001737,0.04431353266001737,0.04431353266001737,0.39387541697967604,0.39387541697967604,0.39387541697967604,0.0,0.0,0.0,112.56999108516659,110.9659742183247,1
2442,2024-08-14,112.30411184488034,105.51834731483392,119.89708360371095,112.30411184488034,112.30411184488034,0.4941990661886861,0.4941990661886861,0.4941990661886861,-0.033337252191207645,-0.033337252191207645,-0.033337252191207645,0.5275363183798938,0.5275363183798938,0.5275363183798938,0.0,0.0,0.0,112.79831091106902,111.25730476538779,1
2443,2024-08-15,112.47642155423391,106.96164416167387,120.18483766302846,112.47642155423391,112.47642155423391,0.7019692329011529,0.7019692329011529,0.7019692329011529,0.03864826539210433,0.03864826539210433,0.03864826539210433,0.6633209675090486,0.6633209675090486,0.6633209675090486,0.0,0.0,0.0,113.17839078713506,111.57163247123474,1
2444,2024-08-16,112.64873126358735,106.85885511061065,120.48374583388483,112.64873126358735,112.64873126358735,0.801650834406973,0.801650834406973,0.801650834406973,0.003928796736882414,0.003928796736882414,0.003928796736882414,0.7977220376700906,0.7977220376700906,0.7977220376700906,0.0,0.0,0.0,113.45038209799432,111.90683476044444,1
2445,2024-08-19,113.16566039164782,107.41469659103983,120.67960998006578,113.16566039164782,113.16566039164782,1.2212273169740098,1.2212273169740098,1.2212273169740098,0.06302283964486534,0.06302283964486534,0.06302283964486534,1.1582044773291447,1.1582044773291447,1.1582044773291447,0.0,0.0,0.0,114.38688770862183,112.2873647492489,1
2446,2024-08-20,113.33797010100126,108.33788079759705,121.65144304384417,113.33797010100126,113.33797010100126,1.2977367923400325,1.2977367923400325,1.2977367923400325,0.044313532659864964,0.044313532659864964,0.044313532659864964,1.2534232596801673,1.2534232596801673,1.2534232596801673,0.0,0.0,0.0,114.6357068933413,112.67603331297587,1
2447,2024-08-21,113.5102798103547,107.83381842313693,121.61283892938381,113.5102798103547,113.5102798103547,1.2981286333280442,1.2981286333280442,1.2981286333280442,-0.033337252191232465,-0.033337252191232465,-0.033337252191232465,1.3314658855192767,1.3314658855192767,1.3314658855192767,0.0,0.0,0.0,114.80840844368275,113.06894183171832,1
2448,2024-08-22,113.68258951970829,108.42607357601678,122.0701329601448,113.68258951970829,113.68258951970829,1.4286845303473346,1.4286845303473346,1.4286845303473346,0.038648265391920844,0.038648265391920844,0.038648265391920844,1.3900362649554137,1.3900362649554137,1.3900362649554137,0.0,0.0,0.0,115.11127405005563,113.46207146204702,1
2449,2024-08-23,113.85489922906173,108.71630538186656,121.81022912802696,113.85489922906173,113.85489922906173,1.4311965335731403,1.4311965335731403,1.4311965335731403,0.003928796736829983,0.003928796736829983,0.003928796736829983,1.4272677368363105,1.4272677368363105,1.4272677368363105,0.0,0.0,0.0,115.28609576263487,113.85137395285594,1
2450,2024-08-26,114.37182835712218,108.60585915816243,122.82684775839245,114.37182835712218,114.37182835712218,1.4625446707428276,1.4625446707428276,1.4625446707428276,0.06302283964500582,0.06302283964500582,0.06302283964500582,1.3995218310978217,1.3995218310978217,1.3995218310978217,0.0,0.0,0.0,115.83437302786501,114.20598207675664,1
2451,2024-08-27,114.54413806647563,109.15127357952613,122.43609491934308,114.54413806647563,114.54413806647563,1.3868888670148474,1.3868888670148474,1.3868888670148474,0.0443135326601668,0.0443135326601668,0.0443135326601668,1.3425753343546807,1.3425753343546807,1.3425753343546807,0.0,0.0,0.0,115.93102693349047,114.54208566158903,1
2452,2024-08-28,114.71644777582908,109.19129411624102,123.07718791571492,114.71644777582908,114.71644777582908,1.229151161549232,1.229151161549232,1.229151161549232,-0.033337252191166344,-0.033337252191166344,-0.033337252191166344,1.2624884137403987,1.2624884137403987,1.2624884137403987,0.0,0.0,0.0,115.9455989373783,114.85681446421995,1
2453,2024-08-29,114.88875748518265,109.68063015866971,123.25191245138281,114.88875748518265,114.88875748518265,1.1991051246481068,1.1991051246481068,1.1991051246481068,0.03864826539197421,0.03864826539197421,0.03864826539197421,1.1604568592561326,1.1604568592561326,1.1604568592561326,0.0,0.0,0.0,116.08786260983076,115.14776164648951,1
2454,2024-08-30,115.0610671945361,108.90943116323793,123.11050178614998,115.0610671945361,115.0610671945361,1.0420832758273875,1.0420832758273875,1.0420832758273875,0.003928796736777547,0.003928796736777547,0.003928796736777547,1.0381544790906099,1.0381544790906099,1.0381544790906099,0.0,0.0,0.0,116.10315047036349,115.41303848372642,1
2455,2024-09-03,115.75030603195013,109.36723435009377,123.30712967621278,115.75030603195013,115.75030603195013,0.43821109290749066,0.43821109290749066,0.43821109290749066,0.04431353266013275,0.04431353266013275,0.04431353266013275,0.39389756024735795,0.39389756024735795,0.39389756024735795,0.0,0.0,0.0,116.18851712485763,115.59320142535003,1
2456,2024-09-04,115.92261574130357,109.10409111573897,123.3860410341632,115.92261574130357,115.92261574130357,0.17537273988486382,0.17537273988486382,0.17537273988486382,-0.0333372521912821,-0.0333372521912821,-0.0333372521912821,0.20870999207614593,0.20870999207614593,0.20870999207614593,0.0,0.0,0.0,116.09798848118844,115.73942958413474,1
2457,2024-09-05,116.09492545065702,109.07877255929857,123.1766942589148,116.09492545065702,116.09492545065702,0.05908047426807276,0.05908047426807276,0.05908047426807276,0.038648265392027564,0.038648265392027564,0.038648265392027564,0.020432208876045188,0.020432208876045188,0.020432208876045188,0.0,0.0,0.0,116.15400592492509,115.87398933225897,1
2458,2024-09-06,116.26723516001046,108.75117442289647,122.7380090288861,116.26723516001046,116.26723516001046,-0.16358626463971981,-0.16358626463971981,-0.16358626463971981,0.00392879673671616,0.00392879673671616,0.00392879673671616,-0.16751506137643596,-0.16751506137643596,-0.16751506137643596,0.0,0.0,0.0,116.10364889537074,115.97322681679047,1
2459,2024-09-09,116.78416428807105,109.0244678863362,123.4828810649472,116.78416428807105,116.78416428807105,-0.6332497574260317,-0.6332497574260317,-0.6332497574260317,0.06302283964516449,0.06302283964516449,0.06302283964516449,-0.6962725970711963,-0.6962725970711963,-0.6962725970711963,0.0,0.0,0.0,116.15091453064503,116.05970869359149,1
2460,2024-09-10,116.95647399742451,109.4332748422511,122.61148246677199,116.95647399742451,116.95647399742451,-0.8063645252190377,-0.8063645252190377,-0.8063645252190377,0.04431353266009871,0.04431353266009871,0.04431353266009871,-0.8506780578791364,-0.8506780578791364,-0.8506780578791364,0.0,0.0,0.0,116.15010947220547,116.09128233802554,1
2461,2024-09-11,117.12878370677795,109.29528179655534,122.77445355840149,117.12878370677795,117.12878370677795,-1.0230938991304301,-1.0230938991304301,-1.0230938991304301,-0.03333725219121598,-0.03333725219121598,-0.03333725219121598,-0.9897566469392142,-0.9897566469392142,-0.9897566469392142,0.0,0.0,0.0,116.10568980764752,116.10874862544127,-1
2462,2024-09-12,117.3010934161314,109.35010453341332,123.62967074173142,117.3010934161314,117.3010934161314,-1.0727408169875938,-1.0727408169875938,-1.0727408169875938,0.03864826539184409,0.03864826539184409,0.03864826539184409,-1.111389082379438,-1.111389082379438,-1.111389082379438,0.0,0.0,0.0,116.2283525991438,116.1370239916178,1
2463,2024-09-13,117.47340312548484,109.64124730766075,123.057897806362,117.47340312548484,117.47340312548484,-1.2099384965434767,-1.2099384965434767,-1.2099384965434767,0.003928796736654766,0.003928796736654766,0.003928796736654766,-1.2138672932801315,-1.2138672932801315,-1.2138672932801315,0.0,0.0,0.0,116.26346462894136,116.15458419352885,1
2464,2024-09-16,117.99033225354529,109.74839974362688,123.71771883388305,117.99033225354529,117.99033225354529,-1.333017248568779,-1.333017248568779,-1.333017248568779,0.06302283964518263,0.06302283964518263,0.06302283964518263,-1.3960400882139619,-1.3960400882139619,-1.3960400882139619,0.0,0.0,0.0,116.65731500497651,116.21000064699017,1
2465,2024-09-17,118.16264196289887,109.5488699400984,123.56954829202645,118.16264196289887,118.16264196289887,-1.3695860110697429,-1.3695860110697429,-1.3695860110697429,0.04431353265994631,0.04431353265994631,0.04431353265994631,-1.4138995437296893,-1.4138995437296893,-1.4138995437296893,0.0,0.0,0.0,116.79305595182913,116.2704545296873,1
2466,2024-09-18,118.33495167225232,110.02724162334775,123.8276561115353,118.33495167225232,118.33495167225232,-1.4442655286133685,-1.4442655286133685,-1.4442655286133685,-0.03333725219121812,-0.03333725219121812,-0.03333725219121812,-1.4109282764221502,-1.4109282764221502,-1.4109282764221502,0.0,0.0,0.0,116.89068614363894,116.34972429593236,1
2467,2024-09-19,118.50726138160576,110.8384308818237,124.46088527276183,118.50726138160576,118.50726138160576,-1.3494959352002296,-1.3494959352002296,-1.3494959352002296,0.038648265391851955,0.038648265391851955,0.038648265391851955,-1.3881442005920814,-1.3881442005920814,-1.3881442005920814,0.0,0.0,0.0,117.15776544640553,116.45010024808042,1
2468,2024-09-20,118.6795710909592,110.29241553004339,124.27744092715604,118.6795710909592,118.6795710909592,-1.3430300340452932,-1.3430300340452932,-1.3430300340452932,0.003928796736602334,0.003928796736602334,0.003928796736602334,-1.3469588307818956,-1.3469588307818956,-1.3469588307818956,0.0,0.0,0.0,117.3365410569139,116.57338946423472,1
2469,2024-09-23,119.19650021901967,111.44904984080976,125.11797102707291,119.19650021901967,119.19650021901967,-1.0690146987171762,-1.0690146987171762,-1.0690146987171762,0.06302283964494744,0.06302283964494744,0.06302283964494744,-1.1320375383621237,-1.1320375383621237,-1.1320375383621237,0.0,0.0,0.0,118.12748552030249,116.77104656320049,1
2470,2024-09-24,119.36880992837324,111.47662659537112,125.22918282585614,119.36880992837324,119.36880992837324,-0.9932286273359319,-0.9932286273359319,-0.9932286273359319,0.0443135326597939,0.0443135326597939,0.0443135326597939,-1.0375421599957257,-1.0375421599957257,-1.0375421599957257,0.0,0.0,0.0,118.3755813010373,116.99359374608366,1
2471,2024-09-25,119.54111963772668,111.85978713725055,125.3171074515151,119.54111963772668,119.54111963772668,-0.9691648745245307,-0.9691648745245307,-0.9691648745245307,-0.03333725219124294,-0.03333725219124294,-0.03333725219124294,-0.9358276223332879,-0.9358276223332879,-0.9358276223332879,0.0,0.0,0.0,118.57195476320214,117.2402202416391,1
2472,2024-09-26,119.71342934708026,111.68141909071008,126.50741246484975,119.71342934708026,119.71342934708026,-0.7908768466035636,-0.7908768466035636,-0.7908768466035636,0.038648265391950806,0.038648265391950806,0.038648265391950806,-0.8295251119955144,-0.8295251119955144,-0.8295251119955144,0.0,0.0,0.0,118.9225525004767,117.5096402317724,1
2473,2024-09-27,119.8857390564337,112.03954413554276,126.35048021707496,119.8857390564337,119.8857390564337,-0.7173141164180153,-0.7173141164180153,-0.7173141164180153,0.003928796736549908,0.003928796736549908,0.003928796736549908,-0.7212429131545652,-0.7212429131545652,-0.7212429131545652,0.0,0.0,0.0,119.1684249400157,117.80013626287985,1
2474,2024-09-30,120.40266818449403,113.4577025993686,126.60038739278511,120.40266818449403,120.40266818449403,-0.34589932310629024,-0.34589932310629024,-0.34589932310629024,0.06302283964508794,0.06302283964508794,0.06302283964508794,-0.40892216275137816,-0.40892216275137816,-0.40892216275137816,0.0,0.0,0.0,120.05676886138774,118.14008164852096,1
2475,2024-10-01,120.57497789384762,113.17690689564546,126.88314086690559,120.57497789384762,120.57497789384762,-0.2718486641112806,-0.2718486641112806,-0.2718486641112806,0.04431353265975986,0.04431353265975986,0.04431353265975986,-0.3161621967710405,-0.3161621967710405,-0.3161621967710405,0.0,0.0,0.0,120.30312922973634,118.49108897631167,1
2476,2024-10-02,120.74728760320106,114.01852020077764,127.99630480432505,120.74728760320106,120.74728760320106,-0.2653447069295201,-0.2653447069295201,-0.2653447069295201,-0.033337252191267756,-0.033337252191267756,-0.033337252191267756,-0.23200745473825235,-0.23200745473825235,-0.23200745473825235,0.0,0.0,0.0,120.48194289627153,118.85021465157494,1
2477,2024-10-03,120.91959731255463,114.60177407875707,127.91060751975121,120.91959731255463,120.91959731255463,-0.11909428744878318,-0.11909428744878318,-0.11909428744878318,0.038648265391958675,0.038648265391958675,0.038648265391958675,-0.15774255284074185,-0.15774255284074185,-0.15774255284074185,0.0,0.0,0.0,120.80050302510584,119.21448840944497,1
2478,2024-10-04,121.09190702190807,114.99091435482555,127.84895012767991,121.09190702190807,121.09190702190807,-0.09036885145250972,-0.09036885145250972,-0.09036885145250972,0.003928796736797462,0.003928796736797462,0.003928796736797462,-0.09429764818930719,-0.09429764818930719,-0.09429764818930719,0.0,0.0,0.0,121.00153817045556,119.58098812079913,1
2479,2024-10-07,121.60883614996841,114.45675381884571,128.56119593406217,121.60883614996841,121.60883614996841,0.0903904102372948,0.0903904102372948,0.0903904102372948,0.06302283964498373,0.06302283964498373,0.06302283964498373,0.027367570592311076,0.027367570592311076,0.027367570592311076,0.0,0.0,0.0,121.6992265602057,119.93816222478945,1
2480,2024-10-08,121.78114585932198,114.88868072038515,129.6535060027866,121.78114585932198,121.78114585932198,0.08993365151862724,0.08993365151862724,0.08993365151862724,0.044313532659725825,0.044313532659725825,0.044313532659725825,0.04562011885890141,0.04562011885890141,0.04562011885890141,0.0,0.0,0.0,121.8710795108406,120.28771204576978,1
2481,2024-10-09,121.95345556867542,114.88063822673246,128.3782611933445,121.95345556867542,121.95345556867542,0.020545118641233127,0.020545118641233127,0.020545118641233127,-0.03333725219126991,-0.03333725219126991,-0.03333725219126991,0.05388237083250303,0.05388237083250303,0.05388237083250303,0.0,0.0,0.0,121.97400068731666,120.62791663818125,1
2482,2024-10-10,122.12576527802901,115.38636383701552,129.30038952530785,122.12576527802901,122.12576527802901,0.09196407622473804,0.09196407622473804,0.09196407622473804,0.03864826539201204,0.03864826539201204,0.03864826539201204,0.05331581083272599,0.05331581083272599,0.05331581083272599,0.0,0.0,0.0,122.21772935425375,120.95743432355894,1
2483,2024-10-11,122.29807498738245,115.67232389908827,128.81146754282474,122.29807498738245,122.29807498738245,0.04926914720330177,0.04926914720330177,0.04926914720330177,0.00392879673673607,0.00392879673673607,0.00392879673673607,0.045340350466565704,0.045340350466565704,0.045340350466565704,0.0,0.0,0.0,122.34734413458575,121.27532624301595,1
2484,2024-10-14,122.8150041154429,116.42140349091753,129.94971721396965,122.8150041154429,122.8150041154429,0.057073978922397336,0.057073978922397336,0.057073978922397336,0.06302283964512423,0.06302283964512423,0.06302283964512423,-0.005948860722726897,-0.005948860722726897,-0.005948860722726897,0.0,0.0,0.0,122.8720780943653,121.55685716631369,1
2485,2024-10-15,122.98731382479635,116.06871313383417,129.9920952644392,122.98731382479635,122.98731382479635,0.018442039349142736,0.018442039349142736,0.018442039349142736,0.04431353266002765,0.04431353266002765,0.04431353266002765,-0.02587149331088492,-0.02587149331088492,-0.02587149331088492,0.0,0.0,0.0,123.00575586414548,121.82711982975464,1
2486,2024-10-16,123.1596235341498,116.50995278949368,129.7716900903092,123.1596235341498,123.1596235341498,-0.07729148664115996,-0.07729148664115996,-0.07729148664115996,-0.03333725219129472,-0.03333725219129472,-0.03333725219129472,-0.04395423444986524,-0.04395423444986524,-0.04395423444986524,0.0,0.0,0.0,123.08233204750864,122.08715874487832,1
2487,2024-10-17,123.33193324350337,116.22010254909556,130.4335036547775,123.33193324350337,123.33193324350337,-0.019650525380205015,-0.019650525380205015,-0.019650525380205015,0.038648265392019904,0.038648265392019904,0.038648265392019904,-0.05829879077222491,-0.05829879077222491,-0.05829879077222491,0.0,0.0,0.0,123.31228271812317,122.33833671418006,1
2488,2024-10-18,123.50424295285681,117.15530127227052,130.2699658076432,123.50424295285681,123.50424295285681,-0.0631888510350882,-0.0631888510350882,-0.0631888510350882,0.003928796736692606,0.003928796736692606,0.003928796736692606,-0.06711764777178081,-0.06711764777178081,-0.06711764777178081,0.0,0.0,0.0,123.44105410182172,122.58228830731669,1
2489,2024-10-21,124.02117208091728,117.63728937774539,130.9068404273131,124.02117208091728,124.02117208091728,0.017816017137050052,0.017816017137050052,0.017816017137050052,0.06302283964514238,0.06302283964514238,0.06302283964514238,-0.04520682250809233,-0.04520682250809233,-0.04520682250809233,0.0,0.0,0.0,124.03898809805433,122.81626446110154,1
2490,2024-10-22,124.19348179027072,117.41923664734924,131.27366147939782,124.19348179027072,124.19348179027072,0.02643378033221165,0.02643378033221165,0.02643378033221165,0.044313532659993604,0.044313532659993604,0.044313532659993604,-0.017879752327781953,-0.017879752327781953,-0.017879752327781953,0.0,0.0,0.0,124.21991557060294,123.05114806707778,1
2491,2024-10-23,124.36579149962417,117.26865264143528,130.66846433898948,124.36579149962417,124.36579149962417,-0.012623249598905746,-0.012623249598905746,-0.012623249598905746,-0.03333725219122861,-0.03333725219122861,-0.03333725219122861,0.02071400259232286,0.02071400259232286,0.02071400259232286,0.0,0.0,0.0,124.35316825002526,123.28906482334862,1
2492,2024-10-24,124.53810120897774,117.86448919726139,131.5792713987413,124.53810120897774,124.53810120897774,0.10951304751005045,0.10951304751005045,0.10951304751005045,0.038648265392073264,0.038648265392073264,0.038648265392073264,0.07086478211797717,0.07086478211797717,0.07086478211797717,0.0,0.0,0.0,124.64761425648778,123.53205331357205,1
2493,2024-10-25,124.71041091833118,118.08337594484166,132.27931546840935,124.71041091833118,124.71041091833118,0.1364681360196936,0.1364681360196936,0.1364681360196936,0.003928796736631215,0.003928796736631215,0.003928796736631215,0.13253933928306239,0.13253933928306239,0.13253933928306239,0.0,0.0,0.0,124.84687905435086,123.78200680554855,1
2494,2024-10-28,125.22734004639165,118.99475930614919,132.37937088292568,125.22734004639165,125.22734004639165,0.4446029676112215,0.4446029676112215,0.4446029676112215,0.0630228396452829,0.0630228396452829,0.0630228396452829,0.38158012796593854,0.38158012796593854,0.38158012796593854,0.0,0.0,0.0,125.67194301400286,124.0619932975123,1
2495,2024-10-29,125.39964975574509,118.63605968378535,132.54455685938868,125.39964975574509,125.39964975574509,0.5270342135254439,0.5270342135254439,0.5270342135254439,0.04431353265995957,0.04431353265995957,0.04431353265995957,0.48272068086548425,0.48272068086548425,0.48272068086548425,0.0,0.0,0.0,125.92668396927053,124.3540861080248,1
2496,2024-10-30,125.57195946509867,118.84239754885523,132.58381532017242,125.57195946509867,125.57195946509867,0.5573106581391292,0.5573106581391292,0.5573106581391292,-0.033337252191344355,-0.033337252191344355,-0.033337252191344355,0.5906479103304735,0.5906479103304735,0.5906479103304735,0.0,0.0,0.0,126.1292701232378,124.65877991559773,1
2497,2024-10-31,125.74426917445211,119.94698908994769,133.4773757006455,125.74426917445211,125.74426917445211,0.7423079652378327,0.7423079652378327,0.7423079652378327,0.038648265391889786,0.038648265391889786,0.038648265391889786,0.7036596998459428,0.7036596998459428,0.7036596998459428,0.0,0.0,0.0,126.48657713968994,124.9762093577544,1
2498,2024-11-01,125.91657888380556,119.65587132597634,133.6546505782714,125.91657888380556,125.91657888380556,0.8238127095132151,0.8238127095132151,0.8238127095132151,0.003928796736578786,0.003928796736578786,0.003928796736578786,0.8198839127766362,0.8198839127766362,0.8198839127766362,0.0,0.0,0.0,126.74039159331878,125.3061431069041,1
2499,2024-11-04,126.43350801186601,120.88250960579444,134.87438242981045,126.43350801186601,126.43350801186601,1.2305165626068164,1.2305165626068164,1.2305165626068164,0.06302283964530103,0.06302283964530103,0.06302283964530103,1.1674937229615152,1.1674937229615152,1.1674937229615152,0.0,0.0,0.0,127.66402457447283,125.66864675454596,1
2500,2024-11-05,126.6058177212196,121.26626169048059,135.29435598193288,126.6058177212196,126.6058177212196,1.3203328002195662,1.3203328002195662,1.3203328002195662,0.04431353266014303,0.04431353266014303,0.04431353266014303,1.276019267559423,1.276019267559423,1.276019267559423,0.0,0.0,0.0,127.92615052143915,126.0392702496296,1
2501,2024-11-06,126.77812743057304,121.37522693006605,135.13418823897163,126.77812743057304,126.77812743057304,1.3440996843357444,1.3440996843357444,1.3440996843357444,-0.033337252191278234,-0.033337252191278234,-0.033337252191278234,1.3774369365270225,1.3774369365270225,1.3774369365270225,0.0,0.0,0.0,128.12222711490878,126.41617613611793,1
2502,2024-11-07,126.95043713992648,121.40156366261559,135.21032131048426,126.95043713992648,126.95043713992648,1.5084646245598936,1.5084646245598936,1.5084646245598936,0.03864826539194314,0.03864826539194314,0.03864826539194314,1.4698163591679505,1.4698163591679505,1.4698163591679505,0.0,0.0,0.0,128.45890176448637,126.79730488691777,1
2503,2024-11-08,127.12274684927992,121.84852773693531,135.66004339083304,127.12274684927992,127.12274684927992,1.5553020053471602,1.5553020053471602,1.5553020053471602,0.003928796736826343,0.003928796736826343,0.003928796736826343,1.5513732086103338,1.5513732086103338,1.5513732086103338,0.0,0.0,0.0,128.6780488546271,127.18042186694541,1
2504,2024-11-11,127.63967597734039,122.56900972238206,136.27534989277137,127.63967597734039,127.63967597734039,1.779215486393813,1.779215486393813,1.779215486393813,0.06302283964506583,0.06302283964506583,0.06302283964506583,1.7161926467487472,1.7161926467487472,1.7161926467487472,0.0,0.0,0.0,129.4188914637342,127.55511671191857,1
2505,2024-11-12,127.81198568669396,122.8937253168905,136.31915920804283,127.81198568669396,127.81198568669396,1.7850295211115157,1.7850295211115157,1.7850295211115157,0.04431353266022735,0.04431353266022735,0.04431353266022735,1.7407159884512884,1.7407159884512884,1.7407159884512884,0.0,0.0,0.0,129.59701520780547,127.92214983577203,1
2506,2024-11-13,127.9842953960474,122.86454152231993,136.0828287687498,127.9842953960474,127.9842953960474,1.7154510295307854,1.7154510295307854,1.7154510295307854,-0.033337252191212106,-0.033337252191212106,-0.033337252191212106,1.7487882817219975,1.7487882817219975,1.7487882817219975,0.0,0.0,0.0,129.69974642557818,128.27919746600608,1
2507,2024-11-14,128.15660510540084,123.11726973378224,136.8426704738122,128.15660510540084,128.15660510540084,1.7787309568838683,1.7787309568838683,1.7787309568838683,0.03864826539195101,0.03864826539195101,0.03864826539195101,1.7400826914919174,1.7400826914919174,1.7400826914919174,0.0,0.0,0.0,129.9353360622847,128.62407335826555,1
2508,2024-11-15,128.32891481475428,122.96963116805568,136.8009803817738,128.32891481475428,128.32891481475428,1.71848483889199,1.71848483889199,1.71848483889199,0.003928796736773914,0.003928796736773914,0.003928796736773914,1.714556042155216,1.714556042155216,1.714556042155216,0.0,0.0,0.0,130.04739965364627,128.9547741642983,1
2509,2024-11-18,128.84584394281475,123.25147686385718,137.4847270986735,128.84584394281475,128.84584394281475,1.6037436706970438,1.6037436706970438,1.6037436706970438,0.06302283964508398,0.06302283964508398,0.06302283964508398,1.54072083105196,1.54072083105196,1.54072083105196,0.0,0.0,0.0,130.4495876135118,129.2333304682022,1
2510,2024-11-19,129.01815365216834,123.21891771776265,136.78561131694647,129.01815365216834,129.01815365216834,1.4971585206640947,1.4971585206640947,1.4971585206640947,0.044313532660074956,0.044313532660074956,0.044313532660074956,1.4528449880040197,1.4528449880040197,1.4528449880040197,0.0,0.0,0.0,130.51531217283244,129.49224663334152,1
2511,2024-11-20,129.19046336152178,123.91584772507943,137.1465266845452,129.19046336152178,129.19046336152178,1.318467282983185,1.318467282983185,1.318467282983185,-0.033337252191236934,-0.033337252191236934,-0.033337252191236934,1.3518045351744217,1.3518045351744217,1.3518045351744217,0.0,0.0,0.0,130.50893064450497,129.73091698630117,1
2512,2024-11-21,129.36277307087522,124.05974312730953,137.2868418023276,129.36277307087522,129.36277307087522,1.2776058839753066,1.2776058839753066,1.2776058839753066,0.03864826539204986,0.03864826539204986,0.03864826539204986,1.2389576185832565,1.2389576185832565,1.2389576185832565,0.0,0.0,0.0,130.64037895485052,129.94906470533755,1
2513,2024-11-22,129.5350827802288,123.84827975641343,137.7688676750723,129.5350827802288,129.5350827802288,1.1197328401810407,1.1197328401810407,1.1197328401810407,0.003928796736721485,0.003928796736721485,0.003928796736721485,1.1158040434443193,1.1158040434443193,1.1158040434443193,0.0,0.0,0.0,130.65481562040983,130.14674138191583,1
2514,2024-11-25,130.05201190828913,124.35502714068889,137.8739357739551,130.05201190828913,130.05201190828913,0.7639344509123982,0.7639344509123982,0.7639344509123982,0.06302283964510212,0.06302283964510212,0.06302283964510212,0.7009116112672961,0.7009116112672961,0.7009116112672961,0.0,0.0,0.0,130.81594635920152,130.2864468714626,1
2515,2024-11-26,130.2243216176427,123.87796883336544,137.61879767255613,130.2243216176427,130.2243216176427,0.597480737177031,0.597480737177031,0.597480737177031,0.044313532660040914,0.044313532660040914,0.044313532660040914,0.5531672045169901,0.5531672045169901,0.5531672045169901,0.0,0.0,0.0,130.8218023548197,130.408925586164,1
2516,2024-11-27,130.39663132699616,124.34279766592016,137.6586506661475,130.39663132699616,130.39663132699616,0.3702058546455301,0.3702058546455301,0.3702058546455301,-0.03333725219114814,-0.03333725219114814,-0.03333725219114814,0.4035431068366782,0.4035431068366782,0.4035431068366782,0.0,0.0,0.0,130.76683718164168,130.51563466177035,1
2517,2024-11-28,130.5689410363497,123.82627064737962,137.60533528726913,130.5689410363497,130.5689410363497,0.2923242892199475,0.2923242892199475,0.2923242892199475,0.03864826539205773,0.03864826539205773,0.03864826539205773,0.2536760238278898,0.2536760238278898,0.2536760238278898,0.0,0.0,0.0,130.86126532556966,130.60822758809883,1
2518,2024-11-29,130.74125074570304,123.91880272470401,137.2840156875886,130.74125074570304,130.74125074570304,0.10904509477192413,0.10904509477192413,0.10904509477192413,0.003928796736669056,0.003928796736669056,0.003928796736669056,0.10511629803525507,0.10511629803525507,0.10511629803525507,0.0,0.0,0.0,130.85029584047496,130.68851720678168,1
2519,2024-11-30,130.9135604550566,124.0805159956052,137.34482139441053,130.9135604550566,130.9135604550566,-0.09898461163105317,-0.09898461163105317,-0.09898461163105317,-0.05828810986791193,-0.05828810986791193,-0.05828810986791193,-0.04069650176314125,-0.04069650176314125,-0.04069650176314125,0.0,0.0,0.0,130.81457584342553,130.72501602977306,1
2520,2024-12-01,131.08587016441004,123.73542438019213,137.85351183285468,131.08587016441004,131.08587016441004,-0.2407424056163955,-0.2407424056163955,-0.2407424056163955,-0.058288072374321875,-0.058288072374321875,-0.058288072374321875,-0.1824543332420736,-0.1824543332420736,-0.1824543332420736,0.0,0.0,0.0,130.84512775879364,130.7579975883692,1
2521,2024-12-02,131.25817987376362,123.41522991654914,137.67272986427452,131.25817987376362,131.25817987376362,-0.2559746510334428,-0.2559746510334428,-0.2559746510334428,0.06302283964486693,0.06302283964486693,0.06302283964486693,-0.31899749067830974,-0.31899749067830974,-0.31899749067830974,0.0,0.0,0.0,131.00220522273017,130.80732504619172,1
2522,2024-12-03,131.43048958311707,124.2097424131435,137.80779440475857,131.43048958311707,131.43048958311707,-0.40501376834929276,-0.40501376834929276,-0.40501376834929276,0.04431353266000687,0.04431353266000687,0.04431353266000687,-0.44932730100929963,-0.44932730100929963,-0.44932730100929963,0.0,0.0,0.0,131.02547581476776,130.84583473218345,1
2523,2024-12-04,131.6027992924705,124.25008315094382,137.928870971473,131.6027992924705,131.6027992924705,-0.6059518980362659,-0.6059518980362659,-0.6059518980362659,-0.0333372521912639,-0.0333372521912639,-0.0333372521912639,-0.5726146458450021,-0.5726146458450021,-0.5726146458450021,0.0,0.0,0.0,130.99684739443424,130.8800379095859,1
2524,2024-12-05,131.7751090018241,123.62169684289661,137.60217969490515,131.7751090018241,131.7751090018241,-0.6495560912676016,-0.6495560912676016,-0.6495560912676016,0.038648265391919734,0.038648265391919734,0.038648265391919734,-0.6882043566595214,-0.6882043566595214,-0.6882043566595214,0.0,0.0,0.0,131.12555291055648,130.91099856472138,1
2525,2024-12-06,131.9474187111774,124.64573418604756,138.20083611233434,131.9474187111774,131.9474187111774,-0.7916868336719349,-0.7916868336719349,-0.7916868336719349,0.003928796736607659,0.003928796736607659,0.003928796736607659,-0.7956156304085427,-0.7956156304085427,-0.7956156304085427,0.0,0.0,0.0,131.15573187750545,130.94439151698992,1
2526,2024-12-07,132.11972842053098,124.40504471163118,137.77962356289632,132.11972842053098,132.11972842053098,-0.9528268130986572,-0.9528268130986572,-0.9528268130986572,-0.0582881098679741,-0.0582881098679741,-0.0582881098679741,-0.8945387032306831,-0.8945387032306831,-0.8945387032306831,0.0,0.0,0.0,131.16690160743232,130.984397959569,1
2527,2024-12-08,132.29203812988442,124.49528688321398,138.07180816392884,132.29203812988442,132.29203812988442,-1.0431161710786492,-1.0431161710786492,-1.0431161710786492,-0.058288072374755515,-0.058288072374755515,-0.058288072374755515,-0.9848280987038937,-0.9848280987038937,-0.9848280987038937,0.0,0.0,0.0,131.24892195880577,131.02316362289264,1
2528,2024-12-09,132.464347839238,124.93509968113084,138.64553419886514,132.464347839238,132.464347839238,-1.0034699930497184,-1.0034699930497184,-1.0034699930497184,0.06302283964500743,0.06302283964500743,0.06302283964500743,-1.0664928326947258,-1.0664928326947258,-1.0664928326947258,0.0,0.0,0.0,131.46087784618828,131.08422182346396,1
2529,2024-12-10,132.63665754859144,124.63415714982521,138.53368476071134,132.63665754859144,132.63665754859144,-1.0953704754165918,-1.0953704754165918,-1.0953704754165918,0.044313532659972836,0.044313532659972836,0.044313532659972836,-1.1396840080765647,-1.1396840080765647,-1.1396840080765647,0.0,0.0,0.0,131.54128707317486,131.1568929464389,1
2530,2024-12-11,132.8089672579449,124.85737864748637,138.31736897012067,132.8089672579449,132.8089672579449,-1.23801752103194,-1.23801752103194,-1.23801752103194,-0.03333725219119778,-0.03333725219119778,-0.03333725219119778,-1.2046802688407423,-1.2046802688407423,-1.2046802688407423,0.0,0.0,0.0,131.57094973691295,131.2294751442508,1
2531,2024-12-12,132.98127696729847,125.41339661082043,138.26390751411103,132.98127696729847,132.98127696729847,-1.2232233388304639,-1.2232233388304639,-1.2232233388304639,0.03864826539192761,0.03864826539192761,0.03864826539192761,-1.2618716042223912,-1.2618716042223912,-1.2618716042223912,0.0,0.0,0.0,131.75805362846802,131.30505998482462,1
2532,2024-12-13,133.15358667665177,124.64291728965105,138.98519895045098,133.15358667665177,133.15358667665177,-1.3078132029761158,-1.3078132029761158,-1.3078132029761158,0.003928796736855227,0.003928796736855227,0.003928796736855227,-1.3117419997129711,-1.3117419997129711,-1.3117419997129711,0.0,0.0,0.0,131.84577347367565,131.3870897507154,1
2533,2024-12-14,133.32589638600535,124.91193077118652,138.9522325763862,133.32589638600535,133.32589638600535,-1.4131395338447676,-1.4131395338447676,-1.4131395338447676,-0.05828810986803627,-0.05828810986803627,-0.05828810986803627,-1.3548514239767315,-1.3548514239767315,-1.3548514239767315,0.0,0.0,0.0,131.91275685216058,131.47868069648803,1
2534,2024-12-15,133.4982060953589,124.84847606119227,139.05200993949674,133.4982060953589,133.4982060953589,-1.45010569223931,-1.45010569223931,-1.45010569223931,-0.058288072374551456,-0.058288072374551456,-0.058288072374551456,-1.3918176198647587,-1.3918176198647587,-1.3918176198647587,0.0,0.0,0.0,132.0481004031196,131.57093544574434,1
2535,2024-12-16,133.67051580471235,125.44590023639643,139.65783837202127,133.67051580471235,133.67051580471235,-1.360275295728291,-1.360275295728291,-1.360275295728291,0.06302283964490324,0.06302283964490324,0.06302283964490324,-1.4232981353731944,-1.4232981353731944,-1.4232981353731944,0.0,0.0,0.0,132.31024050898407,131.68638630889222,1
2536,2024-12-17,133.84282551406582,126.06714846083948,139.1055358874153,133.84282551406582,133.84282551406582,-1.4056594556516178,-1.4056594556516178,-1.4056594556516178,0.04431353265982043,0.04431353265982043,0.04431353265982043,-1.449972988311438,-1.449972988311438,-1.449972988311438,0.0,0.0,0.0,132.4371660584142,131.81341275399038,1
2537,2024-12-18,134.01513522341926,125.47056577028097,139.26739932398863,134.01513522341926,134.01513522341926,-1.5058655607362472,-1.5058655607362472,-1.5058655607362472,-0.0333372521912226,-0.0333372521912226,-0.0333372521912226,-1.4725283085450247,-1.4725283085450247,-1.4725283085450247,0.0,0.0,0.0,132.509269662683,131.9394475243781,1
2538,2024-12-19,134.18744493277282,125.9930979972552,139.00396517695674,134.18744493277282,134.18744493277282,-1.45299298067063,-1.45299298067063,-1.45299298067063,0.03864826539193548,0.03864826539193548,0.03864826539193548,-1.4916412460625657,-1.4916412460625657,-1.4916412460625657,0.0,0.0,0.0,132.73445195210218,132.06680493496953,1
2539,2024-12-20,134.35975464212626,125.68625587381955,139.9431057212986,134.35975464212626,134.35975464212626,-1.504037577222816,-1.504037577222816,-1.504037577222816,0.003928796736793832,0.003928796736793832,0.003928796736793832,-1.5079663739596099,-1.5079663739596099,-1.5079663739596099,0.0,0.0,0.0,132.85571706490344,132.1982479341424,1
2540,2024-12-21,134.5320643514797,126.16518304278223,139.89003979649237,134.5320643514797,134.5320643514797,-1.5804118646851302,-1.5804118646851302,-1.5804118646851302,-0.05828810986809846,-0.05828810986809846,-0.05828810986809846,-1.5221237548170314,-1.5221237548170314,-1.5221237548170314,0.0,0.0,0.0,132.9516524867946,132.33631820913052,1
2541,2024-12-22,134.7043740608333,125.8295415327695,139.71510759367374,134.7043740608333,134.7043740608333,-1.592976851370445,-1.592976851370445,-1.592976851370445,-0.058288072374449496,-0.058288072374449496,-0.058288072374449496,-1.534688778995995,-1.534688778995995,-1.534688778995995,0.0,0.0,0.0,133.11139720946284,132.47165256723002,1
2542,2024-12-23,134.87668377018673,126.26977624514616,140.27501056177036,134.87665755212637,134.87668377018673,-1.4831609862686486,-1.4831609862686486,-1.4831609862686486,0.06302283964504372,0.06302283964504372,0.06302283964504372,-1.5461838259136922,-1.5461838259136922,-1.5461838259136922,0.0,0.0,0.0,133.3935227839181,132.62642749825426,1
2543,2024-12-24,135.04899347954017,127.07564386463454,140.6836291539431,135.04769082763195,135.04899347954017,-1.5127582135039292,-1.5127582135039292,-1.5127582135039292,0.04431353266012226,0.04431353266012226,0.04431353266012226,-1.5570717461640515,-1.5570717461640515,-1.5570717461640515,0.0,0.0,0.0,133.53623526603624,132.78877533964183,1
2544,2024-12-25,135.22130318889361,126.70797052007397,140.3819789997879,135.21913210237992,135.22130318889361,-1.6010883669786968,-1.6010883669786968,-1.6010883669786968,-0.03333725219124741,-0.03333725219124741,-0.03333725219124741,-1.5677511147874497,-1.5677511147874497,-1.5677511147874497,0.0,0.0,0.0,133.6202148219149,132.94598678152136,1
2545,2024-12-26,135.3936128982472,126.87623218496617,140.3985249327033,135.390573377128,135.3936128982472,-1.5399048998720706,-1.5399048998720706,-1.5399048998720706,0.03864826539203432,0.03864826539203432,0.03864826539203432,-1.5785531652641047,-1.5785531652641047,-1.5785531652641047,0.0,0.0,0.0,133.8537079983751,133.10033353046046,1
2546,2024-12-27,135.56592260760064,127.53422648494794,141.18859658166068,135.555071792317,135.56592260760064,-1.5858114839770543,-1.5858114839770543,-1.5858114839770543,0.0039287967367503665,0.0039287967367503665,0.0039287967367503665,-1.5897402807138048,-1.5897402807138048,-1.5897402807138048,0.0,0.0,0.0,133.98011112362357,133.2546280369814,1
2547,2024-12-28,135.73823231695408,127.21753396498052,141.03907176397615,135.7245886939792,135.73823231695408,-1.659794003697374,-1.659794003697374,-1.659794003697374,-0.05828810986809897,-0.05828810986809897,-0.05828810986809897,-1.601505893829275,-1.601505893829275,-1.601505893829275,0.0,0.0,0.0,134.0784383132567,133.41154490203877,1
2548,2024-12-29,135.91054202630767,127.43606556215046,140.6746904034826,135.8906727819723,135.91054202630767,-1.6722637027874554,-1.6722637027874554,-1.6722637027874554,-0.058288072374781015,-0.058288072374781015,-0.058288072374781015,-1.6139756304126744,-1.6139756304126744,-1.6139756304126744,0.0,0.0,0.0,134.2382783235202,133.56192753918057,1
2549,2024-12-30,136.08285173566097,126.99946648672233,140.92577167958459,136.05994233035668,136.08285173566097,-1.564186683202161,-1.564186683202161,-1.564186683202161,0.06302283964518424,0.06302283964518424,0.06302283964518424,-1.6272095228473453,-1.6272095228473453,-1.6272095228473453,0.0,0.0,0.0,134.5186650524588,133.7282223379361,1
2550,2024-12-31,136.25516144501455,127.79604268484971,141.3164248077821,136.22338993410023,136.25599733939967,-1.5968915862989579,-1.5968915862989579,-1.5968915862989579,0.04431353265996985,0.04431353265996985,0.04431353265996985,-1.6412051189589278,-1.6412051189589278,-1.6412051189589278,0.0,0.0,0.0,134.65826985871558,133.89888407512822,1
2551,2025-01-01,136.42747115436813,127.50679803508095,141.16798611880054,136.38622450981785,136.4299715528385,-1.6892385699351715,-1.6892385699351715,-1.6892385699351715,-0.03333725219127223,-0.03333725219127223,-0.03333725219127223,-1.6559013177438993,-1.6559013177438993,-1.6559013177438993,0.0,0.0,0.0,134.73823258443295,134.0615676126252,1
2552,2025-01-02,136.59978086372158,128.17416386595332,141.4894914466928,136.54992077835888,136.60829484181664,-1.632534510014296,-1.632534510014296,-1.632534510014296,0.03864826539204219,0.03864826539204219,0.03864826539204219,-1.6711827754063382,-1.6711827754063382,-1.6711827754063382,0.0,0.0,0.0,134.96724635370728,134.21893996960415,1
2553,2025-01-03,136.77209057307502,127.67891062891793,141.75416894334447,136.70879412984988,136.78401014240814,-1.682955945109752,-1.682955945109752,-1.682955945109752,0.0039287967366889685,0.0039287967366889685,0.0039287967366889685,-1.686884741846441,-1.686884741846441,-1.686884741846441,0.0,0.0,0.0,135.08913462796528,134.37422990579705,1
2554,2025-01-04,136.94440028242846,128.39737635820177,141.9530333399236,136.87216035780494,136.9610901579849,-1.7610863178260432,-1.7610863178260432,-1.7610863178260432,-0.058288109867896024,-0.058288109867896024,-0.058288109867896024,-1.702798207958147,-1.702798207958147,-1.702798207958147,0.0,0.0,0.0,135.1833139646024,134.5305398200658,1
2555,2025-01-05,137.11670999178205,128.39150242091435,142.09216904004663,137.03916702924988,137.1371279559199,-1.776963338735218,-1.776963338735218,-1.776963338735218,-0.05828807237478119,-0.05828807237478119,-0.05828807237478119,-1.7186752663604365,-1.7186752663604365,-1.7186752663604365,0.0,0.0,0.0,135.33974665304683,134.67914368553298,1
2556,2025-01-06,137.28901970113535,129.12177661486206,142.48833922014026,137.20668364059952,137.31709719644945,-1.6712117715745276,-1.6712117715745276,-1.6712117715745276,0.06302283964508001,0.06302283964508001,0.06302283964508001,-1.7342346112196074,-1.7342346112196074,-1.7342346112196074,0.0,0.0,0.0,135.61780792956083,134.84291336612668,1
2557,2025-01-07,137.46132941048893,129.06274553836533,142.61877174493014,137.3742002519494,137.49047541881035,-1.7048535925190236,-1.7048535925190236,-1.7048535925190236,0.044313532660054174,0.044313532660054174,0.044313532660054174,-1.7491671251790777,-1.7491671251790777,-1.7491671251790777,0.0,0.0,0.0,135.7564758179699,135.01071711659802,1
2558,2025-01-08,137.63363911984248,128.93702724771202,143.0836174771604,137.54171686329926,137.6707364955227,-1.7964787741306076,-1.7964787741306076,-1.7964787741306076,-0.03333725219127437,-0.03333725219127437,-0.03333725219127437,-1.7631415219393334,-1.7631415219393334,-1.7631415219393334,0.0,0.0,0.0,135.83716034571188,135.17060531881717,1
2559,2025-01-09,137.80594882919593,129.35080925101323,142.91407514307767,137.70259953880455,137.85732245338332,-1.7371617651506797,-1.7371617651506797,-1.7371617651506797,0.03864826539185872,0.03864826539185872,0.03864826539185872,-1.7758100305425382,-1.7758100305425382,-1.7758100305425382,0.0,0.0,0.0,136.06878706404524,135.32561751997582,1
2560,2025-01-10,137.97825853854937,128.93687744190944,142.94546505604453,137.869839154152,138.03864396866663,-1.782885324331367,-1.782885324331367,-1.782885324331367,0.003928796736627579,0.003928796736627579,0.003928796736627579,-1.7868141210679944,-1.7868141210679944,-1.7868141210679944,0.0,0.0,0.0,136.195373214218,135.47932785552604,1
2561,2025-01-11,138.1505682479028,129.52591971778907,143.12689095900853,138.03844688773822,138.21640261133845,-1.8540783903480957,-1.8540783903480957,-1.8540783903480957,-0.058288109867896544,-0.058288109867896544,-0.058288109867896544,-1.7957902804801993,-1.7957902804801993,-1.7957902804801993,0.0,0.0,0.0,136.29648985755472,135.63515358283823,1
2562,2025-01-12,138.3228779572564,129.5808649796342,143.165376671329,138.19807864690495,138.39416125401038,-1.8606639237937144,-1.8606639237937144,-1.8606639237937144,-0.05828807237467922,-0.05828807237467922,-0.05828807237467922,-1.8023758514190351,-1.8023758514190351,-1.8023758514190351,0.0,0.0,0.0,136.4622140334627,135.78465035081376,1
2563,2025-01-13,138.49518766660984,130.05741925849128,143.48395185460114,138.3505128318464,138.58324425489982,-1.7431921058919755,-1.7431921058919755,-1.7431921058919755,0.06302283964522053,0.06302283964522053,0.06302283964522053,-1.806214945537196,-1.806214945537196,-1.806214945537196,0.0,0.0,0.0,136.75199556071786,135.95093644408902,1
2564,2025-01-14,138.66749737596328,130.15889986784572,143.49603837426292,138.5097832596117,138.77191176769767,-1.7626509040555067,-1.7626509040555067,-1.7626509040555067,0.04431353265990177,0.04431353265990177,0.04431353265990177,-1.8069644367154083,-1.8069644367154083,-1.8069644367154083,0.0,0.0,0.0,136.90484647190777,136.12308969481958,1
2565,2025-01-15,138.83980708531686,130.19128382135534,144.05605895649924,138.66989668228916,138.9627666471152,-1.8376372806573462,-1.8376372806573462,-1.8376372806573462,-0.033337252191299196,-0.033337252191299196,-0.033337252191299196,-1.804300028466047,-1.804300028466047,-1.804300028466047,0.0,0.0,0.0,137.00216980465953,136.28933200998085,1
2566,2025-01-16,139.0121167946703,130.4378389266821,143.79369831158303,138.8321183855136,139.14630071948045,-1.7592741092719189,-1.7592741092719189,-1.7592741092719189,0.03864826539186658,0.03864826539186658,0.03864826539186658,-1.7979223746637853,-1.7979223746637853,-1.7979223746637853,0.0,0.0,0.0,137.25284268539838,136.4528354855646,1
2567,2025-01-17,139.18442650402375,130.64701502639417,144.45436044786229,138.98952888676692,139.33822513219081,-1.783634417533432,-1.783634417533432,-1.783634417533432,0.003928796736584111,0.003928796736584111,0.003928796736584111,-1.787563214270016,-1.787563214270016,-1.787563214270016,0.0,0.0,0.0,137.40079208649033,136.61726711241664,1
2568,2025-01-18,139.35673621337733,130.40776960814216,144.4085521276784,139.14871314838666,139.52582206315677,-1.8312795698091853,-1.8312795698091853,-1.8312795698091853,-0.05828810986808201,-0.05828810986808201,-0.05828810986808201,-1.7729914599411032,-1.7729914599411032,-1.7729914599411032,0.0,0.0,0.0,137.52545664356813,136.78609674220226,1
2569,2025-01-19,139.52904592273077,130.86362976536054,144.28118906858765,139.30872798825965,139.71071610096442,-1.8123072308890678,-1.8123072308890678,-1.8123072308890678,-0.058288072374577275,-0.058288072374577275,-0.058288072374577275,-1.7540191585144904,-1.7540191585144904,-1.7540191585144904,0.0,0.0,0.0,137.7167386918417,136.95089190498192,1
2570,2025-01-20,139.70135563208422,131.54524962736372,145.02945246493186,139.4736560804105,139.88253064008293,-1.6674843799396544,-1.6674843799396544,-1.6674843799396544,0.06302283964498534,0.06302283964498534,0.06302283964498534,-1.7305072195846394,-1.7305072195846394,-1.7305072195846394,0.0,0.0,0.0,138.03387125214456,137.13474170877458,1
2571,2025-01-21,139.87366534143766,131.0353961046546,145.12711550774512,139.62804068852986,140.06736655308936,-1.6580572553777075,-1.6580572553777075,-1.6580572553777075,0.04431353265974937,0.04431353265974937,0.04431353265974937,-1.7023707880374568,-1.7023707880374568,-1.7023707880374568,0.0,0.0,0.0,138.21560808605994,137.3266535316251,1
2572,2025-01-22,140.04597505079124,131.75575500202734,145.02226141934912,139.78844034298973,140.24668222119206,-1.7029213709776931,-1.7029213709776931,-1.7029213709776931,-0.033337252191233076,-0.033337252191233076,-0.033337252191233076,-1.66958411878646,-1.66958411878646,-1.66958411878646,0.0,0.0,0.0,138.34305367981355,137.51473749626018,1
2573,2025-01-23,140.2182847601448,132.07189689511975,145.67017449344942,139.94759238195888,140.43344147137609,-1.5935365328945432,-1.5935365328945432,-1.5935365328945432,0.03864826539191994,0.03864826539191994,0.03864826539191994,-1.632184798286463,-1.632184798286463,-1.632184798286463,0.0,0.0,0.0,138.62474822725025,137.7020127629134,1
2574,2025-01-24,140.39059446949813,131.7031518565636,145.5136467625317,140.10441739625045,140.61431585301733,-1.5863483520412311,-1.5863483520412311,-1.5863483520412311,0.003928796736522718,0.003928796736522718,0.003928796736522718,-1.590277148777754,-1.590277148777754,-1.590277148777754,0.0,0.0,0.0,138.8042461174569,137.89195272746832,1
2575,2025-01-25,140.5629041788517,132.16605014876572,145.73183943185273,140.26523915168536,140.81118985502843,-1.602322758460488,-1.602322758460488,-1.602322758460488,-0.058288109867817406,-0.058288109867817406,-0.058288109867817406,-1.5440346485926706,-1.5440346485926706,-1.5440346485926706,0.0,0.0,0.0,138.96058142039124,138.0877938890415,1
2576,2025-01-26,140.73521388820515,132.06123412065023,146.33718762266713,140.42300511362365,140.99575862568926,-1.5519892783464593,-1.5519892783464593,-1.5519892783464593,-0.058288072374475315,-0.058288072374475315,-0.058288072374475315,-1.4937012059719839,-1.4937012059719839,-1.4937012059719839,0.0,0.0,0.0,139.18322460985868,138.28083208148752,1
2577,2025-01-27,140.9075235975586,132.5405625271909,146.40212726552505,140.57993387629134,141.17642021256341,-1.3765682954814038,-1.3765682954814038,-1.3765682954814038,0.06302283964512584,0.06302283964512584,0.06302283964512584,-1.4395911351265294,-1.4395911351265294,-1.4395911351265294,0.0,0.0,0.0,139.5309553020772,138.49384840304623,1
2578,2025-01-28,141.07983330691204,133.52241809702124,146.93816964224357,140.73072228760012,141.38061111494918,-1.3377741693282794,-1.3377741693282794,-1.3377741693282794,0.0443135326598337,0.0443135326598337,0.0443135326598337,-1.382087701988113,-1.382087701988113,-1.382087701988113,0.0,0.0,0.0,139.74205913758377,138.7155086524478,1
2579,2025-01-29,141.2521430162656,133.4089476072309,147.07825109279858,140.88962702324886,141.56993643351794,-1.3549773852978997,-1.3549773852978997,-1.3549773852978997,-0.03333725219134883,-0.03333725219134883,-0.03333725219134883,-1.321640133106551,-1.321640133106551,-1.321640133106551,0.0,0.0,0.0,139.8971656309677,138.9335513463604,1
2580,2025-01-30,141.42445272561918,133.4030083958969,147.28662411311126,141.05109134506648,141.75211048362422,-1.2201107486594984,-1.2201107486594984,-1.2201107486594984,0.0386482653919733,0.0386482653919733,0.0386482653919733,-1.2587590140514717,-1.2587590140514717,-1.2587590140514717,0.0,0.0,0.0,140.20434197695968,139.15059841884187,1
2581,2025-01-31,141.59676243497248,133.55589418418643,147.32994241794,141.2123641083422,141.94526740702614,-1.190081246075726,-1.190081246075726,-1.190081246075726,0.003928796736770276,0.003928796736770276,0.003928796736770276,-1.1940100428124962,-1.1940100428124962,-1.1940100428124962,0.0,0.0,0.0,140.40668118889675,139.36970572912554,1
2582,2025-02-01,141.76907214432606,134.0439805319485,147.6143371515873,141.38419424216733,142.12978080814202,-1.186294257905144,-1.186294257905144,-1.186294257905144,-0.05828810986787958,-0.05828810986787958,-0.05828810986787958,-1.1280061480372645,-1.1280061480372645,-1.1280061480372645,0.0,0.0,0.0,140.58277788642093,139.5936781497863,1
2583,2025-02-02,141.9413818536795,133.7173319086197,147.58547226092392,141.54403566088513,142.31305483175558,-1.1196861026653788,-1.1196861026653788,-1.1196861026653788,-0.058288072374475475,-0.058288072374475475,-0.058288072374475475,-1.0613980302909032,-1.0613980302909032,-1.0613980302909032,0.0,0.0,0.0,140.82169575101412,139.8133729021627,1
2584,2025-02-03,142.11369156303294,133.55986305025328,147.9238556132226,141.69628970634156,142.49605148355755,-0.9318403957580411,-0.9318403957580411,-0.9318403957580411,0.06302283964514399,0.06302283964514399,0.06302283964514399,-0.9948632354031851,-0.9948632354031851,-0.9948632354031851,0.0,0.0,0.0,141.1818511672749,140.0511334071445,1
2585,2025-02-04,142.28600127238653,134.6223492849453,148.16830523351732,141.8540584656466,142.68457275855704,-0.8847803880681221,-0.8847803880681221,-0.8847803880681221,0.044313532660017155,0.044313532660017155,0.044313532660017155,-0.9290939207281392,-0.9290939207281392,-0.9290939207281392,0.0,0.0,0.0,141.4012208843184,140.2951973535372,1
2586,2025-02-05,142.45831098173997,134.4844049658126,148.31269137236444,142.01478511913456,142.8701715552668,-0.8981207782417779,-0.8981207782417779,-0.8981207782417779,-0.03333725219126004,-0.03333725219126004,-0.03333725219126004,-0.8647835260505179,-0.8647835260505179,-0.8647835260505179,0.0,0.0,0.0,141.5601902034982,140.53289391290116,1
2587,2025-02-06,142.63062069109355,134.80354223511208,149.2090821245426,142.1796499428676,143.06021755289777,-0.7639643436831697,-0.7639643436831697,-0.7639643436831697,0.03864826539202666,0.03864826539202666,0.03864826539202666,-0.8026126090751964,-0.8026126090751964,-0.8026126090751964,0.0,0.0,0.0,141.86665634741038,140.7664640174345,1
2588,2025-02-07,142.80293040044685,134.79188105121278,148.7034830670672,142.34324275447423,143.24959167364713,-0.7393053523842315,-0.7393053523842315,-0.7393053523842315,0.003928796736708883,0.003928796736708883,0.003928796736708883,-0.7432341491209403,-0.7432341491209403,-0.7432341491209403,0.0,0.0,0.0,142.06362504806262,140.99862060848236,1
2589,2025-02-08,142.97524010980044,135.5483884484672,149.05560403361096,142.50308417319215,143.44335116297654,-0.7455467698890186,-0.7455467698890186,-0.7455467698890186,-0.05828810986788012,-0.05828810986788012,-0.05828810986788012,-0.6872586600211383,-0.6872586600211383,-0.6872586600211383,0.0,0.0,0.0,142.22969333991142,141.23187337937674,1
2590,2025-02-09,143.14754981915402,135.74972831782134,149.4154556579742,142.66292559191007,143.63526152516775,-0.6935275550715018,-0.6935275550715018,-0.6935275550715018,-0.058288072374271416,-0.058288072374271416,-0.058288072374271416,-0.6352394826972304,-0.6352394826972304,-0.6352394826972304,0.0,0.0,0.0,142.4540222640825,141.45684140808902,1
2591,2025-02-10,143.31985952850732,136.03305898529527,149.65640443832305,142.82300679657655,143.8233277041825,-0.5246358082852077,-0.5246358082852077,-0.5246358082852077,0.06302283964516213,0.06302283964516213,0.06302283964516213,-0.5876586479303698,-0.5876586479303698,-0.5876586479303698,0.0,0.0,0.0,142.7952237202221,141.69569566122158,1
2592,2025-02-11,143.4921692378609,136.01937594455836,149.3650810320818,142.98260842934567,144.01002436548288,-0.5006001766645801,-0.5006001766645801,-0.5006001766645801,0.04431353266010149,0.04431353266010149,0.04431353266010149,-0.5449137093246816,-0.5449137093246816,-0.5449137093246816,0.0,0.0,0.0,142.99156906119632,141.93657477869908,1
2593,2025-02-12,143.66447894721435,135.87606722005572,149.990132519075,143.1424498480635,144.19671123476715,-0.5406431966099279,-0.5406431966099279,-0.5406431966099279,-0.03333725219128486,-0.03333725219128486,-0.03333725219128486,-0.5073059444186431,-0.5073059444186431,-0.5073059444186431,0.0,0.0,0.0,143.12383575060443,142.16678877865814,1
2594,2025-02-13,143.8367886565679,136.4452276387719,150.37487219774994,143.30203609993305,144.38866654632662,-0.4363820423883483,-0.4363820423883483,-0.4363820423883483,0.03864826539203453,0.03864826539203453,0.03864826539203453,-0.47503030778038285,-0.47503030778038285,-0.47503030778038285,0.0,0.0,0.0,143.40040661417956,142.3886443233486,1
2595,2025-02-14,144.00909836592123,136.8551086887756,150.28332941610273,143.46307766524495,144.57385773638487,-0.44423869679216565,-0.44423869679216565,-0.44423869679216565,0.003928796736656451,0.003928796736656451,0.003928796736656451,-0.44816749352882207,-0.44816749352882207,-0.44816749352882207,0.0,0.0,0.0,143.56485966912908,142.60500820182966,1
2596,2025-02-15,144.18140807527482,136.4315943232869,150.0850213578579,143.62400578533413,144.7633522849401,-0.48496653608040674,-0.48496653608040674,-0.48496653608040674,-0.05828810986788064,-0.05828810986788064,-0.05828810986788064,-0.4266784262125261,-0.4266784262125261,-0.4266784262125261,0.0,0.0,0.0,143.6964415391944,142.81863333539928,1
2597,2025-02-16,144.35371778462837,137.00367789050674,150.7992177634629,143.78254259763676,144.9510631354208,-0.4686895213757355,-0.4686895213757355,-0.4686895213757355,-0.058288072374705055,-0.058288072374705055,-0.058288072374705055,-0.4104014490010304,-0.4104014490010304,-0.4104014490010304,0.0,0.0,0.0,143.88502826325265,143.0204705269835,1
2598,2025-02-17,144.5260274939817,137.0103151293524,151.20572297944142,143.94092355761404,145.13940804774754,-0.33602957797285826,-0.33602957797285826,-0.33602957797285826,0.06302283964518027,0.06302283964518027,0.06302283964518027,-0.3990524176180385,-0.3990524176180385,-0.3990524176180385,0.0,0.0,0.0,144.18999791600885,143.23310781377813,1
2599,2025-02-18,144.69833720333526,137.90823602950033,151.08187121438579,144.0948826915607,145.3256805512798,-0.34791430611436897,-0.34791430611436897,-0.34791430611436897,0.04431353265994907,0.04431353265994907,0.04431353265994907,-0.39222783877431805,-0.39222783877431805,-0.39222783877431805,0.0,0.0,0.0,144.35042289722088,143.44518076950908,1
2600,2025-02-19,144.8706469126887,137.33245647862506,151.6074510678291,144.2499633595815,145.5134211451072,-0.4227483669297363,-0.4227483669297363,-0.4227483669297363,-0.03333725219121874,-0.03333725219121874,-0.03333725219121874,-0.3894111147385175,-0.3894111147385175,-0.3894111147385175,0.0,0.0,0.0,144.44789854575896,143.64456839767672,1
2601,2025-02-20,145.04295662204228,137.59896950032444,151.15183120082668,144.40930388831066,145.70262496769024,-0.3513336077310465,-0.3513336077310465,-0.3513336077310465,0.03864826539213338,0.03864826539213338,0.03864826539213338,-0.3899818731231799,-0.3899818731231799,-0.3899818731231799,0.0,0.0,0.0,144.69162301431123,143.83420832708563,1
2602,2025-02-21,145.21526633139572,137.48249184057005,151.26074946758212,144.57176924286978,145.88739629641117,-0.3892994784783388,-0.3892994784783388,-0.3892994784783388,0.003928796736912975,0.003928796736912975,0.003928796736912975,-0.3932282752152518,-0.3932282752152518,-0.3932282752152518,0.0,0.0,0.0,144.8259668529174,144.01764810625775,1
2603,2025-02-22,145.38757604074917,138.27518042778715,151.5619018260554,144.72883415238167,146.067733088466,-0.4566502195802075,-0.4566502195802075,-0.4566502195802075,-0.058288109868004465,-0.058288109868004465,-0.058288109868004465,-0.39836210971220304,-0.39836210971220304,-0.39836210971220304,0.0,0.0,0.0,144.93092582116896,144.19835711331422,1
2604,2025-02-23,145.55988575010275,138.22195835347352,152.07143415114973,144.886205902516,146.24947826089524,-0.46282446643700237,-0.46282446643700237,-0.46282446643700237,-0.0582880723746031,-0.0582880723746031,-0.0582880723746031,-0.4045363940623993,-0.4045363940623993,-0.4045363940623993,0.0,0.0,0.0,145.09706128366574,144.36802258026282,1
2605,2025-02-24,145.73219545945605,138.54050051133126,152.076986881563,145.05005112136573,146.43122343332422,-0.3478422857351964,-0.3478422857351964,-0.3478422857351964,0.06302283964532078,0.06302283964532078,0.06302283964532078,-0.41086512538051717,-0.41086512538051717,-0.41086512538051717,0.0,0.0,0.0,145.38435317372085,144.549971930722,1
2606,2025-02-25,145.90450516880964,138.43107903663173,152.16394582143357,145.20829629380594,146.61296860575348,-0.37213121699144885,-0.37213121699144885,-0.37213121699144885,0.044313532659915035,0.044313532659915035,0.044313532659915035,-0.4164447496513639,-0.4164447496513639,-0.4164447496513639,0.0,0.0,0.0,145.5323739518182,144.73356517198437,1
2607,2025-02-26,146.07681487816322,138.55264041694275,152.93311041305327,145.35983534581302,146.80894639593552,-0.4537141062648535,-0.4537141062648535,-0.4537141062648535,-0.03333725219115262,-0.03333725219115262,-0.03333725219115262,-0.42037685407370085,-0.42037685407370085,-0.42037685407370085,0.0,0.0,0.0,145.62310077189838,144.90737242284894,1
2608,2025-02-27,146.24912458751652,138.28983029660046,152.663828521576,145.5173616157213,147.01485519257392,-0.383143269782199,-0.383143269782199,-0.383143269782199,0.038648265391904406,0.038648265391904406,0.038648265391904406,-0.4217915351741034,-0.4217915351741034,-0.4217915351741034,0.0,0.0,0.0,145.8659813177343,145.0749707630215,1
2609,2025-02-28,146.4214342968701,138.90946064482932,153.2004248901651,145.68071960428804,147.2035933411882,-0.4159420599315381,-0.4159420599315381,-0.4159420599315381,0.003928796736860546,0.003928796736860546,0.003928796736860546,-0.41987085666839863,-0.41987085666839863,-0.41987085666839863,0.0,0.0,0.0,146.00549223693858,145.24047769699328,1
2610,2025-03-01,146.59374400622355,139.15074711816283,153.06436862680624,145.82983554370566,147.39130419166878,-0.47215989744359366,-0.47215989744359366,-0.47215989744359366,-0.05828810986800499,-0.05828810986800499,-0.05828810986800499,-0.4138717875755887,-0.4138717875755887,-0.4138717875755887,0.0,0.0,0.0,146.12158410877996,145.40784625329536,1
2611,2025-03-02,146.76605371557713,139.36930221989655,153.23793594288583,145.98559312476368,147.5790150421495,-0.46143607636316547,-0.46143607636316547,-0.46143607636316547,-0.05828807237460327,-0.05828807237460327,-0.05828807237460327,-0.4031480039885622,-0.4031480039885622,-0.4031480039885622,0.0,0.0,0.0,146.30461763921397,145.56914571578562,1
2612,2025-03-03,146.93836342493043,139.51177709422078,153.413635524738,146.14057575030247,147.76672589262995,-0.32414710827627236,-0.32414710827627236,-0.32414710827627236,0.06302283964496323,0.06302283964496323,0.06302283964496323,-0.38716994792123555,-0.38716994792123555,-0.38716994792123555,0.0,0.0,0.0,146.61421631665416,145.7479706621593,1
2613,2025-03-04,147.110673134284,139.64633544536773,153.90645410982012,146.29948324750063,147.9557546675425,-0.32122903136987807,-0.32122903136987807,-0.32122903136987807,0.044313532660216856,0.044313532660216856,0.044313532660216856,-0.3655425640300949,-0.3655425640300949,-0.3655425640300949,0.0,0.0,0.0,146.78944410291413,145.93382249033382,1
2614,2025-03-05,147.28298284363757,140.27171625009265,154.0409333266314,146.43780546884503,148.14441264529682,-0.3713574316865796,-0.3713574316865796,-0.3713574316865796,-0.033337252191268374,-0.033337252191268374,-0.033337252191268374,-0.33802017949531116,-0.33802017949531116,-0.33802017949531116,0.0,0.0,0.0,146.91162541195098,146.11527890316236,1
2615,2025-03-06,147.4552925529909,139.98418041527404,154.2600746941382,146.58793074847335,148.33196143354786,-0.26586978778214015,-0.26586978778214015,-0.26586978778214015,0.03864826539195777,0.03864826539195777,0.03864826539195777,-0.3045180531740979,-0.3045180531740979,-0.3045180531740979,0.0,0.0,0.0,147.18942276520875,146.29578586231113,1
2616,2025-03-07,147.62760226234448,140.0008132799232,154.5298211856247,146.74430059082889,148.53208402257917,-0.26119139926974116,-0.26119139926974116,-0.26119139926974116,0.003928796736799156,0.003928796736799156,0.003928796736799156,-0.26512019600654035,-0.26512019600654035,-0.26512019600654035,0.0,0.0,0.0,147.36641086307475,146.4791895534368,1
2617,2025-03-08,147.79991197169792,140.824686285808,154.554489410115,146.9277428855482,148.71464806206134,-0.2783712637118292,-0.2783712637118292,-0.2783712637118292,-0.05828810986806718,-0.05828810986806718,-0.05828810986806718,-0.22008315384376198,-0.22008315384376198,-0.22008315384376198,0.0,0.0,0.0,147.5215407079861,146.66903354704556,1
2618,2025-03-09,147.97222168105148,141.00087505452947,154.76426574618384,147.0719929595869,148.898056069886,-0.2281236164955647,-0.2281236164955647,-0.2281236164955647,-0.05828807237460342,-0.05828807237460342,-0.05828807237460342,-0.16983554412096127,-0.16983554412096127,-0.16983554412096127,0.0,0.0,0.0,147.7440980645559,146.85684522172772,1
2619,2025-03-10,148.14453139040492,141.23332410916822,155.08289231427563,147.21985040198894,149.0887394839838,-0.05195040695493183,-0.05195040695493183,-0.05195040695493183,0.06302283964510373,0.06302283964510373,0.06302283964510373,-0.11497324660003558,-0.11497324660003558,-0.11497324660003558,0.0,0.0,0.0,148.09258098344998,147.06555409637886,1
2620,2025-03-11,148.31684109975836,141.7937271430735,155.19331032573257,147.36847316061016,149.27631956423346,-0.011936730133211547,-0.011936730133211547,-0.011936730133211547,0.044313532660182835,0.044313532660182835,0.044313532660182835,-0.05625026279339438,-0.05625026279339438,-0.05625026279339438,0.0,0.0,0.0,148.30490436962515,147.2838861224634,1
2621,2025-03-12,148.48915080911195,141.0302083920827,155.29672284503224,147.52379902484222,149.4572541630551,-0.027902627763053925,-0.027902627763053925,-0.027902627763053925,-0.03333725219120225,-0.03333725219120225,-0.03333725219120225,0.005434624428148326,0.005434624428148326,0.005434624428148326,0.0,0.0,0.0,148.4612481813489,147.49954917667688,1
2622,2025-03-13,148.66146051846528,142.4959320934573,155.72179871528786,147.67750761487156,149.64716460104802,0.10770340886009545,0.10770340886009545,0.10770340886009545,0.038648265391965635,0.038648265391965635,0.038648265391965635,0.06905514346812983,0.06905514346812983,0.06905514346812983,0.0,0.0,0.0,148.76916392732537,147.715043937744,1
2623,2025-03-14,148.83377022781883,141.90913052491675,156.33618275036557,147.82424709364992,149.83622396834267,0.1374072161027619,0.1374072161027619,0.1374072161027619,0.003928796736746723,0.003928796736746723,0.003928796736746723,0.13347841936601518,0.13347841936601518,0.13347841936601518,0.0,0.0,0.0,148.9711774439216,147.93321727184474,1
2624,2025-03-15,149.00607993717242,142.24657287072955,156.11310355495814,147.975265427294,150.02960489889247,0.13920087800316228,0.13920087800316228,0.13920087800316228,-0.058288109867864195,-0.058288109867864195,-0.058288109867864195,0.19748898787102645,0.19748898787102645,0.19748898787102645,0.0,0.0,0.0,149.14528081517557,148.1565828121672,1
2625,2025-03-16,149.17838964652586,142.24437836807974,156.7460736862585,148.127558936705,150.22533646277768,0.20152730792725734,0.20152730792725734,0.20152730792725734,-0.05828807237439934,-0.05828807237439934,-0.05828807237439934,0.2598153803016567,0.2598153803016567,0.2598153803016567,0.0,0.0,0.0,149.3799169544531,148.37563223109163,1
2626,2025-03-17,149.3506993558793,142.72145013350408,157.16569848472332,148.27399262680538,150.42022958064612,0.3821814804977853,0.3821814804977853,0.3821814804977853,0.06302283964499952,0.06302283964499952,0.06302283964499952,0.31915864085278584,0.31915864085278584,0.31915864085278584,0.0,0.0,0.0,149.7328808363771,148.61227922842187,1
2627,2025-03-18,149.52300906523274,143.03543293104664,157.1179187576076,148.40842942974302,150.61447416695958,0.41853560632581904,0.41853560632581904,0.41853560632581904,0.044313532660030415,0.044313532660030415,0.044313532660030415,0.37422207366578863,0.37422207366578863,0.37422207366578863,0.0,0.0,0.0,149.94154467155857,148.85427962477914,1
2628,2025-03-19,149.69531877458633,143.04051072428877,157.4617439594928,148.5567477858838,150.82059065230808,0.39040421872002445,0.39040421872002445,0.39040421872002445,-0.03333725219122707,-0.03333725219122707,-0.03333725219122707,0.4237414709112515,0.4237414709112515,0.4237414709112515,0.0,0.0,0.0,150.08572299330635,149.08844211765415,1
2629,2025-03-20,149.86762848393963,142.81654642482235,157.26734187011832,148.71235236764514,151.00391084166276,0.5051633123599273,0.5051633123599273,0.5051633123599273,0.03864826539182765,0.03864826539182765,0.03864826539182765,0.4665150469680997,0.4665150469680997,0.4665150469680997,0.0,0.0,0.0,150.37279179629957,149.31646319893915,1
2630,2025-03-21,150.0399381932932,142.9075886704251,157.1449164977812,148.85250951046046,151.19397957672564,0.5053610954441339,0.5053610954441339,0.5053610954441339,0.00392879673668533,0.00392879673668533,0.00392879673668533,0.5014322987074485,0.5014322987074485,0.5014322987074485,0.0,0.0,0.0,150.54529928873734,149.54050269085033,1
2631,2025-03-22,150.2122479026468,143.70875347666447,157.7256884880202,149.01065879971642,151.37097032447394,0.469212918553175,0.469212918553175,0.469212918553175,-0.05828810986792638,-0.05828810986792638,-0.05828810986792638,0.5275010284211014,0.5275010284211014,0.5275010284211014,0.0,0.0,0.0,150.68146082119998,149.76252395483544,1
2632,2025-03-23,150.38455761200024,143.90720318059172,157.75024904886718,149.16832124644785,151.55117716860556,0.48558373164346824,0.48558373164346824,0.48558373164346824,-0.05828807237439951,-0.05828807237439951,-0.05828807237439951,0.5438718040178678,0.5438718040178678,0.5438718040178678,0.0,0.0,0.0,150.8701413436437,149.9726216964673,1
2633,2025-03-24,150.55686732135368,144.18609951033739,157.9900189254086,149.3259836931793,151.73652162836743,0.6128820297001862,0.6128820297001862,0.6128820297001862,0.06302283964514002,0.06302283964514002,0.06302283964514002,0.5498591900550462,0.5498591900550462,0.5498591900550462,0.0,0.0,0.0,151.16974935105387,150.1924788871805,1
2634,2025-03-25,150.72917703070712,144.00157082992948,158.49243379510162,149.48364613991072,151.92364764555688,0.5892726942973131,0.5892726942973131,0.5892726942973131,0.04431353265999638,0.04431353265999638,0.04431353265999638,0.5449591616373167,0.5449591616373167,0.5449591616373167,0.0,0.0,0.0,151.31844972500443,150.4097957781634,1
2635,2025-03-26,150.9014867400607,144.14394935144793,159.0706635475134,149.59666225435706,152.10385968271615,0.4955249571548543,0.4955249571548543,0.4955249571548543,-0.03333725219122921,-0.03333725219122921,-0.03333725219122921,0.5288622093460835,0.5288622093460835,0.5288622093460835,0.0,0.0,0.0,151.39701169721556,150.61150525243963,1
2636,2025-03-27,151.07379644941415,144.85824895756065,158.50434833285001,149.7542253505484,152.2917665469161,0.5401100200515675,0.5401100200515675,0.5401100200515675,0.03864826539188101,0.03864826539188101,0.03864826539188101,0.5014617546596866,0.5014617546596866,0.5014617546596866,0.0,0.0,0.0,151.61390646946572,150.79960781574852,1
2637,2025-03-28,151.2461061587676,144.78849302579735,159.22374434389053,149.90865685372447,152.48807718714602,0.4667864156445792,0.4667864156445792,0.4667864156445792,0.003928796736641865,0.003928796736641865,0.003928796736641865,0.4628576189079373,0.4628576189079373,0.4628576189079373,0.0,0.0,0.0,151.71289257441217,150.97674260603387,1
2638,2025-03-29,151.41841586812114,144.28129929052417,158.16851819637014,150.05957418204497,152.67987183647867,0.35506631141900663,0.35506631141900663,0.35506631141900663,-0.05828810986792692,-0.05828810986792692,-0.05828810986792692,0.4133544212869335,0.4133544212869335,0.4133544212869335,0.0,0.0,0.0,151.77348217954014,151.14551852465723,1
2639,2025-03-30,151.5907255774746,144.45398682966996,158.85816331808334,150.21547844131544,152.87166648581118,0.295166846875073,0.295166846875073,0.295166846875073,-0.058288072374297555,-0.058288072374297555,-0.058288072374297555,0.35345491924937056,0.35345491924937056,0.35345491924937056,0.0,0.0,0.0,151.88589242434966,151.29682858746224,1
2640,2025-03-31,151.76303528682803,144.88640669004567,158.98603811421583,150.33913532065714,153.06346113514365,0.34687128341728896,0.34687128341728896,0.34687128341728896,0.06302283964490484,0.06302283964490484,0.06302283964490484,0.2838484437723841,0.2838484437723841,0.2838484437723841,0.0,0.0,0.0,152.10990657024533,151.45328931561306,1
2641,2025-04-01,151.9353449961816,144.96190027780088,159.4598027876806,150.48964419663818,153.2552557844763,0.2497082513092804,0.2497082513092804,0.2497082513092804,0.04431353265984397,0.04431353265984397,0.04431353265984397,0.20539471864943645,0.20539471864943645,0.20539471864943645,0.0,0.0,0.0,152.18505324749088,151.60364855824213,1
2642,2025-04-02,152.10765470553505,144.95793621949178,158.66892216414848,150.64015307261909,153.44705043380878,0.08576623091326625,0.08576623091326625,0.08576623091326625,-0.03333725219125403,-0.03333725219125403,-0.03333725219125403,0.11910348310452029,0.11910348310452029,0.11910348310452029,0.0,0.0,0.0,152.19342093644832,151.7359765175226,1
2643,2025-04-03,152.2799644148885,145.2263287104843,159.55605579014124,150.79041138058878,153.63884508314126,0.0647587222282949,0.0647587222282949,0.0647587222282949,0.03864826539193436,0.03864826539193436,0.03864826539193436,0.026110456836360547,0.026110456836360547,0.026110456836360547,0.0,0.0,0.0,152.3447231371168,151.85347389612892,1
2644,2025-04-04,152.45227412424194,145.22987962610043,160.1468682557618,150.94937196083274,153.8304514951236,-0.06842091074285563,-0.06842091074285563,-0.06842091074285563,0.003928796736580473,0.003928796736580473,0.003928796736580473,-0.0723497074794361,-0.0723497074794361,-0.0723497074794361,0.0,0.0,0.0,152.3838532134991,151.96001424497837,1
2645,2025-04-05,152.62458383359552,145.5291823152233,159.68822346196885,151.1221368732164,154.0221470472601,-0.23326086031952378,-0.23326086031952378,-0.23326086031952378,-0.05828810986798908,-0.05828810986798908,-0.05828810986798908,-0.17497275045153468,-0.17497275045153468,-0.17497275045153468,0.0,0.0,0.0,152.391322973276,152.05944537258443,1
2646,2025-04-06,152.79689354294896,144.84511249479522,160.0919202713086,151.28048348913623,154.21421744441346,-0.33870368075378676,-0.33870368075378676,-0.33870368075378676,-0.05828807237462909,-0.05828807237462909,-0.05828807237462909,-0.28041560837915774,-0.28041560837915774,-0.28041560837915774,0.0,0.0,0.0,152.45818986219518,152.14387371185737,1
2647,2025-04-07,152.9692032523024,145.329804388144,159.94639516900062,151.43628959072822,154.40352769112505,-0.3243050028941411,-0.3243050028941411,-0.3243050028941411,0.06302283964492299,0.06302283964492299,0.06302283964492299,-0.38732784253906405,-0.38732784253906405,-0.38732784253906405,0.0,0.0,0.0,152.64489824940827,152.23707427935696,1
2648,2025-04-08,153.141512961656,145.64532659752942,159.81221976378552,151.59806162431804,154.5886512821644,-0.4500692905854148,-0.4500692905854148,-0.4500692905854148,0.0443135326599283,0.0443135326599283,0.0443135326599283,-0.49438282324534316,-0.49438282324534316,-0.49438282324534316,0.0,0.0,0.0,152.69144367107057,152.32887042851002,1
2649,2025-04-09,153.31382267100943,146.0353555476631,159.81345878092196,151.7411224091194,154.7735665345158,-0.6336450507159423,-0.6336450507159423,-0.6336450507159423,-0.03333725219118791,-0.03333725219118791,-0.03333725219118791,-0.6003077985247545,-0.6003077985247545,-0.6003077985247545,0.0,0.0,0.0,152.68017762029348,152.40829894810437,1
2650,2025-04-10,153.48613238036287,145.40732893944812,159.80859286210668,151.88080477756333,154.95814046352433,-0.6652637388422492,-0.6652637388422492,-0.6652637388422492,0.03864826539194224,0.03864826539194224,0.03864826539194224,-0.7039120042341914,-0.7039120042341914,-0.7039120042341914,0.0,0.0,0.0,152.82086864152063,152.4793951552319,1
2651,2025-04-11,153.65844208971632,145.39579595869893,160.1648648390265,152.03438651673054,155.14745392139724,-0.8001832272817825,-0.8001832272817825,-0.8001832272817825,0.00392879673682803,0.00392879673682803,0.00392879673682803,-0.8041120240186105,-0.8041120240186105,-0.8041120240186105,0.0,0.0,0.0,152.85825886243452,152.54671571672628,1
2652,2025-04-12,153.8307517990699,146.33319281781527,160.4401899744299,152.19273166729468,155.3348978074447,-0.9582417923262767,-0.9582417923262767,-0.9582417923262767,-0.058288109867989615,-0.058288109867989615,-0.058288109867989615,-0.8999536824582871,-0.8999536824582871,-0.8999536824582871,0.0,0.0,0.0,152.87251000674362,152.61462462375582,1
2653,2025-04-13,154.00306150842346,145.91603591127645,160.21040458331063,152.3597089859355,155.52388057642196,-1.0489179236132284,-1.0489179236132284,-1.0489179236132284,-0.05828807237452712,-0.05828807237452712,-0.05828807237452712,-0.9906298512387012,-0.9906298512387012,-0.9906298512387012,0.0,0.0,0.0,152.95414358481023,152.67556666852516,1
2654,2025-04-14,154.17537121777679,145.68282605663342,160.75138160139403,152.50973729580156,155.71041965177884,-1.012470823974443,-1.012470823974443,-1.012470823974443,0.06302283964494111,0.06302283964494111,0.06302283964494111,-1.0754936636193841,-1.0754936636193841,-1.0754936636193841,0.0,0.0,0.0,153.16290039380235,152.75347138655547,1
2655,2025-04-15,154.34768092713037,145.89158018705677,160.50405069591915,152.6696642035247,155.90189455818933,-1.1097532311178646,-1.1097532311178646,-1.1097532311178646,0.04431353265977589,0.04431353265977589,0.04431353265977589,-1.1540667637776405,-1.1540667637776405,-1.1540667637776405,0.0,0.0,0.0,153.2379276960125,152.83813185882914,1
2656,2025-04-16,154.5199906364838,146.15437952710758,160.77110753630546,152.82976225306882,156.09849150156862,-1.2593796133334842,-1.2593796133334842,-1.2593796133334842,-0.033337252191280996,-0.033337252191280996,-0.033337252191280996,-1.2260423611422033,-1.2260423611422033,-1.2260423611422033,0.0,0.0,0.0,153.26061102315032,152.91837397492463,1
2657,2025-04-17,154.69230034583725,146.5234711765816,160.69177403287364,152.98986030261295,156.31947348795302,-1.2526347461698228,-1.2526347461698228,-1.2526347461698228,0.038648265391950105,0.038648265391950105,0.038648265391950105,-1.2912830115617733,-1.2912830115617733,-1.2912830115617733,0.0,0.0,0.0,153.43966559966742,152.99785070995057,1
2658,2025-04-18,154.8646100551908,145.82367933868426,160.49104453601345,153.15008151249947,156.51075782666862,-1.345884406007251,-1.345884406007251,-1.345884406007251,0.003928796736775606,0.003928796736775606,0.003928796736775606,-1.3498132027440266,-1.3498132027440266,-1.3498132027440266,0.0,0.0,0.0,153.51872564918355,153.08057890776186,1
2659,2025-04-19,155.03691976454425,146.4122104667281,160.9709971356553,153.31037558908574,156.6994288448835,-1.4600950862597462,-1.4600950862597462,-1.4600950862597462,-0.05828810986811342,-0.05828810986811342,-0.05828810986811342,-1.4018069763916325,-1.4018069763916325,-1.4018069763916325,0.0,0.0,0.0,153.5768246782845,153.17024361356098,1
2660,2025-04-20,155.20922947389784,146.4310784625967,160.78098301288756,153.4530829472515,156.8856990424217,-1.5058590416452473,-1.5058590416452473,-1.5058590416452473,-0.05828807237442518,-0.05828807237442518,-0.05828807237442518,-1.447570969270822,-1.447570969270822,-1.447570969270822,0.0,0.0,0.0,153.7033704322526,153.25849379263417,1
2661,2025-04-21,155.38153918325116,146.50498416271375,161.11765995354924,153.6044380630057,157.0716489477607,-1.424500555996613,-1.424500555996613,-1.424500555996613,0.06302283964508162,0.06302283964508162,0.06302283964508162,-1.4875233956416947,-1.4875233956416947,-1.4875233956416947,0.0,0.0,0.0,153.95703862725455,153.36837176911618,1
2662,2025-04-22,155.55384889260472,147.00158063260096,161.06081115472202,153.74292270880312,157.25759885309998,-1.4778560871984705,-1.4778560871984705,-1.4778560871984705,0.04431353266007772,0.04431353266007772,0.04431353266007772,-1.5221696198585482,-1.5221696198585482,-1.5221696198585482,0.0,0.0,0.0,154.07599280540626,153.48872004898243,1
2663,2025-04-23,155.72615860195816,147.12765430735627,161.20202285106276,153.90828628836243,157.44354875843914,-1.5854123287730773,-1.5854123287730773,-1.5854123287730773,-0.033337252191214875,-0.033337252191214875,-0.033337252191214875,-1.5520750765818623,-1.5520750765818623,-1.5520750765818623,0.0,0.0,0.0,154.14074627318507,153.60738031781992,1
2664,2025-04-24,155.8984683113116,147.19884623364186,161.57076851927854,154.0567372922725,157.62949866377832,-1.5391881181540568,-1.5391881181540568,-1.5391881181540568,0.03864826539200346,0.03864826539200346,0.03864826539200346,-1.5778363835460603,-1.5778363835460603,-1.5778363835460603,0.0,0.0,0.0,154.35928019315756,153.72701829775542,1
2665,2025-04-25,156.0707780206652,147.06308273303708,161.2734764698322,154.2016313705132,157.81544856911762,-1.5961227586239006,-1.5961227586239006,-1.5961227586239006,0.003928796736723176,0.003928796736723176,0.003928796736723176,-1.6000515553606238,-1.6000515553606238,-1.6000515553606238,0.0,0.0,0.0,154.4746552620413,153.8506910543583,1
2666,2025-04-26,156.24308773001863,147.43919209174405,161.98405678430694,154.33330693415522,158.00419884849788,-1.677578374044081,-1.677578374044081,-1.677578374044081,-0.05828810986811396,-0.05828810986811396,-0.05828810986811396,-1.6192902641759672,-1.6192902641759672,-1.6192902641759672,0.0,0.0,0.0,154.56550935597454,153.98118088764073,1
2667,2025-04-27,156.4153974393722,147.37158743043912,161.65795551522217,154.45707357067218,158.19566496077752,-1.6943531751680003,-1.6943531751680003,-1.6943531751680003,-0.05828807237475671,-0.05828807237475671,-0.05828807237475671,-1.6360651027932436,-1.6360651027932436,-1.6360651027932436,0.0,0.0,0.0,154.7210442642042,154.10931875409443,1
2668,2025-04-28,156.5877071487255,147.6991761106099,162.68368097903308,154.59659791064908,158.38756892026606,-1.5877819476207327,-1.5877819476207327,-1.5877819476207327,0.06302283964522212,0.06302283964522212,0.06302283964522212,-1.650804787265955,-1.650804787265955,-1.650804787265955,0.0,0.0,0.0,154.9999252011048,154.25743870928653,1
2669,2025-04-29,156.7600168580791,147.31946908877774,162.60634815832273,154.7159894088116,158.58011845651032,-1.6195166567327755,-1.6195166567327755,-1.6195166567327755,0.044313532660043675,0.044313532660043675,0.044313532660043675,-1.663830189392819,-1.663830189392819,-1.663830189392819,0.0,0.0,0.0,155.14050020134633,154.4138062615927,1
2670,2025-04-30,156.93232656743268,147.82740305291247,162.975679327091,154.86672607744808,158.79755488462683,-1.7086712678913378,-1.7086712678913378,-1.7086712678913378,-0.03333725219133064,-0.03333725219133064,-0.03333725219133064,-1.675334015700007,-1.675334015700007,-1.675334015700007,0.0,0.0,0.0,155.22365529954135,154.5658347483216,1
2671,2025-05-01,157.10463627678598,147.9221991348003,162.93056392275167,155.01746274608428,159.00236648987504,-1.6467165849616252,-1.6467165849616252,-1.6467165849616252,0.038648265392056826,0.038648265392056826,0.038648265392056826,-1.6853648503536822,-1.6853648503536822,-1.6853648503536822,0.0,0.0,0.0,155.45791969182434,154.71592285477857,1
2672,2025-05-02,157.27694598613957,148.12248932418262,163.1326798383558,155.16819941472076,159.2145320549808,-1.689887360730439,-1.689887360730439,-1.689887360730439,0.003928796736661784,0.003928796736661784,0.003928796736661784,-1.6938161574671007,-1.6938161574671007,-1.6938161574671007,0.0,0.0,0.0,155.58705862540913,154.86702943677886,1
2673,2025-05-03,157.449255695493,148.43180206452533,163.31751366206004,155.3501295239803,159.42434885300636,-1.7587088065930598,-1.7587088065930598,-1.7587088065930598,-0.05828810986797264,-0.05828810986797264,-0.05828810986797264,-1.7004206967250872,-1.7004206967250872,-1.7004206967250872,0.0,0.0,0.0,155.69054688889995,155.02200949835034,1
2674,2025-05-04,157.62156540484645,147.92999504110531,162.6861651482666,155.51344890095476,159.62095210542242,-1.763038721376717,-1.763038721376717,-1.763038721376717,-0.05828807237475686,-0.05828807237475686,-0.05828807237475686,-1.7047506490019602,-1.7047506490019602,-1.7047506490019602,0.0,0.0,0.0,155.85852668346973,155.1719341473816,1
2675,2025-05-05,157.79387511420003,148.8155441709168,163.30854745824652,155.6559051387494,159.8122375257839,-1.6432007404312186,-1.6432007404312186,-1.6432007404312186,0.06302283964524028,0.06302283964524028,0.06302283964524028,-1.706223580076459,-1.706223580076459,-1.706223580076459,0.0,0.0,0.0,156.15067437376882,155.33953605855433,1
2676,2025-05-06,157.96618482355348,149.16986308666478,163.88013654670627,155.79769916647263,160.00218043204836,-1.6598006627540536,-1.6598006627540536,-1.6598006627540536,0.04431353266000964,0.04431353266000964,0.04431353266000964,-1.704114195414063,-1.704114195414063,-1.704114195414063,0.0,0.0,0.0,156.3063841607994,155.51362353903681,1
2677,2025-05-07,158.13849453290703,148.86723972688839,164.10984683980433,155.93949319419593,160.19115654928595,-1.7309089145115952,-1.7309089145115952,-1.7309089145115952,-0.03333725219126451,-0.03333725219126451,-0.03333725219126451,-1.6975716623203305,-1.6975716623203305,-1.6975716623203305,0.0,0.0,0.0,156.40758561839544,155.68227767445592,1
2678,2025-05-08,158.31080424226036,148.8404140182624,163.4140487426115,156.08128722191904,160.39524478383493,-1.6469938373317974,-1.6469938373317974,-1.6469938373317974,0.03864826539187334,0.03864826539187334,0.03864826539187334,-1.6856421027236705,-1.6856421027236705,-1.6856421027236705,0.0,0.0,0.0,156.66381040492857,155.8486661948383,1
2679,2025-05-09,158.48311395161392,149.05811365278228,164.69654802957137,156.22116005004906,160.6006408320642,-1.6633668987641268,-1.6633668987641268,-1.6633668987641268,0.003928796736600385,0.003928796736600385,0.003928796736600385,-1.667295695500727,-1.667295695500727,-1.667295695500727,0.0,0.0,0.0,156.81974705284978,156.01659087998866,1
2680,2025-05-10,158.65542366096736,149.40055587725143,164.7709423942651,156.36253189261333,160.7986600729696,-1.699745786462745,-1.699745786462745,-1.699745786462745,-0.058288109867973184,-0.058288109867973184,-0.058288109867973184,-1.641457676594772,-1.641457676594772,-1.641457676594772,0.0,0.0,0.0,156.9556778745046,156.18979313748497,1
2681,2025-05-11,158.82773337032083,149.88724625107375,164.68980801115114,156.50415182339788,160.98728528767168,-1.6653304651383782,-1.6653304651383782,-1.6653304651383782,-0.0582880723745528,-0.0582880723745528,-0.0582880723745528,-1.6070423927638255,-1.6070423927638255,-1.6070423927638255,0.0,0.0,0.0,157.16240290518246,156.36024145882078,1
2682,2025-05-12,159.00004307967438,150.04363223836617,164.58254526763326,156.6507229890588,161.17541320608154,-1.499966615148021,-1.499966615148021,-1.499966615148021,0.06302283964525841,0.06302283964525841,0.06302283964525841,-1.5629894547932794,-1.5629894547932794,-1.5629894547932794,0.0,0.0,0.0,157.50007646452636,156.55154324273252,1
2683,2025-05-13,159.17235278902783,150.92137231165165,165.4512364227366,156.79905391131342,161.36354112449126,-1.4639874193154052,-1.4639874193154052,-1.4639874193154052,0.044313532659857234,0.044313532659857234,0.044313532659857234,-1.5083009519752624,-1.5083009519752624,-1.5083009519752624,0.0,0.0,0.0,157.70836536971242,156.75332509081377,1
2684,2025-05-14,159.3446624983814,150.4746309889442,164.89913829040592,156.94628982138423,161.56139567125635,-1.475415886647471,-1.475415886647471,-1.475415886647471,-0.03333725219128932,-0.03333725219128932,-0.03333725219128932,-1.4420786344561816,-1.4420786344561816,-1.4420786344561816,0.0,0.0,0.0,157.86924661173393,156.95439708364017,1
2685,2025-05-15,159.5169722077347,150.61255788906283,165.5237026667963,157.0876937911755,161.76096474464669,-1.3249116803460745,-1.3249116803460745,-1.3249116803460745,0.0386482653918812,0.0386482653918812,0.0386482653918812,-1.363559945737956,-1.363559945737956,-1.363559945737956,0.0,0.0,0.0,158.19206052738863,157.15853569900213,1
2686,2025-05-16,159.6892819170883,150.70596385908772,165.92198879756435,157.2241402670435,161.95440785627346,-1.268222998668697,-1.268222998668697,-1.268222998668697,0.003928796736547959,0.003928796736547959,0.003928796736547959,-1.2721517954052448,-1.2721517954052448,-1.2721517954052448,0.0,0.0,0.0,158.4210589184196,157.37000317476418,1
2687,2025-05-17,159.86159162644188,151.26820294967817,165.8971768201843,157.37163415053826,162.18952015309614,-1.225749112212994,-1.225749112212994,-1.225749112212994,-0.05828810986803534,-0.05828810986803534,-0.05828810986803534,-1.1674610023449585,-1.1674610023449585,-1.1674610023449585,0.0,0.0,0.0,158.6358425142289,157.59282886434752,1
2688,2025-05-18,160.03390133579518,151.26647011374928,166.71930063037567,157.5124642018371,162.4246324499186,-1.1076084830463515,-1.1076084830463515,-1.1076084830463515,-0.05828807237455296,-0.05828807237455296,-0.05828807237455296,-1.0493204106717984,-1.0493204106717984,-1.0493204106717984,0.0,0.0,0.0,158.92629285274882,157.81907710912955,1
2689,2025-05-19,160.20621104514876,151.99476002222028,166.66107454776017,157.65348997038612,162.63328499185252,-0.85478694310754,-0.85478694310754,-0.85478694310754,0.06302283964502324,0.06302283964502324,0.06302283964502324,-0.9178097827525633,-0.9178097827525633,-0.9178097827525633,0.0,0.0,0.0,159.35142410204122,158.0722448140487,1
2690,2025-05-20,160.3785207545022,152.05858174056223,167.24280285762484,157.7949300001865,162.83096324732242,-0.7289571709977228,-0.7289571709977228,-0.7289571709977228,0.04431353266027743,0.04431353266027743,0.04431353266027743,-0.7732707036580002,-0.7732707036580002,-0.7732707036580002,0.0,0.0,0.0,159.6495635835045,158.3416333849487,1
2691,2025-05-21,160.5508304638558,153.29645517189311,167.0829806976327,157.93637002998696,163.05267152634588,-0.6496521380054743,-0.6496521380054743,-0.6496521380054743,-0.03333725219122321,-0.03333725219122321,-0.03333725219122321,-0.6163148858142511,-0.6163148858142511,-0.6163148858142511,0.0,0.0,0.0,159.9011783258503,158.61551092701546,1
2692,2025-05-22,160.72314017320923,152.44991754249202,167.54583882789925,158.078786795021,163.25014527817845,-0.4091771721440253,-0.4091771721440253,-0.4091771721440253,0.038648265391980054,0.038648265391980054,0.038648265391980054,-0.4478254375360054,-0.4478254375360054,-0.4478254375360054,0.0,0.0,0.0,160.31396300106522,158.89689958066936,1
2693,2025-05-23,160.89544988256267,153.05638960122033,168.1628067192623,158.22185510015612,163.44172025097131,-0.26502205308815063,-0.26502205308815063,-0.26502205308815063,0.003928796736495527,0.003928796736495527,0.003928796736495527,-0.2689508498246461,-0.2689508498246461,-0.2689508498246461,0.0,0.0,0.0,160.6304278294745,159.18910582664554,1
2694,2025-05-24,161.06775959191626,153.4846316505698,167.9851930363234,158.3755322815348,163.63329522376432,-0.13937976700057775,-0.13937976700057775,-0.13937976700057775,-0.058288109867832394,-0.058288109867832394,-0.058288109867832394,-0.08109165713274534,-0.08109165713274534,-0.08109165713274534,0.0,0.0,0.0,160.92837982491568,159.49501914796375,1
2695,2025-05-25,161.24006930126956,154.42273740788028,169.00485830575312,158.53104103561498,163.82487019655704,0.055831993477966683,0.055831993477966683,0.055831993477966683,-0.058288072374450994,-0.058288072374450994,-0.058288072374450994,0.11412006585241767,0.11412006585241767,0.11412006585241767,0.0,0.0,0.0,161.29590129474752,159.80540322469966,1
2696,2025-05-26,161.41237901062314,154.14401803565806,169.63170622402728,158.68860760546588,164.01644516935005,0.37787084339446914,0.37787084339446914,0.37787084339446914,0.06302283964516374,0.06302283964516374,0.06302283964516374,0.31484800374930544,0.31484800374930544,0.31484800374930544,0.0,0.0,0.0,161.79024985401762,160.14232231825943,1
2697,2025-05-27,161.58468871997658,154.3501030120957,169.47113075689293,158.8473069869953,164.2111416996044,0.5633986623722093,0.5633986623722093,0.5633986623722093,0.04431353266012502,0.04431353266012502,0.04431353266012502,0.5190851297120842,0.5190851297120842,0.5190851297120842,0.0,0.0,0.0,162.1480873823488,160.49354680507142,1
2698,2025-05-28,161.75699842933014,154.90319044554715,169.732419462586,159.00307585745693,164.40807001618933,0.6913554588889679,0.6913554588889679,0.6913554588889679,-0.03333725219124802,-0.03333725219124802,-0.03333725219124802,0.7246927110802157,0.7246927110802157,0.7246927110802157,0.0,0.0,0.0,162.44835388821912,160.84575290861844,1
2699,2025-05-29,161.92930813868358,155.69110989757252,170.42019875350687,159.15586314769322,164.60499833277407,0.968092134789097,0.968092134789097,0.968092134789097,0.03864826539198792,0.03864826539198792,0.03864826539198792,0.9294438693971091,0.9294438693971091,0.9294438693971091,0.0,0.0,0.0,162.89740027347267,161.2003505257616,1
2700,2025-05-30,162.10161784803705,156.08078489282045,170.92724551087193,159.3007084233574,164.8019266493588,1.1349994236036882,1.1349994236036882,1.1349994236036882,0.003928796736752052,0.003928796736752052,0.003928796736752052,1.1310706268669364,1.1310706268669364,1.1310706268669364,0.0,0.0,0.0,163.23661727164074,161.5590558945752,1
2701,2025-05-31,162.2739275573906,155.82171966335463,171.5170108492775,159.4458523560592,164.99867029403538,1.269025142959424,1.269025142959424,1.269025142959424,-0.05828810986789456,-0.05828810986789456,-0.05828810986789456,1.3273132528273184,1.3273132528273184,1.3273132528273184,0.0,0.0,0.0,163.54295270035004,161.9232333320252,1
2702,2025-06-01,162.44623726674394,155.5817556201041,171.73734233392085,159.5884451885223,165.19507658136814,1.4576825640588356,1.4576825640588356,1.4576825640588356,-0.05828807237445116,-0.05828807237445116,-0.05828807237445116,1.5159706364332868,1.5159706364332868,1.5159706364332868,0.0,0.0,0.0,163.90391983080278,162.28222901499893,1
2703,2025-06-02,162.6185469760975,156.22776183236016,171.51214727980215,159.73099461231206,165.39148286870116,1.7579731981544555,1.7579731981544555,1.7579731981544555,0.06302283964505953,0.06302283964505953,0.06302283964505953,1.694950358509396,1.694950358509396,1.694950358509396,0.0,0.0,0.0,164.37652017425194,162.6568382494767,1
2704,2025-06-03,162.79085668545108,157.0797950529288,172.89914072365892,159.87048628386066,165.58788915603424,1.9066306509976059,1.9066306509976059,1.9066306509976059,0.04431353266020936,0.04431353266020936,0.04431353266020936,1.8623171183373965,1.8623171183373965,1.8623171183373965,0.0,0.0,0.0,164.6974873364487,163.03374900063,1
2705,2025-06-04,162.96316639480452,157.56234674596433,173.37437458585404,159.98723720580244,165.78122566338465,1.983000938939275,1.983000938939275,1.983000938939275,-0.03333725219125017,-0.03333725219125017,-0.03333725219125017,2.0163381911305254,2.0163381911305254,2.0163381911305254,0.0,0.0,0.0,164.9461673337438,163.3987756045296,1
2706,2025-06-05,163.13547610415796,157.8307486305465,172.5181444039676,160.10398812774423,165.97153142769446,2.194172914433489,2.194172914433489,2.194172914433489,0.03864826539204129,0.03864826539204129,0.03864826539204129,2.1555246490414475,2.1555246490414475,2.1555246490414475,0.0,0.0,0.0,165.32964901859145,163.752715520987,1
2707,2025-06-06,163.3077858135114,158.02974315572328,173.1656286851633,160.25097834124225,166.16241805849745,2.2825959684946717,2.2825959684946717,2.2825959684946717,0.003928796736690657,0.003928796736690657,0.003928796736690657,2.278667171757981,2.278667171757981,2.278667171757981,0.0,0.0,0.0,165.59038178200606,164.09694496095273,1
2708,2025-06-07,163.48009552286499,158.41146784625874,173.53623784622536,160.41383674497234,166.37328118922684,2.3265772900824966,2.3265772900824966,2.3265772900824966,-0.05828810986789508,-0.05828810986789508,-0.05828810986789508,2.3848653999503915,2.3848653999503915,2.3848653999503915,0.0,0.0,0.0,165.80667281294748,164.43277685342554,1
2709,2025-06-08,163.65240523221829,158.41788198234252,173.59610916916637,160.57669514870219,166.56774637835244,2.41526187063562,2.41526187063562,2.41526187063562,-0.0582880723743492,-0.0582880723743492,-0.0582880723743492,2.4735499430099694,2.4735499430099694,2.4735499430099694,0.0,0.0,0.0,166.0676671028539,164.7498035363637,1
2710,2025-06-09,163.82471494157187,158.12283894714517,173.97506567862288,160.71170475380856,166.75631232336295,2.6075191773804125,2.6075191773804125,2.6075191773804125,0.06302283964520002,0.06302283964520002,0.06302283964520002,2.5444963377352123,2.5444963377352123,2.5444963377352123,0.0,0.0,0.0,166.4322341189523,165.06936522109487,1
2711,2025-06-10,163.99702465092545,159.22294926131724,174.64879806228402,160.83625105060324,166.94487826837343,2.6421439946877636,2.6421439946877636,2.6421439946877636,0.04431353266005694,0.04431353266005694,0.04431353266005694,2.597830462027707,2.597830462027707,2.597830462027707,0.0,0.0,0.0,166.6391686456132,165.37898681562115,1
2712,2025-06-11,164.1693343602789,158.70465510234652,174.08952597015488,160.95603615301027,167.1334442133838,2.6006878797230293,2.6006878797230293,2.6006878797230293,-0.03333725219127499,-0.03333725219127499,-0.03333725219127499,2.6340251319143047,2.6340251319143047,2.6340251319143047,0.0,0.0,0.0,166.77002224000194,165.6655970565411,1
2713,2025-06-12,164.34164406963234,158.6938707587784,175.12198247773784,161.0800006820582,167.3219749358035,2.6925361106244408,2.6925361106244408,2.6925361106244408,0.03864826539204916,0.03864826539204916,0.03864826539204916,2.6538878452323917,2.6538878452323917,2.6538878452323917,0.0,0.0,0.0,167.03418018025678,165.93136305714157,1
2714,2025-06-13,164.51395377898578,159.5724299718615,175.15633260043765,161.20429697989567,167.51030034468778,2.66246867154075,2.66246867154075,2.66246867154075,0.003928796736638229,0.003928796736638229,0.003928796736638229,2.6585398748041116,2.6585398748041116,2.6585398748041116,0.0,0.0,0.0,167.17642245052653,166.17925656854933,1
2715,2025-06-14,164.68626348833936,159.68351370552264,175.27775677767727,161.3472499235243,167.6986257535722,2.5910990414075306,2.5910990414075306,2.5910990414075306,-0.05828810986801891,-0.05828810986801891,-0.05828810986801891,2.64938715127555,2.64938715127555,2.64938715127555,0.0,0.0,0.0,167.27736252974688,166.41237608814964,1
2716,2025-06-15,164.8585731976928,159.21043554301224,175.30675461543797,161.4949667311835,167.88695116245654,2.5697955320673187,2.5697955320673187,2.5697955320673187,-0.058288072374680734,-0.058288072374680734,-0.058288072374680734,2.6280836044419993,2.6280836044419993,2.6280836044419993,0.0,0.0,0.0,167.42836872976014,166.62224805926652,1
2717,2025-06-16,165.03088290704625,160.06998030534868,175.19644825571643,161.64833234284532,168.10931188056838,2.6595106850204226,2.6595106850204226,2.6595106850204226,0.06302283964484248,0.06302283964484248,0.06302283964484248,2.5964878453755804,2.5964878453755804,2.5964878453755804,0.0,0.0,0.0,167.69039359206667,166.83224924027257,1
2718,2025-06-17,165.2031926163998,160.25608709408547,175.83745049757388,161.80264865470522,168.33412901759857,2.6009277966200863,2.6009277966200863,2.6009277966200863,0.04431353265990454,0.04431353265990454,0.04431353265990454,2.556614263960182,2.556614263960182,2.556614263960182,0.0,0.0,0.0,167.8041204130199,167.03199400027984,1
2719,2025-06-18,165.37550232575325,159.3860569739769,175.79092530663587,161.95723617138083,168.5317371496933,2.4772425297074556,2.4772425297074556,2.4772425297074556,-0.03333725219120887,-0.03333725219120887,-0.03333725219120887,2.5105797818986644,2.5105797818986644,2.5105797818986644,0.0,0.0,0.0,167.8527448554607,167.2105017755405,1
2720,2025-06-19,165.54781203510672,159.71604121483327,175.96664051596804,162.11262497838283,168.72674117726956,2.499195900449718,2.499195900449718,2.499195900449718,0.03864826539210251,0.03864826539210251,0.03864826539210251,2.4605476350576154,2.4605476350576154,2.4605476350576154,0.0,0.0,0.0,168.04700793555642,167.3719791572009,1
2721,2025-06-20,165.72012174446027,160.28851749052808,175.95012785689548,162.26772620576983,168.921745204846,2.412598453769897,2.412598453769897,2.412598453769897,0.00392879673687683,0.00392879673687683,0.00392879673687683,2.4086696570330206,2.4086696570330206,2.4086696570330206,0.0,0.0,0.0,168.13272019823017,167.5213343124626,1
2722,2025-06-21,165.8924314538137,159.8646064572667,175.67301830794446,162.41077468422276,169.1167492324222,2.298740485085177,2.298740485085177,2.298740485085177,-0.058288109868019425,-0.058288109868019425,-0.058288109868019425,2.3570285949531966,2.3570285949531966,2.3570285949531966,0.0,0.0,0.0,168.1911719388989,167.6634492823523,1
2723,2025-06-22,166.06474116316716,160.27496414529088,176.75971970154447,162.5545591520048,169.31175325999848,2.2492939342840916,2.2492939342840916,2.2492939342840916,-0.05828807237457878,-0.05828807237457878,-0.05828807237457878,2.3075820066586705,2.3075820066586705,2.3075820066586705,0.0,0.0,0.0,168.31403509745124,167.79143477407177,1
2724,2025-06-23,166.2370508725206,160.19529138523413,176.88339515912395,162.6830236901216,169.5067572875747,2.325132104202846,2.325132104202846,2.325132104202846,0.063022839644983,0.063022839644983,0.063022839644983,2.262109264557863,2.262109264557863,2.262109264557863,0.0,0.0,0.0,168.56218297672345,167.93001082669144,1
2725,2025-06-24,166.40936058187418,161.21854586471935,177.1187293301526,162.8169494395897,169.7017613151511,2.2664766584527056,2.2664766584527056,2.2664766584527056,0.044313532659870494,0.044313532659870494,0.044313532659870494,2.2221631257928354,2.2221631257928354,2.2221631257928354,0.0,0.0,0.0,168.6758372403269,168.06985829774945,1
2726,2025-06-25,166.58167029122777,160.70696549089985,176.76480473553727,162.97133650943132,169.90510893803656,2.1556899699630896,2.1556899699630896,2.1556899699630896,-0.03333725219132463,-0.03333725219132463,-0.03333725219132463,2.1890272221544143,2.1890272221544143,2.1890272221544143,0.0,0.0,0.0,168.73736026119084,168.20075745089252,1
2727,2025-06-26,166.75398000058107,160.7168250525819,177.0640540177829,163.1410732759216,170.10907742840004,2.2023289443271166,2.2023289443271166,2.2023289443271166,0.03864826539191903,0.03864826539191903,0.03864826539191903,2.163680678935197,2.163680678935197,2.163680678935197,0.0,0.0,0.0,168.9563089449082,168.32734898617667,1
2728,2025-06-27,166.92628970993465,160.7043189817838,176.41171140043315,163.27087659118448,170.31273679986765,2.1506996898195503,2.1506996898195503,2.1506996898195503,0.003928796736833359,0.003928796736833359,0.003928796736833359,2.1467708930827167,2.1467708930827167,2.1467708930827167,0.0,0.0,0.0,169.0769893997542,168.45463588485012,1
2729,2025-06-28,167.0985994192881,161.46111945468078,177.1278892292558,163.40270014048463,170.5066639485826,2.08030718225315,2.08030718225315,2.08030718225315,-0.05828810986801998,-0.05828810986801998,-0.05828810986801998,2.13859529212117,2.13859529212117,2.13859529212117,0.0,0.0,0.0,169.17890660154123,168.58725205945817,1
2730,2025-06-29,167.27090912864153,161.21021761203082,177.38082825558882,163.54615798922148,170.69954955049081,2.08080458932968,2.08080458932968,2.08080458932968,-0.05828807237457894,-0.05828807237457894,-0.05828807237457894,2.1390926617042583,2.1390926617042583,2.1390926617042583,0.0,0.0,0.0,169.35171371797122,168.71772263769964,1
2731,2025-06-30,167.44321883799498,161.30984291539102,177.68272952009656,163.65155386404007,170.89243515239906,2.2108672171041004,2.2108672171041004,2.2108672171041004,0.06302283964500112,0.06302283964500112,0.06302283964500112,2.147844377459099,2.147844377459099,2.147844377459099,0.0,0.0,0.0,169.65408605509907,168.86985922338653,1
2732,2025-07-01,167.61552854734856,161.6105450251512,177.75789024230727,163.7531701735715,171.08532075430742,2.208399145285137,2.208399145285137,2.208399145285137,0.044313532660053966,0.044313532660053966,0.044313532660053966,2.164085612625083,2.164085612625083,2.164085612625083,0.0,0.0,0.0,169.8239276926337,169.03313479876002,1
2733,2025-07-02,167.787838256702,162.436510302581,177.68670231867395,163.87963759751312,171.27820635621566,2.153389071769233,2.153389071769233,2.153389071769233,-0.03333725219125851,-0.03333725219125851,-0.03333725219125851,2.186726323960492,2.186726323960492,2.186726323960492,0.0,0.0,0.0,169.94122732847123,169.195854021862,1
2734,2025-07-03,167.96014796605544,161.61240534096413,178.0976664641588,164.01829131140374,171.46842827299082,2.253029817130349,2.253029817130349,2.253029817130349,0.038648265392017885,0.038648265392017885,0.038648265392017885,2.214381551738331,2.214381551738331,2.214381551738331,0.0,0.0,0.0,170.21317778318578,169.36095350250824,1
2735,2025-07-04,168.13245767540903,162.5014397919769,178.2532687181217,164.15973134120424,171.64782745900757,2.249339109369522,2.249339109369522,2.249339109369522,0.003928796736771966,0.003928796736771966,0.003928796736771966,2.2454103126327496,2.2454103126327496,2.2454103126327496,0.0,0.0,0.0,170.38179678477854,169.53154945695343,1
2736,2025-07-05,168.30476738476247,161.8613951500536,178.73219312754878,164.30117137100459,171.84235556982802,2.2196740141446423,2.2196740141446423,2.2196740141446423,-0.05828810986808214,-0.05828810986808214,-0.05828810986808214,2.2779621240127246,2.2779621240127246,2.2779621240127246,0.0,0.0,0.0,170.5244413989071,169.71025757072502,1
2737,2025-07-06,168.4770770941159,163.01584122408215,178.95720706930643,164.44261140080494,172.03688368064843,2.251741908881646,2.251741908881646,2.251741908881646,-0.058288072374374875,-0.058288072374374875,-0.058288072374374875,2.310029981256021,2.310029981256021,2.310029981256021,0.0,0.0,0.0,170.72881900299757,169.88750857653395,1
2738,2025-07-07,168.64938680346947,162.92780958672364,179.15943834265218,164.58405143060543,172.23635466117872,2.4025312619365233,2.4025312619365233,2.4025312619365233,0.06302283964501927,0.06302283964501927,0.06302283964501927,2.3395084222915044,2.3395084222915044,2.3395084222915044,0.0,0.0,0.0,171.051918065406,170.08500144309915,1
2739,2025-07-08,168.8216965128229,162.55736568366274,179.15980178074935,164.7254914604058,172.42641692674633,2.4085686937073025,2.4085686937073025,2.4085686937073025,0.04431353266013829,0.04431353266013829,0.04431353266013829,2.364255161047164,2.364255161047164,2.364255161047164,0.0,0.0,0.0,171.23026520653022,170.29013730359802,1
2740,2025-07-09,168.99400622217638,162.807126226123,179.7837412924462,164.86268603044675,172.62046801310976,2.348817406053493,2.348817406053493,2.348817406053493,-0.033337252191192386,-0.033337252191192386,-0.033337252191192386,2.3821546582446858,2.3821546582446858,2.3821546582446858,0.0,0.0,0.0,171.34282362822987,170.4892482946239,1
2741,2025-07-10,169.16631593152982,163.19401043401737,180.19108077517316,164.98037403317383,172.81452093736146,2.429830192897287,2.429830192897287,2.429830192897287,0.03864826539202575,0.03864826539202575,0.03864826539202575,2.391181927505261,2.391181927505261,2.391181927505261,0.0,0.0,0.0,171.59614612442712,170.6834543015567,1
2742,2025-07-11,169.33862564088338,163.28691398993,180.0405934476568,165.098062035901,173.00716600314377,2.393393646026855,2.393393646026855,2.393393646026855,0.003928796736719542,0.003928796736719542,0.003928796736719542,2.3894648492901354,2.3894648492901354,2.3894648492901354,0.0,0.0,0.0,171.73201928691023,170.87426346098437,1
2743,2025-07-12,169.51093535023696,163.6931227213644,180.84516778748258,165.2309031756019,173.1998110689261,2.317055176027661,2.317055176027661,2.317055176027661,-0.05828810986781754,-0.05828810986781754,-0.05828810986781754,2.375343285895479,2.375343285895479,2.375343285895479,0.0,0.0,0.0,171.8279905262646,171.06293978076368,1
2744,2025-07-13,169.68324505959026,163.46762244918258,180.0483120402105,165.36911833754993,173.39245613470814,2.28913528504869,2.28913528504869,2.28913528504869,-0.058288072374808514,-0.058288072374808514,-0.058288072374808514,2.3474233574234984,2.3474233574234984,2.3474233574234984,0.0,0.0,0.0,171.97238034463896,171.23886003690902,1
2745,2025-07-14,169.85555476894385,164.16722161493422,180.2131123339622,165.5079849651924,173.58510120049044,2.367648189599053,2.367648189599053,2.367648189599053,0.06302283964503742,0.06302283964503742,0.06302283964503742,2.3046253499540157,2.3046253499540157,2.3046253499540157,0.0,0.0,0.0,172.2232029585429,171.42300065428546,1
2746,2025-07-15,170.0278644782973,164.02739919362043,180.31293681446988,165.65013584633473,173.7777462662726,2.290537413118017,2.290537413118017,2.290537413118017,0.044313532659985874,0.044313532659985874,0.044313532659985874,2.2462238804580315,2.2462238804580315,2.2462238804580315,0.0,0.0,0.0,172.3184018914153,171.60239670353627,1
2747,2025-07-16,170.20017418765073,164.1307350171806,180.51793507047228,165.792286727477,173.97039133205482,2.1385418823663396,2.1385418823663396,2.1385418823663396,-0.0333372521912172,-0.0333372521912172,-0.0333372521912172,2.1718791345575568,2.1718791345575568,2.1718791345575568,0.0,0.0,0.0,172.33871607001706,171.76338641023824,1
2748,2025-07-17,170.37248389700417,164.4708799113655,181.12996731296457,165.9344376086193,174.16303639783695,2.12030648362073,2.12030648362073,2.12030648362073,0.03864826539184227,0.03864826539184227,0.03864826539184227,2.081658218228888,2.081658218228888,2.081658218228888,0.0,0.0,0.0,172.4927903806249,171.9074736417601,1
2749,2025-07-18,170.54479360635776,164.01265417046395,181.0463897304644,166.07658848976172,174.3556814636193,1.9799747139616934,1.9799747139616934,1.9799747139616934,0.003928796736667107,0.003928796736667107,0.003928796736667107,1.9760459172250264,1.9760459172250264,1.9760459172250264,0.0,0.0,0.0,172.52476832031945,172.03692395313902,1
2750,2025-07-19,170.71710331571134,164.18180562389412,180.95018870006518,166.222536612702,174.5483265294016,1.7976563219480073,1.7976563219480073,1.7976563219480073,-0.05828810986794136,-0.05828810986794136,-0.05828810986794136,1.8559444318159486,1.8559444318159486,1.8559444318159486,0.0,0.0,0.0,172.51475963765935,172.154117554082,1
2751,2025-07-20,170.88941302506464,163.71441401403297,180.67370545266485,166.35527851807058,174.74097159518365,1.6643738698696129,1.6643738698696129,1.6643738698696129,-0.058288072374604455,-0.058288072374604455,-0.058288072374604455,1.7226619422442173,1.7226619422442173,1.7226619422442173,0.0,0.0,0.0,172.55378689493426,172.24988163113272,1
2752,2025-07-21,171.06172273441823,164.63778139810947,181.12550296315973,166.4942417167855,174.93361666096595,1.6409129941664897,1.6409129941664897,1.6409129941664897,0.06302283964517792,0.06302283964517792,0.06302283964517792,1.5778901545213118,1.5778901545213118,1.5778901545213118,0.0,0.0,0.0,172.7026357285847,172.34694327530013,1
2753,2025-07-22,171.23403244377167,163.97134772230086,180.71043627494848,166.63477362294594,175.12626172674814,1.467984801688816,1.467984801688816,1.467984801688816,0.04431353265995184,0.04431353265995184,0.04431353265995184,1.4236712690288642,1.4236712690288642,1.4236712690288642,0.0,0.0,0.0,172.7020172454605,172.43434594721975,1
2754,2025-07-23,171.4063421531251,164.08977763933083,181.09861230623767,166.7771107855742,175.31890679253033,1.229017845826638,1.229017845826638,1.229017845826638,-0.033337252191128416,-0.033337252191128416,-0.033337252191128416,1.2623550980177665,1.2623550980177665,1.2623550980177665,0.0,0.0,0.0,172.63535999895174,172.50064391265101,1
2755,2025-07-24,171.5786518624787,164.08018606688145,180.34009112119563,166.91697129949182,175.51155185831263,1.1351955903366833,1.1351955903366833,1.1351955903366833,0.03864826539185014,0.03864826539185014,0.03864826539185014,1.0965473249448332,1.0965473249448332,1.0965473249448332,0.0,0.0,0.0,172.71384745281537,172.54970836207826,1
2756,2025-07-25,171.75096157183214,163.87257906169157,180.13645890800134,167.0559751407546,175.70419692409482,0.9329789381150763,0.9329789381150763,0.9329789381150763,0.003928796736614678,0.003928796736614678,0.003928796736614678,0.9290501413784615,0.9290501413784615,0.9290501413784615,0.0,0.0,0.0,172.6839405099472,172.58626222393144,1
2757,2025-07-26,171.9232712811857,163.73974104398664,180.83787589549596,167.19897631466293,175.92752232641945,0.7045085995455592,0.7045085995455592,0.7045085995455592,-0.05828810986794188,-0.05828810986794188,-0.05828810986794188,0.7627967094135011,0.7627967094135011,0.7627967094135011,0.0,0.0,0.0,172.62777988073125,172.61516860500288,1
2758,2025-07-27,172.09558099053902,164.1337754791959,180.48405077748188,167.34197748857093,176.12888455779142,0.5424930008700427,0.5424930008700427,0.5424930008700427,-0.0582880723746046,-0.0582880723746046,-0.0582880723746046,0.6007810732446474,0.6007810732446474,0.6007810732446474,0.0,0.0,0.0,172.63807399140907,172.6296969660813,1
2759,2025-07-28,172.26789069989258,164.49535523693172,181.21524507260864,167.48179296364557,176.326914292243,0.5090081175918894,0.5090081175918894,0.5090081175918894,0.06302283964494274,0.06302283964494274,0.06302283964494274,0.44598527794694665,0.44598527794694665,0.44598527794694665,0.0,0.0,0.0,172.77689881748447,172.65491001579778,1
2760,2025-07-29,172.44020040924616,164.07500713864363,181.54045280440107,167.6235063201958,176.52436395166472,0.3456190754205238,0.3456190754205238,0.3456190754205238,0.0443135326599178,0.0443135326599178,0.0443135326599178,0.30130554276060595,0.30130554276060595,0.30130554276060595,0.0,0.0,0.0,172.7858194846667,172.68201600049852,1
2761,2025-07-30,172.6125101185995,164.049380016746,180.87401491430714,167.762765906103,176.71935167696074,0.13614212543583468,0.13614212543583468,0.13614212543583468,-0.0333372521913351,-0.0333372521913351,-0.0333372521913351,0.16947937762716975,0.16947937762716975,0.16947937762716975,0.0,0.0,0.0,172.74865224403533,172.70150253540865,1
2762,2025-07-31,172.78481982795304,164.34885312658636,180.2908369875837,167.90534279929648,176.9207634651123,0.09166378945315523,0.09166378945315523,0.09166378945315523,0.03864826539194899,0.03864826539194899,0.03864826539194899,0.05301552406120623,0.05301552406120623,0.05301552406120623,0.0,0.0,0.0,172.8764836174062,172.71888732429076,1
2763,2025-08-01,172.95712953730649,164.50169307073745,181.2152956319846,168.0479196924898,177.1221752532637,-0.041942658701765334,-0.041942658701765334,-0.041942658701765334,0.003928796736553284,0.003928796736553284,0.003928796736553284,-0.04587145543831862,-0.04587145543831862,-0.04587145543831862,0.0,0.0,0.0,172.91518687860471,172.7402042876052,1
2764,2025-08-02,173.12943924666007,164.13020259915163,182.0190724013796,168.20087317842209,177.32698269764091,-0.18360832995201215,-0.18360832995201215,-0.18360832995201215,-0.05828810986800405,-0.05828810986800405,-0.05828810986800405,-0.12532022008400812,-0.12532022008400812,-0.12532022008400812,0.0,0.0,0.0,172.94583091670805,172.77125137938083,1
2765,2025-08-03,173.30174895601337,163.78524372704663,180.79781979703716,168.35781676235587,177.5303815503273,-0.24216182891302934,-0.24216182891302934,-0.24216182891302934,-0.05828807237460478,-0.05828807237460478,-0.05828807237460478,-0.18387375653842458,-0.18387375653842458,-0.18387375653842458,0.0,0.0,0.0,173.05958712710034,172.8058253468093,1
2766,2025-08-04,173.47405866536695,164.87485831373684,181.27952711581338,168.5147603462899,177.73033431905174,-0.1574983309808652,-0.1574983309808652,-0.1574983309808652,0.06302283964508323,0.06302283964508323,0.06302283964508323,-0.22052117062594842,-0.22052117062594842,-0.22052117062594842,0.0,0.0,0.0,173.31656033438608,172.8690873292532,1
2767,2025-08-05,173.64636837472054,165.09479603249596,181.65807906521155,168.63804150480846,177.9323514983651,-0.1904154841476781,-0.1904154841476781,-0.1904154841476781,0.04431353265988376,0.04431353265988376,0.04431353265988376,-0.2347290168075618,-0.2347290168075618,-0.2347290168075618,0.0,0.0,0.0,173.45595289057286,172.95190463023738,1
2768,2025-08-06,173.81867808407384,164.71190339152042,181.81377446152243,168.75100553630898,178.13413265933357,-0.25979852926916525,-0.25979852926916525,-0.25979852926916525,-0.033337252191268985,-0.033337252191268985,-0.033337252191268985,-0.22646127707789623,-0.22646127707789623,-0.22646127707789623,0.0,0.0,0.0,173.55887955480466,173.04398518657695,1
2769,2025-08-07,173.99098779342742,165.4180676170755,182.42274444903717,168.88752407684532,178.32631310537036,-0.15753911973516474,-0.15753911973516474,-0.15753911973516474,0.03864826539195686,0.03864826539195686,0.03864826539195686,-0.19618738512712156,-0.19618738512712156,-0.19618738512712156,0.0,0.0,0.0,173.83344867369226,173.14964017219773,1
2770,2025-08-08,174.16329750278086,165.4934914871869,182.24447248211877,169.02930132493384,178.54040527608544,-0.14094919605650577,-0.14094919605650577,-0.14094919605650577,0.00392879673680084,0.00392879673680084,0.00392879673680084,-0.1448779927933066,-0.1448779927933066,-0.1448779927933066,0.0,0.0,0.0,174.02234830672435,173.2732930544035,1
2771,2025-08-09,174.33560721213445,165.0842783288693,182.32173152148908,169.17110496460276,178.73165611970794,-0.13227659601626984,-0.13227659601626984,-0.13227659601626984,-0.05828810986806624,-0.05828810986806624,-0.05828810986806624,-0.07398848614820362,-0.07398848614820362,-0.07398848614820362,0.0,0.0,0.0,174.20333061611817,173.41876089161175,1
2772,2025-08-10,174.5079169214879,165.4096552464915,183.21695951113816,169.3130775612122,178.93561521716677,-0.04371864237089145,-0.04371864237089145,-0.04371864237089145,-0.0582880723744007,-0.0582880723744007,-0.0582880723744007,0.014569430003509246,0.014569430003509246,0.014569430003509246,0.0,0.0,0.0,174.464198279117,173.57753235778284,1
2773,2025-08-11,174.68022663084133,166.39027212359792,183.51507193111993,169.45850203148055,179.12785019440483,0.18149029570371836,0.18149029570371836,0.18149029570371836,0.06302283964497903,0.06302283964497903,0.06302283964497903,0.1184674560587393,0.1184674560587393,0.1184674560587393,0.0,0.0,0.0,174.86171692654506,173.77218536257686,1
2774,2025-08-12,174.85253634019492,166.2711829868885,183.79479111006893,169.62288974323175,179.312554399248,0.2793243500799756,0.2793243500799756,0.2793243500799756,0.04431353265973136,0.04431353265973136,0.04431353265973136,0.23501081742024418,0.23501081742024418,0.23501081742024418,0.0,0.0,0.0,175.1318606902749,173.99078833993354,1
2775,2025-08-13,175.02484604954822,166.96826971731824,183.68869496324027,169.77522445506668,179.4972586040909,0.3278603485734237,0.3278603485734237,0.3278603485734237,-0.03333725219127113,-0.03333725219127113,-0.03333725219127113,0.36119760076469487,0.36119760076469487,0.36119760076469487,0.0,0.0,0.0,175.35270639812165,174.2201002670357,1
2776,2025-08-14,175.1971557589018,166.07201308904664,184.30654380069578,169.89457504418175,179.68196280893403,0.5324341554650405,0.5324341554650405,0.5324341554650405,0.038648265391964726,0.038648265391964726,0.038648265391964726,0.4937858900730758,0.4937858900730758,0.4937858900730758,0.0,0.0,0.0,175.72958991436684,174.46140322503376,1
2777,2025-08-15,175.36946546825536,167.45168371520762,184.23230433090595,170.04251521832737,179.8933314757512,0.6332958809022551,0.6332958809022551,0.6332958809022551,0.003928796736739453,0.003928796736739453,0.003928796736739453,0.6293670841655158,0.6293670841655158,0.6293670841655158,0.0,0.0,0.0,176.00276134915762,174.71608407089224,1
2778,2025-08-16,175.5417751776088,167.10009513806904,184.76020111661322,170.19266197242902,180.11411011964407,0.7061555071243292,0.7061555071243292,0.7061555071243292,-0.05828810986786327,-0.05828810986786327,-0.05828810986786327,0.7644436169921924,0.7644436169921924,0.7644436169921924,0.0,0.0,0.0,176.24793068473312,174.9849891838851,1
2779,2025-08-17,175.71408488696224,167.61537216808827,185.28240097509436,170.3434549061878,180.3348887635369,0.8372211143046631,0.8372211143046631,0.8372211143046631,-0.058288072374400854,-0.058288072374400854,-0.058288072374400854,0.895509186679064,0.895509186679064,0.895509186679064,0.0,0.0,0.0,176.5513060012669,175.25677491664254,1
2780,2025-08-18,175.8863945963157,167.65000562338375,185.5256711284182,170.49424783994655,180.55566740742972,1.082152371985135,1.082152371985135,1.082152371985135,0.06302283964511952,0.06302283964511952,0.06302283964511952,1.0191295323400154,1.0191295323400154,1.0191295323400154,0.0,0.0,0.0,176.96854696830084,175.5513947828002,1
2781,2025-08-19,176.05870430566927,167.58603553014225,185.8244697285684,170.6450407737054,180.7745450220481,1.1763353133815024,1.1763353133815024,1.1763353133815024,0.04431353266003318,0.04431353266003318,0.04431353266003318,1.1320217807214692,1.1320217807214692,1.1320217807214692,0.0,0.0,0.0,177.23503961905078,175.85456568309348,1
2782,2025-08-20,176.2310140150226,168.0680433797665,186.95864482890113,170.79583370746403,180.97883391228194,1.1977931660551764,1.1977931660551764,1.1977931660551764,-0.03333725219120502,-0.03333725219120502,-0.03333725219120502,1.2311304182463816,1.2311304182463816,1.2311304182463816,0.0,0.0,0.0,177.42880718107776,176.15102657328956,1
2783,2025-08-21,176.40332372437615,168.94670187206918,186.4421785681673,170.9336168280625,181.18310230655834,1.3523462925223309,1.3523462925223309,1.3523462925223309,0.03864826539206358,0.03864826539206358,0.03864826539206358,1.3136980271302672,1.3136980271302672,1.3136980271302672,0.0,0.0,0.0,177.75567001689848,176.44042188232487,1
2784,2025-08-22,176.57563343372973,168.84372242339487,186.56169989308742,171.0527746659186,181.38646486856027,1.381257851473976,1.381257851473976,1.381257851473976,0.0039287967366959855,0.0039287967366959855,0.0039287967366959855,1.37732905473728,1.37732905473728,1.37732905473728,0.0,0.0,0.0,177.9568912852037,176.72292494181778,1
2785,2025-08-23,176.74794314308318,168.70497531260446,186.79637236335978,171.19800755985872,181.58962496556455,1.3617569499905366,1.3617569499905366,1.3617569499905366,-0.058288109867925444,-0.058288109867925444,-0.058288109867925444,1.4200450598584624,1.4200450598584624,1.4200450598584624,0.0,0.0,0.0,178.1097000930737,176.998624311313,1
2786,2025-08-24,176.92025285243662,169.300929872714,186.56252418885617,171.3460663006238,181.7820773374635,1.3820420211144713,1.3820420211144713,1.3820420211144713,-0.05828807237473239,-0.05828807237473239,-0.05828807237473239,1.4403300934892038,1.4403300934892038,1.4403300934892038,0.0,0.0,0.0,178.3022948735511,177.2558948072314,1
2787,2025-08-25,177.09256256179006,169.48502273185602,187.6109650194048,171.49412504138888,181.9894200924201,1.5001879591175606,1.5001879591175606,1.5001879591175606,0.06302283964526004,0.06302283964526004,0.06302283964526004,1.4371651194723007,1.4371651194723007,1.4371651194723007,0.0,0.0,0.0,178.59275052090763,177.5148937244064,1
2788,2025-08-26,177.26487227114364,169.2390482192865,187.61228941012473,171.61620012601685,182.18517045267603,1.4543641881548994,1.4543641881548994,1.4543641881548994,0.04431353265999914,0.04431353265999914,0.04431353265999914,1.4100506554949002,1.4100506554949002,1.4100506554949002,0.0,0.0,0.0,178.71923645929854,177.76202430186294,1
2789,2025-08-27,177.4371819804971,169.3998786439357,187.9480337294176,171.70582190856885,182.39687020194322,1.3256798581029061,1.3256798581029061,1.3256798581029061,-0.033337252191229835,-0.033337252191229835,-0.033337252191229835,1.359017110294136,1.359017110294136,1.359017110294136,0.0,0.0,0.0,178.7628618386,177.98317988559626,1
2790,2025-08-28,177.60949168985053,169.70179334371812,187.697328224109,171.83833724668173,182.60640731266156,1.323270866218776,1.323270866218776,1.323270866218776,0.038648265392071446,0.038648265392071446,0.038648265392071446,1.2846226008267048,1.2846226008267048,1.2846226008267048,0.0,0.0,0.0,178.9327625560693,178.1796014443731,1
2791,2025-08-29,177.7818013992041,170.10807432773626,187.27960425374056,171.977060681179,182.8096971189362,1.1918671423709801,1.1918671423709801,1.1918671423709801,0.003928796736634594,0.003928796736634594,0.003928796736634594,1.1879383456343453,1.1879383456343453,1.1879383456343453,0.0,0.0,0.0,178.97366854157508,178.35346433662554,1
2792,2025-08-30,177.9541111085574,169.33177515672713,187.9675274740881,172.11876486810343,183.00697944342647,1.0122339297391938,1.0122339297391938,1.0122339297391938,-0.05828810986798763,-0.05828810986798763,-0.05828810986798763,1.0705220396071815,1.0705220396071815,1.0705220396071815,0.0,0.0,0.0,178.9663450382966,178.5072181223474,1
2793,2025-08-31,178.126420817911,169.17032700508645,187.91536114768806,172.26046905502812,183.19927611519725,0.8760918404966093,0.8760918404966093,0.8760918404966093,-0.058288072374732554,-0.058288072374732554,-0.058288072374732554,0.9343799128713418,0.9343799128713418,0.9343799128713418,0.0,0.0,0.0,179.0025126584076,178.63190238649833,1
2794,2025-09-01,178.29873052726458,169.80037658590388,188.01034197483335,172.40217324195282,183.39157278696806,0.8449412946256899,0.8449412946256899,0.8449412946256899,0.06302283964515581,0.06302283964515581,0.06302283964515581,0.781918454980534,0.781918454980534,0.781918454980534,0.0,0.0,0.0,179.14367182189028,178.75058044016697,1
2795,2025-09-02,178.47104023661802,169.98952061640313,188.1105405712067,172.5427849164413,183.61385335174643,0.6602005705282411,0.6602005705282411,0.6602005705282411,0.04431353266008347,0.04431353266008347,0.04431353266008347,0.6158870378681576,0.6158870378681576,0.6158870378681576,0.0,0.0,0.0,179.13124080714627,178.85273451157425,1
2796,2025-09-03,178.64334994597147,169.62944877917758,187.7814534299005,172.656494968091,183.82525555893253,0.40597563858082963,0.40597563858082963,0.40597563858082963,-0.03333725219125465,-0.03333725219125465,-0.03333725219125465,0.4393128907720843,0.4393128907720843,0.4393128907720843,0.0,0.0,0.0,179.0493255845523,178.92743758267437,1
2797,2025-09-04,178.8156596553249,170.05257203615608,188.27203391498063,172.77020501974073,184.02044257929185,0.2940783274330333,0.2940783274330333,0.2940783274330333,0.03864826539188797,0.03864826539188797,0.03864826539188797,0.2554300620411453,0.2554300620411453,0.2554300620411453,0.0,0.0,0.0,179.10973798275793,178.9791363288594,1
2798,2025-09-05,178.98796936467846,170.1378976824576,187.90820415885563,172.90541358201196,184.2156295996513,0.07153293865164427,0.07153293865164427,0.07153293865164427,0.003928796736573198,0.003928796736573198,0.003928796736573198,0.06760414191507107,0.06760414191507107,0.06760414191507107,0.0,0.0,0.0,179.0595023033301,179.01316291326253,1
2799,2025-09-06,179.1602790740318,168.53043239100705,187.70825239721106,173.05495770071943,184.41081662001048,-0.17903349617485212,-0.17903349617485212,-0.17903349617485212,-0.058288109867988144,-0.058288109867988144,-0.058288109867988144,-0.12074538630686395,-0.12074538630686395,-0.12074538630686395,0.0,0.0,0.0,178.98124557785695,179.03500128718824,-1
2800,2025-09-07,179.33258878338538,169.82307827287516,188.74680887952678,173.20461205241273,184.5968659261207,-0.3645113263494847,-0.3645113263494847,-0.3645113263494847,-0.058288072374630594,-0.058288072374630594,-0.058288072374630594,-0.30622325397485417,-0.30622325397485417,-0.30622325397485417,0.0,0.0,0.0,178.9680774570359,179.0385327772849,-1
2801,2025-09-08,179.50489849273893,168.9056922869454,187.9167947403722,173.33944821317897,184.75629940551116,-0.42251222481593176,-0.42251222481593176,-0.42251222481593176,0.06302283964529633,0.06302283964529633,0.06302283964529633,-0.48553506446122807,-0.48553506446122807,-0.48553506446122807,0.0,0.0,0.0,179.082386267923,179.0494045499197,1
2802,2025-09-09,179.67720820209237,169.97334945005696,188.01529509898657,173.47160976316098,184.96412820909433,-0.6112471103214789,-0.6112471103214789,-0.6112471103214789,0.04431353266026694,0.04431353266026694,0.04431353266026694,-0.655560642981746,-0.655560642981746,-0.655560642981746,0.0,0.0,0.0,179.0659610917709,179.05936615526713,1
2803,2025-09-10,179.84951791144582,169.22852987345527,188.1626520321876,173.61134074224847,185.17195701267755,-0.8467595725705888,-0.8467595725705888,-0.8467595725705888,-0.03333725219127946,-0.03333725219127946,-0.03333725219127946,-0.8134223203793094,-0.8134223203793094,-0.8134223203793094,0.0,0.0,0.0,179.00275833887522,179.0593907233139,-1
2804,2025-09-11,180.02182762079926,169.05739241711962,188.71228718161424,173.73024666787413,185.37960437791344,-0.9178982696176454,-0.9178982696176454,-0.9178982696176454,0.038648265391895836,0.038648265391895836,0.038648265391895836,-0.9565465350095412,-0.9565465350095412,-0.9565465350095412,0.0,0.0,0.0,179.10392935118162,179.055416476243,1
2805,2025-09-12,180.19413733015284,169.27820734656999,188.57132634550888,173.86269311754336,185.57540001610138,-1.0787885226429808,-1.0787885226429808,-1.0787885226429808,0.0039287967368297205,0.0039287967368297205,0.0039287967368297205,-1.0827173193798105,-1.0827173193798105,-1.0827173193798105,0.0,0.0,0.0,179.11534880750986,179.05382727627938,1
2806,2025-09-13,180.36644703950628,169.56374446046686,188.23100748376743,173.99983315904737,185.78044691633133,-1.248408565383295,-1.248408565383295,-1.248408565383295,-0.058288109868111955,-0.058288109868111955,-0.058288109868111955,-1.190120455515183,-1.190120455515183,-1.190120455515183,0.0,0.0,0.0,179.11803847412298,179.06069856523646,1
2807,2025-09-14,180.53875674885973,168.847462371961,188.14856347112914,174.14724391612728,185.99647525321544,-1.335665401713019,-1.335665401713019,-1.335665401713019,-0.05828807237452864,-0.05828807237452864,-0.05828807237452864,-1.2773773293384902,-1.2773773293384902,-1.2773773293384902,0.0,0.0,0.0,179.2030913471467,179.07003390167534,1
2808,2025-09-15,180.7110664582133,169.22673566518833,188.6046416336116,174.28176594358922,186.21250359009966,-1.2805449433611382,-1.2805449433611382,-1.2805449433611382,0.06302283964506113,0.06302283964506113,0.06302283964506113,-1.3435677830061996,-1.3435677830061996,-1.3435677830061996,0.0,0.0,0.0,179.43052151485216,179.1071358228275,1
2809,2025-09-16,180.88337616756675,170.06509561802372,188.63740582175944,174.41380821818342,186.42670198508048,-1.3439280153418658,-1.3439280153418658,-1.3439280153418658,0.044313532660232885,0.044313532660232885,0.044313532660232885,-1.3882415480020989,-1.3882415480020989,-1.3882415480020989,0.0,0.0,0.0,179.53944815222488,179.16295608026434,1
2810,2025-09-17,181.0556858769202,169.26343873001957,188.71891677037328,174.54585049277756,186.6367788662966,-1.4447553856288171,-1.4447553856288171,-1.4447553856288171,-0.03333725219121334,-0.03333725219121334,-0.03333725219121334,-1.411418133437604,-1.411418133437604,-1.411418133437604,0.0,0.0,0.0,179.61093049129138,179.2272413836899,1
2811,2025-09-18,181.22799558627378,169.65662507010788,189.7293337627747,174.67789276737187,186.85820444655263,-1.3749270703796175,-1.3749270703796175,-1.3749270703796175,0.03864826539194919,0.03864826539194919,0.03864826539194919,-1.4135753357715668,-1.4135753357715668,-1.4135753357715668,0.0,0.0,0.0,179.85306851589417,179.30430960848702,1
2812,2025-09-19,181.40030529562722,170.2999490488198,189.09251812511266,174.80993504196607,187.07993511141345,-1.3916980238290846,-1.3916980238290846,-1.3916980238290846,0.003928796736768323,0.003928796736768323,0.003928796736768323,-1.3956268205658526,-1.3956268205658526,-1.3956268205658526,0.0,0.0,0.0,180.00860727179813,179.39857422648973,1
2813,2025-09-20,181.57261500498066,170.1449515232659,189.1273729809878,174.94197731656024,187.29926666871108,-1.4171776064785966,-1.4171776064785966,-1.4171776064785966,-0.05828810986784736,-0.05828810986784736,-0.05828810986784736,-1.358889496610749,-1.358889496610749,-1.358889496610749,0.0,0.0,0.0,180.15543739850207,179.5138421324524,1
2814,2025-09-21,181.7449247143341,171.31855593028683,189.79306186113612,175.0740478906162,187.51539757469607,-1.363329723385051,-1.363329723385051,-1.363329723385051,-0.05828807237442669,-0.05828807237442669,-0.05828807237442669,-1.3050416510106244,-1.3050416510106244,-1.3050416510106244,0.0,0.0,0.0,180.38159499094905,179.64160869642916,1
2815,2025-09-22,181.9172344236877,170.8393530054471,189.51278418420506,175.20717059791664,187.72981973859066,-1.1730501947438523,-1.1730501947438523,-1.1730501947438523,0.06302283964520164,0.06302283964520164,0.06302283964520164,-1.236073034389054,-1.236073034389054,-1.236073034389054,0.0,0.0,0.0,180.74418422894382,179.80449223857255,1
2816,2025-09-23,182.08954413304113,171.67890466929188,190.72280821737587,175.35345779768343,187.91764006849561,-1.1099147402182037,-1.1099147402182037,-1.1099147402182037,0.044313532660080486,0.044313532660080486,0.044313532660080486,-1.1542282728782842,-1.1542282728782842,-1.1542282728782842,0.0,0.0,0.0,180.97962939282291,179.99065133044252,1
2817,2025-09-24,182.26185384239457,171.17331288087462,191.03141424519174,175.50763772342168,188.10703622891455,-1.0952823856980822,-1.0952823856980822,-1.0952823856980822,-0.03333725219132909,-0.03333725219132909,-0.03333725219132909,-1.0619451335067531,-1.0619451335067531,-1.0619451335067531,0.0,0.0,0.0,181.1665714566965,180.1869993413975,1
2818,2025-09-25,182.43416355174813,172.66255691879826,190.81506454304807,175.6410102623086,188.3160943212453,-0.9231410131639011,-0.9231410131639011,-0.9231410131639011,0.03864826539200255,0.03864826539200255,0.03864826539200255,-0.9617892785559037,-0.9617892785559037,-0.9617892785559037,0.0,0.0,0.0,181.51102253858423,180.39504944377072,1
2819,2025-09-26,182.6064732611016,171.86945084980695,190.848913320244,175.7802288755353,188.5251524135759,-0.8524584133393583,-0.8524584133393583,-0.8524584133393583,0.003928796736724863,0.003928796736724863,0.003928796736724863,-0.8563872100760832,-0.8563872100760832,-0.8563872100760832,0.0,0.0,0.0,181.75401484776225,180.61650611332442,1
2820,2025-09-27,182.77878297045504,171.28579441430944,191.06461732402184,175.911891153549,188.73421050590653,-0.8066472367336999,-0.8066472367336999,-0.8066472367336999,-0.058288109867909534,-0.058288109867909534,-0.058288109867909534,-0.7483591268657903,-0.7483591268657903,-0.7483591268657903,0.0,0.0,0.0,181.97213573372133,180.85262663756743,1
2821,2025-09-28,182.95109267980848,171.42740896502534,192.53643378893398,176.02793646414395,188.94312877027474,-0.698541465229649,-0.698541465229649,-0.698541465229649,-0.05828807237442685,-0.05828807237442685,-0.05828807237442685,-0.6402533928552222,-0.6402533928552222,-0.6402533928552222,0.0,0.0,0.0,182.25255121457883,181.0925749074359,1
2822,2025-09-29,183.12340238916204,172.23760794821274,192.27837912496568,176.1635266311779,189.1519313846078,-0.4714614094812654,-0.4714614094812654,-0.4714614094812654,0.06302283964509743,0.06302283964509743,0.06302283964509743,-0.5344842491263628,-0.5344842491263628,-0.5344842491263628,0.0,0.0,0.0,182.65194097968077,181.35690827822415,1
2823,2025-09-30,183.29571209851562,172.83444443205175,192.3463943335272,176.29234452462413,189.36073399894082,-0.38896076143239805,-0.38896076143239805,-0.38896076143239805,0.044313532659928066,0.044313532659928066,0.044313532659928066,-0.43327429409232615,-0.43327429409232615,-0.43327429409232615,0.0,0.0,0.0,182.90675133708322,181.63203967208227,1
2824,2025-10-01,183.46802180786892,173.23222192007708,192.21667944910493,176.42247820153403,189.5695366132736,-0.3719403631651812,-0.3719403631651812,-0.3719403631651812,-0.033337252191240306,-0.033337252191240306,-0.033337252191240306,-0.3386031109739409,-0.3386031109739409,-0.3386031109739409,0.0,0.0,0.0,183.09608144470374,181.90348831745774,1
2825,2025-10-02,183.6403315172225,172.60775137726262,193.4071801775069,176.5538756800107,189.77833922760666,-0.21351497752798432,-0.21351497752798432,-0.21351497752798432,0.03864826539205591,0.03864826539205591,0.03864826539205591,-0.2521632429200402,-0.2521632429200402,-0.2521632429200402,0.0,0.0,0.0,183.42681653969453,182.17175154853282,1
2826,2025-10-03,183.81264122657595,174.3849473913811,192.9827859433314,176.68205339498996,189.98714184193955,-0.17139571235373113,-0.17139571235373113,-0.17139571235373113,0.003928796736663468,0.003928796736663468,0.003928796736663468,-0.1753245090903946,-0.1753245090903946,-0.1753245090903946,0.0,0.0,0.0,183.64124551422222,182.43791316067274,1
2827,2025-10-04,183.9849509359294,173.86854191149558,192.91393608955224,176.80984843960212,190.19594445627246,-0.16739553534193055,-0.16739553534193055,-0.16739553534193055,-0.05828810986791006,-0.05828810986791006,-0.05828810986791006,-0.10910742547402053,-0.10910742547402053,-0.10910742547402053,0.0,0.0,0.0,183.81755540058745,182.70301155506186,1
2828,2025-10-05,184.15726064528297,173.8988191886686,194.19588964995276,176.93764348421442,190.4047470706055,-0.11245432087958346,-0.11245432087958346,-0.11245432087958346,-0.05828807237422279,-0.05828807237422279,-0.05828807237422279,-0.05416624850536067,-0.05416624850536067,-0.05416624850536067,0.0,0.0,0.0,184.0448063244034,182.95638993364378,1
2829,2025-10-06,184.32957035463642,174.4369654737476,193.8140790981154,177.0654385288266,190.60893293245584,0.052240935381279094,0.052240935381279094,0.052240935381279094,0.06302283964486223,0.06302283964486223,0.06302283964486223,-0.010781904263583138,-0.010781904263583138,-0.010781904263583138,0.0,0.0,0.0,184.3818112900177,183.2191695778693,1
2830,2025-10-07,184.50188006399,174.0987059967635,194.0285025612222,177.19323357343893,190.81351841903748,0.0654487246404919,0.0654487246404919,0.0654487246404919,0.04431353266001241,0.04431353266001241,0.04431353266001241,0.02113519198047948,0.02113519198047948,0.02113519198047948,0.0,0.0,0.0,184.5673287886305,183.47868888336023,1
2831,2025-10-08,184.6741897733433,174.71142842629547,194.50649876833836,177.32102861805095,191.02560631953702,0.008695422944378299,0.008695422944378299,0.008695422944378299,-0.03333725219126512,-0.03333725219126512,-0.03333725219126512,0.04203267513564342,0.04203267513564342,0.04203267513564342,0.0,0.0,0.0,184.68288519628769,183.7217222815311,1
2832,2025-10-09,184.84649948269688,174.40993686214316,194.59170354497192,177.44882366266327,191.20978494180656,0.09134288669694911,0.09134288669694911,0.09134288669694911,0.03864826539187243,0.03864826539187243,0.03864826539187243,0.052694621305076676,0.052694621305076676,0.052694621305076676,0.0,0.0,0.0,184.93784236939382,183.95031242050243,1
2833,2025-10-10,185.01880919205033,174.77873672154917,195.0255935249367,177.58229632325518,191.42651137068995,0.05814030660992673,0.05814030660992673,0.05814030660992673,0.003928796736611037,0.003928796736611037,0.003928796736611037,0.0542115098733157,0.0542115098733157,0.0542115098733157,0.0,0.0,0.0,185.07694949866024,184.16733223666012,1
2834,2025-10-11,185.19111890140377,175.2686845382409,195.12918534009208,177.74242358283902,191.63968901915482,-0.010345429439974402,-0.010345429439974402,-0.010345429439974402,-0.0582881098679106,-0.0582881098679106,-0.0582881098679106,0.0479426804279362,0.0479426804279362,0.0479426804279362,0.0,0.0,0.0,185.1807734719638,184.37580143938615,1
2835,2025-10-12,185.36342861075735,174.42011917133883,194.4164331770829,177.87351207613446,191.84424895409012,-0.022815687139725323,-0.022815687139725323,-0.022815687139725323,-0.05828807237465641,-0.05828807237465641,-0.05828807237465641,0.0354723852349311,0.0354723852349311,0.0354723852349311,0.0,0.0,0.0,185.34061292361764,184.56718107777846,1
2836,2025-10-13,185.5357383201108,175.69218370509043,195.2373144295936,178.00460056942975,192.048629497941,0.08158352309885902,0.08158352309885902,0.08158352309885902,0.06302283964488038,0.06302283964488038,0.06302283964488038,0.018560683453978634,0.018560683453978634,0.018560683453978634,0.0,0.0,0.0,185.61732184320965,184.7647887106772,1
2837,2025-10-14,185.70804802946435,175.60474535055144,195.33509264362706,178.13568906272522,192.24996765925556,0.043404066591094574,0.043404066591094574,0.043404066591094574,0.04431353265986,0.04431353265986,0.04431353265986,-0.0009094660687654232,-0.0009094660687654232,-0.0009094660687654232,0.0,0.0,0.0,185.75145209605546,184.95817838022398,1
2838,2025-10-15,185.88035773881768,175.3354893869279,195.75556360633144,178.2667775560204,192.43316676900298,-0.054324735154431064,-0.054324735154431064,-0.054324735154431064,-0.033337252191199,-0.033337252191199,-0.033337252191199,-0.020987482963232062,-0.020987482963232062,-0.020987482963232062,0.0,0.0,0.0,185.82603300366324,185.13630104814996,1
2839,2025-10-16,186.05266744817126,175.8432985599834,196.14174545064122,178.39786604931584,192.61297342074934,-0.001063083342721466,-0.001063083342721466,-0.001063083342721466,0.03864826539192579,0.03864826539192579,0.03864826539192579,-0.03971134873464726,-0.03971134873464726,-0.03971134873464726,0.0,0.0,0.0,186.05160436482853,185.30328035563107,1
2840,2025-10-17,186.22497715752482,175.38705479288234,196.27322695653896,178.5292786148093,192.8282039114702,-0.0512344362439163,-0.0512344362439163,-0.0512344362439163,0.0039287967368585985,0.0039287967368585985,0.0039287967368585985,-0.05516323298077489,-0.05516323298077489,-0.05516323298077489,0.0,0.0,0.0,186.17374272128092,185.4639217488961,1
2841,2025-10-18,186.39728686687815,175.43626637895585,195.1943930949792,178.6692242852257,193.01460000906832,-0.1238112509586424,-0.1238112509586424,-0.1238112509586424,-0.058288109868034406,-0.058288109868034406,-0.058288109868034406,-0.06552314109060799,-0.06552314109060799,-0.06552314109060799,0.0,0.0,0.0,186.2734756159195,185.6229807908593,1
2842,2025-10-19,186.5695965762317,175.07633784034226,196.3202434657548,178.80192596049028,193.19775982235507,-0.12740731155883925,-0.12740731155883925,-0.12740731155883925,-0.05828807237455447,-0.05828807237455447,-0.05828807237455447,-0.06911923918428475,-0.06911923918428475,-0.06911923918428475,0.0,0.0,0.0,186.44218926467286,185.7734154803872,1
2843,2025-10-20,186.74190628558515,175.9450721097032,196.8499422213874,178.93040419364814,193.41690449405087,-0.0014507828187685355,-0.0014507828187685355,-0.0014507828187685355,0.06302283964502088,0.06302283964502088,0.06302283964502088,-0.06447362246378942,-0.06447362246378942,-0.06447362246378942,0.0,0.0,0.0,186.74045550276637,185.9397660807978,1
2844,2025-10-21,186.91421599493873,176.12818842785947,196.6253732849745,179.06065016744154,193.62136294261396,-0.0060289006511153875,-0.0060289006511153875,-0.0060289006511153875,0.04431353265982596,0.04431353265982596,0.04431353265982596,-0.05034243331094134,-0.05034243331094134,-0.05034243331094134,0.0,0.0,0.0,186.90818709428763,186.11250744303018,1
2845,2025-10-22,187.08652570429206,176.36759891522834,196.84839400580756,179.19180442776982,193.8088082089854,-0.05908665338821055,-0.05908665338821055,-0.05908665338821055,-0.033337252191132885,-0.033337252191132885,-0.033337252191132885,-0.025749401197077658,-0.025749401197077658,-0.025749401197077658,0.0,0.0,0.0,187.02743905090384,186.28119005575883,1
2846,2025-10-23,187.2588354136456,176.5242238351694,198.007378284889,179.32831944855374,193.99413378974972,0.048636202535448134,0.048636202535448134,0.048636202535448134,0.03864826539193365,0.03864826539193365,0.03864826539193365,0.00998793714351448,0.00998793714351448,0.00998793714351448,0.0,0.0,0.0,187.30747161618106,186.45020503305594,1
2847,2025-10-24,187.4311451229992,176.87722906553708,198.1212586662783,179.47318530462113,194.18248503923152,0.06116867378592166,0.06116867378592166,0.06116867378592166,0.003928796736806174,0.003928796736806174,0.003928796736806174,0.05723987704911548,0.05723987704911548,0.05723987704911548,0.0,0.0,0.0,187.4923137967851,186.6242912031289,1
2848,2025-10-25,187.6034548323525,176.81682964997253,197.43089092392307,179.61805116068825,194.40190095656052,0.05776626312351734,0.05776626312351734,0.05776626312351734,-0.05828810986803495,-0.05828810986803495,-0.05828810986803495,0.11605437299155229,0.11605437299155229,0.11605437299155229,0.0,0.0,0.0,187.661221095476,186.8078100123102,1
2849,2025-10-26,187.77576454170608,176.64635951817036,197.78630278125925,179.75830448103213,194.6089287197836,0.1278670936212151,0.1278670936212151,0.1278670936212151,-0.058288072374452514,-0.058288072374452514,-0.058288072374452514,0.18615516599566762,0.18615516599566762,0.18615516599566762,0.0,0.0,0.0,187.9036316353273,186.99301273936004,1
2850,2025-10-27,187.94807425105952,177.11762220359574,197.98560497101397,179.88795584769608,194.80189464851932,0.32997094981785974,0.32997094981785974,0.32997094981785974,0.06302283964503902,0.06302283964503902,0.06302283964503902,0.2669481101728207,0.2669481101728207,0.2669481101728207,0.0,0.0,0.0,188.2780452008774,187.2034429873197,1
2851,2025-10-28,188.12038396041297,177.53300599343933,197.9983336816006,180.01760721436003,194.99409822954559,0.4018489231730692,0.4018489231730692,0.4018489231730692,0.04431353266012779,0.04431353266012779,0.04431353266012779,0.35753539051294136,0.35753539051294136,0.35753539051294136,0.0,0.0,0.0,188.52223288358604,187.42831871408637,1
2852,2025-10-29,188.29269366976655,177.23289189603224,198.90182976178676,180.14725858102415,195.20238648053055,0.4233998778310606,0.4233998778310606,0.4233998778310606,-0.03333725219124865,-0.03333725219124865,-0.03333725219124865,0.4567371300223092,0.4567371300223092,0.4567371300223092,0.0,0.0,0.0,188.7160935475976,187.65570914237884,1
2853,2025-10-30,188.46500337912,177.44754182647597,198.65644560235313,180.2769099476881,195.39906526959012,0.6017679729446682,0.6017679729446682,0.6017679729446682,0.03864826539203251,0.03864826539203251,0.03864826539203251,0.5631197075526356,0.5631197075526356,0.5631197075526356,0.0,0.0,0.0,189.06677135206465,187.88834072730864,1
2854,2025-10-31,188.63731308847358,178.27592237555004,198.8099932994047,180.40656131435216,195.57217149123537,0.6789587492545914,0.6789587492545914,0.6789587492545914,0.0039287967367447755,0.0039287967367447755,0.0039287967367447755,0.6750299525178467,0.6750299525178467,0.6750299525178467,0.0,0.0,0.0,189.31627183772818,188.12914920165272,1
2855,2025-11-01,188.80962279782688,178.01176101288232,199.2352234972183,180.536212681016,195.75813618915828,0.7323461428117969,0.7323461428117969,0.7323461428117969,-0.05828810986809712,-0.05828810986809712,-0.05828810986809712,0.790634252679894,0.790634252679894,0.790634252679894,0.0,0.0,0.0,189.54196894063867,188.38060219062618,1
2856,2025-11-02,188.98193250718046,178.42152387480812,199.9745775569587,180.6671412679144,195.97894460723566,0.8496734367677884,0.8496734367677884,0.8496734367677884,-0.05828807237478404,-0.05828807237478404,-0.05828807237478404,0.9079615091425725,0.9079615091425725,0.9079615091425725,0.0,0.0,0.0,189.83160594394826,188.63301562340294,1
2857,2025-11-03,189.15424221653402,179.37587633327246,200.53677354077016,180.79821144209777,196.19975302531302,1.087971640226422,1.087971640226422,1.087971640226422,0.06302283964517953,0.06302283964517953,0.06302283964517953,1.0249488005812426,1.0249488005812426,1.0249488005812426,0.0,0.0,0.0,190.24221385676043,188.90800562940046,1
2858,2025-11-04,189.32655192588734,179.7045747634183,201.2578448752179,180.925901618076,196.42056144339008,1.183802110404622,1.183802110404622,1.183802110404622,0.044313532660093746,0.044313532660093746,0.044313532660093746,1.139488577744528,1.139488577744528,1.139488577744528,0.0,0.0,0.0,190.51035403629197,189.19291892348207,1
2859,2025-11-05,189.49886163524093,179.47194856877476,201.493377442178,181.05481814767208,196.6413698614675,1.2161389474855442,1.2161389474855442,1.2161389474855442,-0.03333725219118252,-0.03333725219118252,-0.03333725219118252,1.2494761996767267,1.2494761996767267,1.2494761996767267,0.0,0.0,0.0,190.71500058272647,189.47405581822198,1
2860,2025-11-06,189.67117134459437,179.276818928775,200.7514135564429,181.18446951433603,196.87920659829342,1.3915049097292131,1.3915049097292131,1.3915049097292131,0.038648265392040373,0.038648265392040373,0.038648265392040373,1.3528566443371728,1.3528566443371728,1.3528566443371728,0.0,0.0,0.0,191.06267625432358,189.75251892356658,1
2861,2025-11-07,189.84348105394793,180.08545783418464,201.82144888158928,181.3141208810001,197.0822890172352,1.4515980737380385,1.4515980737380385,1.4515980737380385,0.003928796736692348,0.003928796736692348,0.003928796736692348,1.4476692770013462,1.4476692770013462,1.4476692770013462,0.0,0.0,0.0,191.29507912768597,190.02980354797657,1
2862,2025-11-08,190.01579076330125,179.74277190567,202.05725137233745,181.44377224766393,197.30179160757422,1.4738015280021857,1.4738015280021857,1.4738015280021857,-0.058288109867894164,-0.058288109867894164,-0.058288109867894164,1.5320896378700801,1.5320896378700801,1.5320896378700801,0.0,0.0,0.0,191.48959229130344,190.30715342234717,1
2863,2025-11-09,190.1881004726548,180.54215973733344,202.26715755674167,181.573423614328,197.5212941979135,1.546179240526597,1.546179240526597,1.546179240526597,-0.05828807237468209,-0.05828807237468209,-0.05828807237468209,1.6044673129012792,1.6044673129012792,1.6044673129012792,0.0,0.0,0.0,191.7342797131814,190.57390425845884,1
2864,2025-11-10,190.3604101820084,181.13466113302553,202.404860728351,181.6872387180329,197.7407967882528,1.7263819152284892,1.7263819152284892,1.7263819152284892,0.06302283964507531,0.06302283964507531,0.06302283964507531,1.6633590755834138,1.6633590755834138,1.6633590755834138,0.0,0.0,0.0,192.0867920972369,190.8509562844097,1
2865,2025-11-11,190.53271989136172,181.20179756376643,202.8749400565671,181.8148896343379,197.9602993785918,1.7518701610449703,1.7518701610449703,1.7518701610449703,0.044313532659941327,0.044313532659941327,0.044313532659941327,1.707556628385029,1.707556628385029,1.707556628385029,0.0,0.0,0.0,192.28459005240668,191.1252183955865,1
2866,2025-11-12,190.70502960071528,181.48526477526335,202.48444627177378,181.9460438946664,198.10865127123128,1.7027711744781049,1.7027711744781049,1.7027711744781049,-0.033337252191275604,-0.033337252191275604,-0.033337252191275604,1.7361084266693803,1.7361084266693803,1.7361084266693803,0.0,0.0,0.0,192.40780077519338,191.38283787871103,1
2867,2025-11-13,190.87733931006872,181.674962512462,202.734776135977,182.0134363444457,198.32937983978903,1.7869834959000974,1.7869834959000974,1.7869834959000974,0.038648265391856895,0.038648265391856895,0.038648265391856895,1.7483352305082402,1.7483352305082402,1.7483352305082402,0.0,0.0,0.0,192.66432280596882,191.62504877363185,1
2868,2025-11-14,191.0496490194223,181.6566638238277,203.1550056605778,182.14669642466168,198.56477392890284,1.7477679932576884,1.7477679932576884,1.7477679932576884,0.003928796736630955,0.003928796736630955,0.003928796736630955,1.7438391965210576,1.7438391965210576,1.7438391965210576,0.0,0.0,0.0,192.79741701268,191.85375507127065,1
2869,2025-11-15,191.22195872877575,181.43119379499672,203.21710407862793,182.2934796287178,198.76293292044906,1.6642183782012665,1.6642183782012665,1.6642183782012665,-0.05828810986795633,-0.05828810986795633,-0.05828810986795633,1.7225064880692227,1.7225064880692227,1.7225064880692227,0.0,0.0,0.0,192.88617710697702,192.07087272369571,1
2870,2025-11-16,191.3942684381292,181.76188291343678,203.7028022365828,182.4081339726115,198.9601329810551,1.6262154710607448,1.6262154710607448,1.6262154710607448,-0.05828807237458014,-0.05828807237458014,-0.05828807237458014,1.6845035434353248,1.6845035434353248,1.6845035434353248,0.0,0.0,0.0,193.02048390918992,192.26665348918235,1
2871,2025-11-17,191.56657814748277,181.7428029937318,203.68852951927707,182.5265027674269,199.15733304166122,1.693290133579889,1.693290133579889,1.693290133579889,0.06302283964521581,0.06302283964521581,0.06302283964521581,1.6302672939346727,1.6302672939346727,1.6302672939346727,0.0,0.0,0.0,193.25986828106267,192.46313240452002,1
2872,2025-11-18,191.73888785683607,181.46517335489702,204.26662735726293,182.66765814463403,199.35453310226706,1.60480329614581,1.60480329614581,1.60480329614581,0.044313532659907305,0.044313532659907305,0.044313532659907305,1.5604897634859025,1.5604897634859025,1.5604897634859025,0.0,0.0,0.0,193.34369115298188,192.64854229068789,1
2873,2025-11-19,191.91119756618966,182.2994189179634,203.5870063144917,182.78621693686574,199.55173316287318,1.4427603525166157,1.4427603525166157,1.4427603525166157,-0.03333725219120948,-0.03333725219120948,-0.03333725219120948,1.476097604707825,1.476097604707825,1.476097604707825,0.0,0.0,0.0,193.35395791870627,192.81051011124038,1
2874,2025-11-20,192.08350727554324,182.7781586451267,204.27229647992726,182.91118184400995,199.7615164327332,1.4168754968223405,1.4168754968223405,1.4168754968223405,0.038648265391910255,0.038648265391910255,0.038648265391910255,1.3782272314304302,1.3782272314304302,1.3782272314304302,0.0,0.0,0.0,193.50038277236558,192.95186917875324,1
2875,2025-11-21,192.25581698489668,181.70779891181132,204.1744589813931,183.04631288884306,199.97706297478385,1.2721250881566524,1.2721250881566524,1.2721250881566524,0.003928796736587488,0.003928796736587488,0.003928796736587488,1.2681962914200648,1.2681962914200648,1.2681962914200648,0.0,0.0,0.0,193.52794207305334,193.0762043808179,1
2876,2025-11-22,192.42812669425012,181.14658728752946,205.0619188787869,183.18144393367615,200.1926095168345,1.089184174823467,1.089184174823467,1.089184174823467,-0.05828810986801851,-0.05828810986801851,-0.05828810986801851,1.1474722846914853,1.1474722846914853,1.1474722846914853,0.0,0.0,0.0,193.51731086907358,193.1871553902059,1
2877,2025-11-23,192.60043640360357,181.71161685329034,204.8444375920511,183.31657497850924,200.4081560588852,0.9593510987898899,0.9593510987898899,0.9593510987898899,-0.0582880723745803,-0.0582880723745803,-0.0582880723745803,1.0176391711644701,1.0176391711644701,1.0176391711644701,0.0,0.0,0.0,193.55978750239345,193.27670185984837,1
2878,2025-11-24,192.77274611295715,182.1303519450187,204.82281944969523,183.45170602334247,200.61575113560204,0.9433856661290925,0.9433856661290925,0.9433856661290925,0.06302283964498064,0.06302283964498064,0.06302283964498064,0.8803628264841119,0.8803628264841119,0.8803628264841119,0.0,0.0,0.0,193.71613177908625,193.368573336489,1
2879,2025-11-25,192.94505582231045,182.3792728135367,204.6256437097593,183.5868370681754,200.82106039583905,0.7816697297120776,0.7816697297120776,0.7816697297120776,0.044313532659754885,0.044313532659754885,0.044313532659754885,0.7373561970523227,0.7373561970523227,0.7373561970523227,0.0,0.0,0.0,193.72672555202251,193.45262818099354,1
2880,2025-11-26,193.11736553166403,181.92414082552347,204.75027008992205,183.72196811300864,201.02636965607633,0.55700772365316,0.55700772365316,0.55700772365316,-0.0333372521912343,-0.0333372521912343,-0.0333372521912343,0.5903449758443943,0.5903449758443943,0.5903449758443943,0.0,0.0,0.0,193.6743732553172,193.51801711560628,1
2881,2025-11-27,193.2896752410176,181.78285963643816,204.78483303733597,183.8480699751738,201.2316789163136,0.479682836465457,0.479682836465457,0.479682836465457,0.038648265391963615,0.038648265391963615,0.038648265391963615,0.4410345710734935,0.4410345710734935,0.4410345710734935,0.0,0.0,0.0,193.76935807748305,193.5689660952483,1
